19|ROMANIA|62|19|11115.84|0.04|62|45026|45026|160|160|13
24|UNITED STATES|55|24|63571.62|0.05|55|45026|45026|160|160|13
14|KENYA|47|14|49552.92|0.1|47|45026|45026|160|160|13
22|RUSSIA|16|22|6222.6|0.02|16|19814|19814|160|160|13
7|GERMANY|44|7|69424.0|0.06|44|10752|10752|160|160|13
21|VIETNAM|26|21|45445.14|0.03|26|10752|10752|160|160|13
4|EGYPT|67|4|50034.88|0.08|67|10752|10752|160|160|13
12|JAPAN|43|12|26029.62|0.09|43|10752|10752|160|160|13
14|KENYA|6|14|25900.08|0.1|6|21444|21444|160|160|13
10|IRAN|9|10|27688.24|0.07|9|21444|21444|160|160|13
16|MOZAMBIQUE|58|16|63578.51|0.1|58|21444|21444|160|160|13
15|MOROCCO|14|15|39353.37|0.04|14|21444|21444|160|160|13
14|KENYA|76|14|47293.52|0.09|76|21444|21444|160|160|13
2|BRAZIL|21|2|17403.9|0.05|21|21444|21444|160|160|13
17|PERU|8|17|24916.79|0.1|8|43942|43942|160|160|13
7|GERMANY|77|7|52367.87|0.08|77|43942|43942|160|160|13
7|GERMANY|44|7|3955.23|0.1|44|43942|43942|160|160|13
14|KENYA|48|14|31545.84|0.05|48|43942|43942|160|160|13
21|VIETNAM|26|21|63931.32|0.02|26|43942|43942|160|160|13
4|EGYPT|69|4|32722.38|0.07|69|43942|43942|160|160|13
17|PERU|57|17|28730.6|0.03|57|43942|43942|160|160|13
9|INDONESIA|51|9|67784.22|0.1|51|24900|24900|160|160|13
7|GERMANY|33|7|47379.84|0.09|33|24900|24900|160|160|13
23|UNITED KINGDOM|32|23|39981.7|0.08|32|24900|24900|160|160|13
19|ROMANIA|17|19|33300.72|0.04|17|24900|24900|160|160|13
16|MOZAMBIQUE|30|16|53046.35|0.02|30|24900|24900|160|160|13
9|INDONESIA|51|9|52225.2|0.08|51|3042|3042|160|160|13
0|ALGERIA|28|0|24308.03|0.02|28|3042|3042|160|160|13
24|UNITED STATES|19|24|16369.64|0.06|19|42594|42594|160|160|13
8|INDIA|39|8|55424.28|0.07|39|42594|42594|160|160|13
16|MOZAMBIQUE|31|16|66771.5|0.04|31|42594|42594|160|160|13
17|PERU|1|17|6101.6|0.1|1|23522|23522|145|145|13
11|IRAQ|5|11|57813.76|0.02|5|23522|23522|145|145|13
0|ALGERIA|37|0|3744.12|0.08|37|23522|23522|145|145|13
22|RUSSIA|25|22|31250.06|0.03|25|23522|23522|145|145|13
16|MOZAMBIQUE|58|16|50988.6|0.04|58|23522|23522|145|145|13
24|UNITED STATES|64|24|42029.12|0.01|64|23522|23522|145|145|13
19|ROMANIA|52|19|20122.0|0.1|52|23522|23522|145|145|13
23|UNITED KINGDOM|7|23|22097.27|0.02|7|23941|23941|145|145|13
7|GERMANY|77|7|90353.06|0.03|77|23941|23941|145|145|13
1|ARGENTINA|71|1|30401.6|0.04|71|23941|23941|145|145|13
22|RUSSIA|16|22|5581.05|0.04|16|23941|23941|145|145|13
16|MOZAMBIQUE|30|16|9376.01|0.05|30|23941|23941|145|145|13
5|ETHIOPIA|2|5|45129.68|0.08|2|23941|23941|145|145|13
6|FRANCE|70|6|11325.15|0.05|70|11138|11138|145|145|13
4|EGYPT|67|4|51855.6|0.06|67|11138|11138|145|145|13
24|UNITED STATES|64|24|76977.6|0.07|64|11138|11138|145|145|13
14|KENYA|47|14|16000.05|0.08|47|26851|26851|145|145|13
22|RUSSIA|25|22|7415.8|0.03|25|26851|26851|145|145|13
18|CHINA|75|18|3549.74|0.0|75|26851|26851|145|145|13
8|INDIA|61|8|1405.5|0.07|61|31362|31362|145|145|13
10|IRAN|34|10|39936.87|0.07|34|31362|31362|145|145|13
16|MOZAMBIQUE|73|16|17222.87|0.05|73|18691|18691|530|530|13
7|GERMANY|44|7|36977.1|0.1|44|43876|43876|530|530|13
8|INDIA|61|8|71781.24|0.07|61|43876|43876|530|530|13
10|IRAN|9|10|33159.62|0.08|9|43876|43876|530|530|13
4|EGYPT|69|4|9179.65|0.05|69|43876|43876|530|530|13
14|KENYA|47|14|34407.99|0.03|47|43876|43876|530|530|13
23|UNITED KINGDOM|32|23|54633.96|0.01|32|43876|43876|530|530|13
5|ETHIOPIA|2|5|25815.72|0.04|2|43876|43876|530|530|13
21|VIETNAM|80|21|7832.56|0.06|80|35107|35107|530|530|13
1|ARGENTINA|29|1|50109.52|0.06|29|35107|35107|530|530|13
4|EGYPT|69|4|75048.96|0.04|69|30626|30626|530|530|13
4|EGYPT|67|4|49186.82|0.0|67|30626|30626|530|530|13
24|UNITED STATES|64|24|31624.06|0.01|64|30626|30626|530|530|13
16|MOZAMBIQUE|30|16|57871.91|0.04|30|30626|30626|530|530|13
4|EGYPT|38|4|26979.04|0.01|38|18214|18214|530|530|13
7|GERMANY|77|7|1902.1|0.07|77|45671|45671|530|530|13
0|ALGERIA|37|0|46484.95|0.08|37|45671|45671|530|530|13
16|MOZAMBIQUE|56|16|11500.24|0.01|56|45671|45671|530|530|13
12|JAPAN|43|12|1463.56|0.08|43|45671|45671|530|530|13
9|INDONESIA|51|9|32096.27|0.05|51|44962|44962|2|2|13
0|ALGERIA|24|0|4135.41|0.03|24|44962|44962|2|2|13
16|MOZAMBIQUE|58|16|50977.65|0.04|58|14947|14947|2|2|13
15|MOROCCO|14|15|46084.17|0.08|14|14947|14947|2|2|13
4|EGYPT|69|4|58049.56|0.06|69|14947|14947|2|2|13
10|IRAN|34|10|16103.5|0.09|34|14947|14947|2|2|13
4|EGYPT|22|4|30335.34|0.08|22|20257|20257|2|2|13
17|PERU|57|17|46947.36|0.1|57|20257|20257|2|2|13
16|MOZAMBIQUE|56|16|1071.17|0.03|56|20257|20257|2|2|13
18|CHINA|27|18|44272.71|0.1|27|20257|20257|2|2|13
16|MOZAMBIQUE|30|16|35426.88|0.05|30|20257|20257|2|2|13
4|EGYPT|67|4|47480.6|0.1|67|24416|24416|2|2|13
14|KENYA|76|14|28955.64|0.01|76|24416|24416|2|2|13
14|KENYA|6|14|48514.96|0.05|6|29574|29574|2|2|13
8|INDIA|60|8|10961.52|0.01|60|29574|29574|2|2|13
23|UNITED KINGDOM|32|23|5490.95|0.07|32|29574|29574|2|2|13
3|CANADA|20|3|57239.64|0.03|20|29574|29574|2|2|13
23|UNITED KINGDOM|7|23|6517.21|0.0|7|38276|38276|2|2|13
11|IRAQ|5|11|46093.68|0.02|5|38276|38276|2|2|13
3|CANADA|13|3|62662.05|0.06|13|38276|38276|2|2|13
2|BRAZIL|21|2|49003.54|0.06|21|38276|38276|2|2|13
14|KENYA|76|14|12473.4|0.05|76|38276|38276|2|2|13
16|MOZAMBIQUE|56|16|20864.44|0.09|56|38339|38339|893|893|13
12|JAPAN|54|12|46052.72|0.06|54|38339|38339|893|893|13
4|EGYPT|38|4|46866.54|0.08|38|38339|38339|893|893|13
17|PERU|8|17|50795.04|0.04|8|34051|34051|211|211|13
7|GERMANY|44|7|49271.04|0.07|44|34051|34051|211|211|13
7|GERMANY|44|7|43769.88|0.08|44|34051|34051|211|211|13
5|ETHIOPIA|78|5|42745.87|0.02|78|34051|34051|211|211|13
9|INDONESIA|45|9|15977.4|0.0|45|34051|34051|211|211|13
0|ALGERIA|28|0|6054.44|0.04|28|34051|34051|211|211|13
8|INDIA|39|8|47240.1|0.1|39|34051|34051|211|211|13
18|CHINA|11|18|41137.74|0.08|11|15171|15171|365|365|24
14|KENYA|79|14|63129.69|0.0|79|26976|26976|365|365|24
21|VIETNAM|35|21|32384.75|0.05|35|26976|26976|365|365|24
1|ARGENTINA|29|1|40262.66|0.0|29|26976|26976|365|365|24
24|UNITED STATES|10|24|48470.46|0.03|10|26976|26976|365|365|24
24|UNITED STATES|64|24|75454.65|0.03|64|26976|26976|365|365|24
7|GERMANY|53|7|20704.97|0.07|53|26976|26976|365|365|24
5|ETHIOPIA|2|5|49982.13|0.05|2|26976|26976|365|365|24
14|KENYA|6|14|19789.14|0.0|6|15648|15648|421|421|13
17|PERU|1|17|61565.6|0.03|1|15648|15648|421|421|13
17|PERU|59|17|40182.87|0.09|59|15648|15648|421|421|13
2|BRAZIL|21|2|22116.15|0.09|21|15648|15648|421|421|13
22|RUSSIA|16|22|51744.13|0.07|16|15648|15648|421|421|13
24|UNITED STATES|49|24|52284.32|0.0|49|15648|15648|421|421|13
16|MOZAMBIQUE|31|16|11400.6|0.08|31|15648|15648|421|421|13
17|PERU|8|17|64660.64|0.07|8|12806|12806|421|421|13
4|EGYPT|22|4|26341.35|0.01|22|12806|12806|421|421|13
8|INDIA|61|8|18499.88|0.08|61|12806|12806|421|421|13
24|UNITED STATES|19|24|1862.96|0.0|19|12806|12806|421|421|13
2|BRAZIL|21|2|51387.35|0.04|21|12806|12806|421|421|13
19|ROMANIA|52|19|3456.75|0.0|52|12806|12806|421|421|13
9|INDONESIA|50|9|8739.63|0.01|50|30304|30304|421|421|13
8|INDIA|15|8|18752.8|0.07|15|30304|30304|421|421|13
21|VIETNAM|26|21|19864.9|0.05|26|30304|30304|421|421|13
16|MOZAMBIQUE|58|16|45897.67|0.0|58|30304|30304|421|421|13
16|MOZAMBIQUE|18|16|9714.48|0.02|18|30304|30304|421|421|13
18|CHINA|27|18|17518.9|0.09|27|30304|30304|421|421|13
21|VIETNAM|68|21|17678.6|0.06|68|39623|39623|421|421|13
3|CANADA|13|3|27002.43|0.09|13|39623|39623|421|421|13
9|INDONESIA|45|9|70923.36|0.05|45|39623|39623|421|421|13
23|UNITED KINGDOM|32|23|26383.35|0.09|32|39623|39623|421|421|13
24|UNITED STATES|10|24|3249.54|0.04|10|39623|39623|421|421|13
12|JAPAN|54|12|31483.15|0.03|54|39623|39623|421|421|13
3|CANADA|20|3|15702.72|0.1|20|39623|39623|421|421|13
14|KENYA|6|14|51316.72|0.08|6|12193|12193|641|641|24
11|IRAQ|5|11|15523.38|0.02|5|12193|12193|641|641|24
21|VIETNAM|35|21|50944.25|0.04|35|12193|12193|641|641|24
19|ROMANIA|52|19|22410.36|0.05|52|12193|12193|641|641|24
21|VIETNAM|80|21|55094.4|0.09|80|44256|44256|176|176|13
11|IRAQ|5|11|44399.36|0.04|5|44256|44256|176|176|13
10|IRAN|9|10|52310.65|0.03|9|44256|44256|176|176|13
4|EGYPT|69|4|9080.0|0.0|69|44256|44256|176|176|13
12|JAPAN|54|12|66554.84|0.0|54|44256|44256|176|176|13
4|EGYPT|38|4|19648.47|0.07|38|44256|44256|176|176|13
0|ALGERIA|37|0|56024.86|0.08|37|17094|17094|176|176|13
16|MOZAMBIQUE|58|16|20266.26|0.04|58|17094|17094|176|176|13
5|ETHIOPIA|78|5|51222.94|0.1|78|17094|17094|176|176|13
22|RUSSIA|65|22|32974.74|0.01|65|17094|17094|176|176|13
24|UNITED STATES|49|24|85693.16|0.08|49|17094|17094|176|176|13
22|RUSSIA|16|22|25903.25|0.03|16|17094|17094|176|176|13
16|MOZAMBIQUE|30|16|16548.0|0.01|30|17094|17094|176|176|13
9|INDONESIA|50|9|30172.0|0.02|50|36738|36738|176|176|13
0|ALGERIA|24|0|40471.92|0.09|24|36738|36738|176|176|13
9|INDONESIA|45|9|31226.94|0.01|45|36738|36738|176|176|13
16|MOZAMBIQUE|56|16|35626.44|0.02|56|36738|36738|176|176|13
16|MOZAMBIQUE|31|16|38816.91|0.06|31|36738|36738|176|176|13
16|MOZAMBIQUE|30|16|16172.01|0.08|30|36738|36738|176|176|13
17|PERU|1|17|52670.24|0.04|1|22276|22276|176|176|13
4|EGYPT|22|4|47052.0|0.09|22|22276|22276|176|176|13
24|UNITED STATES|19|24|31389.8|0.05|19|22276|22276|176|176|13
16|MOZAMBIQUE|18|16|43055.74|0.1|18|22276|22276|176|176|13
1|ARGENTINA|29|1|26450.6|0.03|29|22276|22276|176|176|13
14|KENYA|76|14|38390.75|0.02|76|22276|22276|176|176|13
4|EGYPT|38|4|5414.7|0.04|38|22276|22276|176|176|13
23|UNITED KINGDOM|7|23|27173.64|0.08|7|29954|29954|176|176|13
22|RUSSIA|40|22|41162.94|0.07|40|29954|29954|176|176|13
8|INDIA|15|8|12199.05|0.03|15|29954|29954|176|176|13
14|KENYA|48|14|69948.48|0.0|48|29954|29954|176|176|13
19|ROMANIA|17|19|4980.45|0.04|17|29954|29954|176|176|13
18|CHINA|75|18|17443.04|0.1|75|29954|29954|176|176|13
5|ETHIOPIA|2|5|17985.24|0.09|2|29954|29954|176|176|13
21|VIETNAM|35|21|65387.07|0.05|35|28194|28194|583|583|13
4|EGYPT|38|4|17061.33|0.08|38|28194|28194|583|583|13
24|UNITED STATES|49|24|33786.25|0.03|49|28194|28194|583|583|13
18|CHINA|11|18|15590.77|0.01|11|24259|24259|583|583|13
12|JAPAN|54|12|36620.64|0.02|54|24259|24259|583|583|13
19|ROMANIA|17|19|53080.0|0.02|17|24259|24259|583|583|13
16|MOZAMBIQUE|58|16|33467.49|0.07|58|30244|30244|583|583|13
22|RUSSIA|25|22|2730.92|0.08|25|30244|30244|583|583|13
23|UNITED KINGDOM|32|23|6270.64|0.09|32|30244|30244|583|583|13
8|INDIA|39|8|30785.79|0.1|39|30244|30244|583|583|13
23|UNITED KINGDOM|7|23|54148.5|0.04|7|37826|37826|583|583|13
14|KENYA|6|14|33454.27|0.08|6|37826|37826|583|583|13
9|INDONESIA|51|9|8393.12|0.07|51|37826|37826|583|583|13
21|VIETNAM|26|21|8176.96|0.08|26|37826|37826|583|583|13
4|EGYPT|67|4|47374.75|0.06|67|37826|37826|583|583|13
10|IRAN|34|10|22704.48|0.02|34|37826|37826|583|583|13
4|EGYPT|22|4|26813.04|0.07|22|21314|21314|583|583|13
18|CHINA|72|18|23641.12|0.0|72|21314|21314|583|583|13
5|ETHIOPIA|78|5|32963.84|0.06|78|21314|21314|583|583|13
22|RUSSIA|40|22|27602.61|0.07|40|1637|1637|583|583|13
17|PERU|59|17|10741.7|0.02|59|1637|1637|583|583|13
14|KENYA|48|14|77796.32|0.02|48|1637|1637|583|583|13
12|JAPAN|54|12|23325.75|0.05|54|1637|1637|583|583|13
19|ROMANIA|52|19|68995.08|0.06|52|1637|1637|583|583|13
19|ROMANIA|52|19|67331.06|0.02|52|1637|1637|583|583|13
20|SAUDI ARABIA|74|20|1479.57|0.1|74|1637|1637|583|583|13
11|IRAQ|5|11|52868.16|0.08|5|11171|11171|583|583|13
14|KENYA|48|14|31780.0|0.08|48|11171|11171|583|583|13
17|PERU|8|17|28086.03|0.06|8|19108|19108|583|583|13
16|MOZAMBIQUE|18|16|18253.98|0.05|18|19108|19108|583|583|13
18|CHINA|75|18|56076.48|0.02|75|19108|19108|583|583|13
3|CANADA|20|3|26156.29|0.04|20|19108|19108|583|583|13
24|UNITED STATES|64|24|19020.9|0.1|64|39206|39206|583|583|13
0|ALGERIA|28|0|17082.72|0.04|28|24129|24129|386|386|24
9|INDONESIA|51|9|57554.86|0.05|51|35937|35937|386|386|24
19|ROMANIA|62|19|72989.76|0.09|62|35937|35937|386|386|24
4|EGYPT|22|4|55709.64|0.09|22|35937|35937|386|386|24
4|EGYPT|69|4|23705.6|0.1|69|35937|35937|386|386|24
3|CANADA|13|3|2634.82|0.06|13|35937|35937|386|386|24
24|UNITED STATES|19|24|48543.84|0.01|19|35937|35937|386|386|24
18|CHINA|41|18|27929.13|0.07|41|35937|35937|386|386|24
7|GERMANY|44|7|43685.88|0.08|44|2818|2818|386|386|24
6|FRANCE|70|6|32836.98|0.06|70|2818|2818|386|386|24
15|MOROCCO|14|15|11387.04|0.06|14|2818|2818|386|386|24
21|VIETNAM|68|21|38985.92|0.08|68|2818|2818|386|386|24
21|VIETNAM|35|21|13797.85|0.01|35|2818|2818|386|386|24
2|BRAZIL|21|2|22379.52|0.1|21|2818|2818|386|386|24
18|CHINA|72|18|17394.88|0.04|72|22019|22019|482|482|13
3|CANADA|13|3|53330.94|0.08|13|22019|22019|482|482|13
8|INDIA|15|8|46748.45|0.02|15|16388|16388|482|482|13
24|UNITED STATES|19|24|14031.12|0.07|19|16388|16388|482|482|13
3|CANADA|13|3|56076.48|0.07|13|26277|26277|482|482|13
19|ROMANIA|17|19|21543.04|0.05|17|26277|26277|482|482|13
3|CANADA|13|3|27217.96|0.03|13|41446|41446|251|251|13
21|VIETNAM|80|21|45154.64|0.04|80|45921|45921|251|251|13
0|ALGERIA|24|0|56106.86|0.03|24|45921|45921|251|251|13
21|VIETNAM|80|21|66850.98|0.07|80|13280|13280|251|251|13
7|GERMANY|77|7|48268.07|0.05|77|13280|13280|251|251|13
17|PERU|8|17|16673.76|0.06|8|3936|3936|251|251|13
2|BRAZIL|21|2|33684.0|0.1|21|3936|3936|251|251|13
16|MOZAMBIQUE|30|16|54938.1|0.02|30|3936|3936|251|251|13
19|ROMANIA|52|19|24802.25|0.06|52|3936|3936|251|251|13
17|PERU|1|17|3099.39|0.1|1|43717|43717|251|251|13
1|ARGENTINA|3|1|82014.73|0.02|3|43717|43717|251|251|13
18|CHINA|27|18|65409.52|0.03|27|3046|3046|251|251|13
16|MOZAMBIQUE|31|16|61199.78|0.03|31|3046|3046|251|251|13
20|SAUDI ARABIA|74|20|28303.31|0.03|74|3046|3046|251|251|13
14|KENYA|6|14|42706.08|0.08|6|1765|1765|581|581|24
17|PERU|8|17|47461.95|0.01|8|41536|41536|581|581|24
8|INDIA|60|8|82796.85|0.09|60|41536|41536|581|581|24
17|PERU|59|17|55364.85|0.0|59|41536|41536|581|581|24
3|CANADA|13|3|44177.1|0.08|13|41536|41536|581|581|24
24|UNITED STATES|10|24|3579.76|0.08|10|41536|41536|581|581|24
4|EGYPT|38|4|24337.45|0.02|38|41536|41536|581|581|24
19|ROMANIA|62|19|48127.34|0.02|62|35494|35494|581|581|24
17|PERU|57|17|35882.57|0.01|57|35494|35494|581|581|24
22|RUSSIA|65|22|40151.66|0.03|65|35494|35494|581|581|24
18|CHINA|41|18|7512.19|0.02|41|35494|35494|581|581|24
17|PERU|8|17|64169.0|0.0|8|24486|24486|581|581|24
17|PERU|59|17|52724.8|0.04|59|24486|24486|581|581|24
22|RUSSIA|25|22|46299.87|0.09|25|24486|24486|581|581|24
23|UNITED KINGDOM|32|23|20021.6|0.1|32|24486|24486|581|581|24
4|EGYPT|38|4|12893.8|0.06|38|24486|24486|581|581|24
22|RUSSIA|16|22|55559.2|0.01|16|24486|24486|581|581|24
19|ROMANIA|52|19|12532.41|0.01|52|24486|24486|581|581|24
21|VIETNAM|80|21|75520.04|0.03|80|13831|13831|592|592|24
9|INDONESIA|51|9|22320.72|0.08|51|13831|13831|592|592|24
18|CHINA|72|18|33066.0|0.07|72|13831|13831|592|592|24
24|UNITED STATES|64|24|35277.2|0.03|64|13831|13831|592|592|24
18|CHINA|75|18|39030.56|0.08|75|13831|13831|592|592|24
16|MOZAMBIQUE|31|16|18799.92|0.01|31|13831|13831|592|592|24
22|RUSSIA|42|22|17550.72|0.06|42|23556|23556|592|592|24
1|ARGENTINA|3|1|27177.26|0.02|3|23556|23556|592|592|24
17|PERU|8|17|62225.45|0.03|8|27428|27428|592|592|24
4|EGYPT|67|4|45023.3|0.04|67|40039|40039|592|592|24
14|KENYA|6|14|32370.09|0.09|6|44418|44418|592|592|24
16|MOZAMBIQUE|58|16|38295.23|0.1|58|44418|44418|592|592|24
3|CANADA|13|3|44148.3|0.07|13|44418|44418|592|592|24
8|INDIA|39|8|70154.88|0.05|39|44418|44418|592|592|24
7|GERMANY|53|7|19281.35|0.07|53|44418|44418|592|592|24
19|ROMANIA|52|19|15768.83|0.04|52|44418|44418|592|592|24
11|IRAQ|5|11|2933.12|0.06|5|28099|28099|592|592|24
7|GERMANY|77|7|24097.67|0.08|77|28099|28099|592|592|24
14|KENYA|47|14|22124.0|0.1|47|28099|28099|592|592|24
4|EGYPT|67|4|18469.4|0.03|67|28099|28099|592|592|24
14|KENYA|76|14|41456.08|0.09|76|28099|28099|592|592|24
18|CHINA|27|18|24146.0|0.03|27|28099|28099|592|592|24
9|INDONESIA|23|9|25013.56|0.1|23|38595|38595|592|592|24
7|GERMANY|33|7|3276.57|0.07|33|25058|25058|592|592|24
18|CHINA|11|18|39017.72|0.05|11|25058|25058|592|592|24
9|INDONESIA|23|9|3387.58|0.02|23|25058|25058|592|592|24
15|MOROCCO|4|15|13630.4|0.07|4|25058|25058|592|592|24
8|INDIA|61|8|57423.49|0.02|61|24036|24036|791|791|13
17|PERU|59|17|34777.5|0.09|59|24036|24036|791|791|13
0|ALGERIA|24|0|88693.5|0.03|24|24036|24036|791|791|13
21|VIETNAM|35|21|3042.33|0.05|35|24036|24036|791|791|13
5|ETHIOPIA|63|5|4333.62|0.08|63|24036|24036|791|791|13
23|UNITED KINGDOM|66|23|9217.08|0.1|66|22564|22564|1057|1057|24
21|VIETNAM|80|21|18697.69|0.1|80|20611|20611|1057|1057|24
4|EGYPT|22|4|21206.72|0.01|22|45920|45920|1057|1057|24
17|PERU|57|17|38422.18|0.03|57|45920|45920|1057|1057|24
24|UNITED STATES|49|24|35110.8|0.09|49|45920|45920|1057|1057|24
22|RUSSIA|42|22|54093.76|0.02|42|45920|45920|1057|1057|24
1|ARGENTINA|3|1|75780.5|0.01|3|45920|45920|1057|1057|24
23|UNITED KINGDOM|7|23|17299.08|0.1|7|40710|40710|1057|1057|24
9|INDONESIA|51|9|32088.1|0.05|51|17185|17185|1057|1057|24
24|UNITED STATES|10|24|5129.4|0.1|10|17185|17185|1057|1057|24
19|ROMANIA|62|19|26260.56|0.07|62|47520|47520|1057|1057|24
8|INDIA|60|8|27076.98|0.0|60|47520|47520|1057|1057|24
11|IRAQ|5|11|20489.84|0.01|5|27203|27203|1057|1057|24
18|CHINA|11|18|11830.13|0.04|11|27203|27203|1057|1057|24
8|INDIA|60|8|44940.24|0.03|60|27203|27203|1057|1057|24
16|MOZAMBIQUE|18|16|75724.54|0.02|18|27203|27203|1057|1057|24
1|ARGENTINA|29|1|57685.74|0.1|29|27203|27203|1057|1057|24
19|ROMANIA|17|19|61929.36|0.1|17|27203|27203|1057|1057|24
8|INDIA|39|8|35246.52|0.06|39|27203|27203|1057|1057|24
23|UNITED KINGDOM|7|23|1706.8|0.0|7|27328|27328|1102|1102|24
7|GERMANY|33|7|16923.3|0.01|33|27328|27328|1102|1102|24
8|INDIA|61|8|46865.56|0.02|61|27328|27328|1102|1102|24
0|ALGERIA|37|0|41883.6|0.0|37|27328|27328|1102|1102|24
17|PERU|57|17|52526.7|0.05|57|27328|27328|1102|1102|24
17|PERU|1|17|6261.75|0.07|1|8133|8133|1102|1102|24
14|KENYA|47|14|19953.01|0.03|47|8133|8133|1102|1102|24
16|MOZAMBIQUE|58|16|36309.0|0.05|58|8133|8133|1102|1102|24
5|ETHIOPIA|78|5|35348.61|0.06|78|8133|8133|1102|1102|24
9|INDONESIA|23|9|49187.08|0.07|23|8133|8133|1102|1102|24
16|MOZAMBIQUE|18|16|60103.84|0.1|18|8133|8133|1102|1102|24
14|KENYA|6|14|42358.44|0.08|6|9345|9345|1102|1102|24
16|MOZAMBIQUE|56|16|29571.4|0.06|56|9345|9345|1102|1102|24
5|ETHIOPIA|78|5|17571.04|0.01|78|9345|9345|1102|1102|24
12|JAPAN|54|12|23593.12|0.03|54|9345|9345|1102|1102|24
14|KENYA|76|14|28709.26|0.02|76|9345|9345|1102|1102|24
9|INDONESIA|50|9|40013.4|0.07|50|20160|20160|1102|1102|24
22|RUSSIA|25|22|34082.83|0.06|25|20160|20160|1102|1102|24
12|JAPAN|43|12|44687.68|0.01|43|20160|20160|1102|1102|24
24|UNITED STATES|64|24|38272.77|0.05|64|20160|20160|1102|1102|24
19|ROMANIA|52|19|20069.42|0.06|52|20160|20160|1102|1102|24
0|ALGERIA|24|0|29885.86|0.03|24|36423|36423|1102|1102|24
14|KENYA|79|14|24466.4|0.1|79|47943|47943|58|58|13
18|CHINA|41|18|22425.32|0.08|41|47943|47943|58|58|13
20|SAUDI ARABIA|74|20|37032.12|0.04|74|30214|30214|58|58|13
19|ROMANIA|62|19|51263.94|0.09|62|9057|9057|58|58|13
4|EGYPT|22|4|17307.87|0.05|22|9057|9057|58|58|13
9|INDONESIA|50|9|26956.56|0.06|50|9057|9057|58|58|13
14|KENYA|76|14|72412.8|0.01|76|9057|9057|58|58|13
17|PERU|8|17|1028.12|0.01|8|41985|41985|58|58|13
23|UNITED KINGDOM|7|23|37825.92|0.07|7|41985|41985|58|58|13
21|VIETNAM|35|21|10362.44|0.03|35|41985|41985|58|58|13
24|UNITED STATES|49|24|49025.24|0.06|49|41985|41985|58|58|13
24|UNITED STATES|49|24|43581.84|0.02|49|41985|41985|58|58|13
5|ETHIOPIA|63|5|11748.48|0.04|63|41985|41985|58|58|13
1|ARGENTINA|3|1|56853.06|0.0|3|41985|41985|58|58|13
10|IRAN|34|10|8409.2|0.06|34|40835|40835|58|58|13
12|JAPAN|54|12|41755.78|0.09|54|40835|40835|58|58|13
22|RUSSIA|16|22|44329.98|0.04|16|40835|40835|58|58|13
16|MOZAMBIQUE|73|16|7132.6|0.03|73|20384|20384|58|58|13
0|ALGERIA|24|0|69486.39|0.03|24|20384|20384|58|58|13
17|PERU|57|17|8051.75|0.03|57|20384|20384|58|58|13
24|UNITED STATES|49|24|92347.0|0.07|49|20384|20384|58|58|13
22|RUSSIA|42|22|34571.51|0.06|42|20384|20384|58|58|13
24|UNITED STATES|64|24|2772.06|0.09|64|20384|20384|58|58|13
24|UNITED STATES|49|24|3381.58|0.05|49|22375|22375|58|58|13
22|RUSSIA|42|22|25867.8|0.03|42|22375|22375|58|58|13
5|ETHIOPIA|2|5|9177.92|0.06|2|22375|22375|58|58|13
14|KENYA|6|14|45818.21|0.07|6|25027|25027|58|58|13
7|GERMANY|44|7|19261.2|0.02|44|25027|25027|58|58|13
18|CHINA|11|18|40316.9|0.1|11|25027|25027|58|58|13
21|VIETNAM|68|21|39946.88|0.03|68|25027|25027|58|58|13
7|GERMANY|77|7|5089.48|0.1|77|10662|10662|1136|1136|24
18|CHINA|72|18|42595.41|0.07|72|10662|10662|1136|1136|24
17|PERU|59|17|46093.02|0.03|59|10662|10662|1136|1136|24
0|ALGERIA|37|0|69649.32|0.01|37|10662|10662|1136|1136|24
0|ALGERIA|28|0|31353.2|0.08|28|7139|7139|1136|1136|24
23|UNITED KINGDOM|66|23|33541.64|0.07|66|38950|38950|1136|1136|24
18|CHINA|11|18|34330.66|0.06|11|38950|38950|1136|1136|24
24|UNITED STATES|46|24|53474.26|0.04|46|38950|38950|1136|1136|24
23|UNITED KINGDOM|32|23|33497.28|0.1|32|38950|38950|1136|1136|24
1|ARGENTINA|3|1|19188.64|0.05|3|38950|38950|1136|1136|24
17|PERU|8|17|65803.92|0.08|8|12135|12135|1136|1136|24
23|UNITED KINGDOM|66|23|66453.84|0.1|66|12135|12135|1136|1136|24
21|VIETNAM|26|21|5631.1|0.05|26|12135|12135|1136|1136|24
4|EGYPT|69|4|43908.28|0.02|69|12135|12135|1136|1136|24
17|PERU|57|17|16613.76|0.04|57|12135|12135|1136|1136|24
24|UNITED STATES|19|24|49985.39|0.04|19|12135|12135|1136|1136|24
19|ROMANIA|52|19|7027.5|0.07|52|12135|12135|1136|1136|24
13|JORDAN|36|13|26718.39|0.06|36|38370|38370|619|619|24
0|ALGERIA|24|0|32276.31|0.06|24|38370|38370|619|619|24
24|UNITED STATES|49|24|42066.2|0.04|49|38370|38370|619|619|24
20|SAUDI ARABIA|74|20|53387.26|0.03|74|38370|38370|619|619|24
20|SAUDI ARABIA|74|20|47651.0|0.03|74|38370|38370|619|619|24
17|PERU|59|17|66711.54|0.0|59|2721|2721|619|619|24
9|INDONESIA|23|9|1844.04|0.02|23|2721|2721|619|619|24
10|IRAN|34|10|52817.8|0.05|34|8580|8580|619|619|24
16|MOZAMBIQUE|18|16|31789.51|0.01|18|8580|8580|619|619|24
22|RUSSIA|65|22|66851.1|0.09|65|8580|8580|619|619|24
19|ROMANIA|62|19|58589.38|0.03|62|3587|3587|619|619|24
9|INDONESIA|50|9|17490.6|0.06|50|3587|3587|619|619|24
1|ARGENTINA|29|1|39751.2|0.05|29|3587|3587|619|619|24
0|ALGERIA|28|0|34191.34|0.07|28|3587|3587|619|619|24
7|GERMANY|53|7|7377.85|0.09|53|3587|3587|619|619|24
16|MOZAMBIQUE|30|16|45650.4|0.0|30|3587|3587|619|619|24
16|MOZAMBIQUE|30|16|27997.44|0.01|30|3587|3587|619|619|24
16|MOZAMBIQUE|73|16|19476.96|0.1|73|5511|5511|619|619|24
3|CANADA|13|3|22357.61|0.1|13|5511|5511|619|619|24
9|INDONESIA|45|9|23992.22|0.02|45|5511|5511|619|619|24
5|ETHIOPIA|63|5|37674.61|0.09|63|5511|5511|619|619|24
16|MOZAMBIQUE|73|16|2967.24|0.03|73|31424|31424|619|619|24
10|IRAN|34|10|52198.77|0.02|34|31424|31424|619|619|24
14|KENYA|76|14|12424.32|0.03|76|31424|31424|619|619|24
0|ALGERIA|28|0|44966.74|0.07|28|31424|31424|619|619|24
24|UNITED STATES|49|24|23509.27|0.0|49|31424|31424|619|619|24
7|GERMANY|53|7|36177.9|0.09|53|31424|31424|619|619|24
22|RUSSIA|42|22|59754.39|0.01|42|31424|31424|619|619|24
7|GERMANY|77|7|24426.4|0.06|77|13954|13954|619|619|24
10|IRAN|9|10|4411.68|0.05|9|13954|13954|619|619|24
14|KENYA|47|14|22969.18|0.06|47|13954|13954|619|619|24
18|CHINA|41|18|75725.1|0.08|41|13954|13954|619|619|24
16|MOZAMBIQUE|73|16|5606.88|0.06|73|21248|21248|619|619|24
1|ARGENTINA|71|1|57248.52|0.01|71|21248|21248|619|619|24
8|INDIA|15|8|56329.5|0.06|15|21248|21248|619|619|24
14|KENYA|47|14|26679.12|0.03|47|21248|21248|619|619|24
1|ARGENTINA|29|1|36729.6|0.01|29|21248|21248|619|619|24
19|ROMANIA|17|19|53187.5|0.1|17|21248|21248|619|619|24
21|VIETNAM|26|21|35701.92|0.09|26|28071|28071|527|527|13
16|MOZAMBIQUE|58|16|38672.7|0.07|58|28071|28071|527|527|13
24|UNITED STATES|19|24|31158.5|0.1|19|28071|28071|527|527|13
1|ARGENTINA|71|1|54309.0|0.1|71|6086|6086|527|527|13
3|CANADA|13|3|9720.7|0.03|13|6086|6086|527|527|13
4|EGYPT|67|4|57374.05|0.05|67|6086|6086|527|527|13
4|EGYPT|38|4|33561.0|0.01|38|6086|6086|527|527|13
3|CANADA|20|3|2172.36|0.05|20|6086|6086|527|527|13
7|GERMANY|53|7|55415.22|0.03|53|6086|6086|527|527|13
16|MOZAMBIQUE|73|16|9189.78|0.04|73|9348|9348|527|527|13
6|FRANCE|70|6|1250.34|0.08|70|9348|9348|527|527|13
24|UNITED STATES|19|24|42273.56|0.07|19|9348|9348|527|527|13
12|JAPAN|54|12|11484.24|0.09|54|9348|9348|527|527|13
3|CANADA|20|3|21979.98|0.03|20|9348|9348|527|527|13
5|ETHIOPIA|63|5|39862.02|0.04|63|9348|9348|527|527|13
0|ALGERIA|28|0|24626.88|0.01|28|31011|31011|527|527|13
11|IRAQ|5|11|39108.16|0.05|5|17703|17703|307|307|13
22|RUSSIA|25|22|34841.52|0.07|25|17703|17703|307|307|13
24|UNITED STATES|49|24|73451.28|0.08|49|17703|17703|307|307|13
19|ROMANIA|52|19|11412.6|0.02|52|17703|17703|307|307|13
7|GERMANY|33|7|39216.43|0.02|33|33633|33633|307|307|13
14|KENYA|48|14|78202.35|0.05|48|33633|33633|307|307|13
9|INDONESIA|45|9|17056.34|0.04|45|33633|33633|307|307|13
9|INDONESIA|23|9|8907.48|0.02|23|33633|33633|307|307|13
4|EGYPT|38|4|7932.61|0.0|38|33633|33633|307|307|13
16|MOZAMBIQUE|30|16|47249.5|0.07|30|33633|33633|307|307|13
5|ETHIOPIA|63|5|17328.3|0.01|63|33633|33633|307|307|13
14|KENYA|48|14|70045.92|0.04|48|15140|15140|307|307|13
24|UNITED STATES|49|24|55710.5|0.1|49|15140|15140|307|307|13
3|CANADA|20|3|36465.0|0.03|20|15140|15140|307|307|13
0|ALGERIA|24|0|52375.36|0.0|24|17028|17028|307|307|13
23|UNITED KINGDOM|7|23|5120.6|0.06|7|32160|32160|1160|1160|24
8|INDIA|60|8|48059.34|0.08|60|32160|32160|1160|1160|24
0|ALGERIA|37|0|44780.74|0.09|37|32160|32160|1160|1160|24
24|UNITED STATES|10|24|13442.52|0.03|10|32160|32160|1160|1160|24
12|JAPAN|43|12|37048.32|0.01|43|32160|32160|1160|1160|24
16|MOZAMBIQUE|30|16|19128.74|0.0|30|32160|32160|1160|1160|24
0|ALGERIA|37|0|11307.15|0.08|37|3105|3105|1093|1093|24
19|ROMANIA|52|19|12925.68|0.07|52|3105|3105|1093|1093|24
12|JAPAN|43|12|8619.31|0.06|43|37921|37921|1093|1093|24
17|PERU|8|17|13048.42|0.01|8|28803|28803|1093|1093|24
14|KENYA|48|14|36380.88|0.05|48|28803|28803|1093|1093|24
17|PERU|59|17|4180.56|0.1|59|28803|28803|1093|1093|24
16|MOZAMBIQUE|58|16|2394.58|0.0|58|28803|28803|1093|1093|24
1|ARGENTINA|71|1|44013.15|0.06|71|9571|9571|1093|1093|24
18|CHINA|27|18|3924.32|0.07|27|9571|9571|1093|1093|24
23|UNITED KINGDOM|66|23|59698.9|0.04|66|18916|18916|1093|1093|24
5|ETHIOPIA|78|5|9097.84|0.03|78|18916|18916|1093|1093|24
20|SAUDI ARABIA|74|20|42647.9|0.03|74|18916|18916|1093|1093|24
21|VIETNAM|80|21|53658.5|0.1|80|40327|40327|1093|1093|24
17|PERU|1|17|43651.17|0.03|1|40327|40327|1093|1093|24
18|CHINA|27|18|63967.32|0.01|27|40327|40327|1093|1093|24
18|CHINA|41|18|45239.52|0.04|41|40327|40327|1093|1093|24
23|UNITED KINGDOM|7|23|39707.8|0.0|7|6048|6048|1093|1093|24
23|UNITED KINGDOM|7|23|28359.21|0.05|7|6048|6048|1093|1093|24
10|IRAN|9|10|4116.48|0.05|9|6048|6048|1093|1093|24
0|ALGERIA|37|0|20980.26|0.09|37|6048|6048|1093|1093|24
16|MOZAMBIQUE|56|16|70391.1|0.06|56|6048|6048|1093|1093|24
24|UNITED STATES|19|24|12433.56|0.01|19|6048|6048|1093|1093|24
12|JAPAN|54|12|11111.7|0.05|54|6048|6048|1093|1093|24
14|KENYA|6|14|49529.34|0.1|6|13792|13792|1093|1093|24
6|FRANCE|70|6|19509.42|0.1|70|33795|33795|889|889|13
21|VIETNAM|26|21|11129.7|0.08|26|33795|33795|889|889|13
24|UNITED STATES|46|24|6018.4|0.06|46|33795|33795|889|889|13
17|PERU|57|17|58093.62|0.05|57|33795|33795|889|889|13
14|KENYA|79|14|39531.58|0.02|79|33795|33795|889|889|13
9|INDONESIA|23|9|58022.1|0.05|23|33795|33795|889|889|13
17|PERU|8|17|29907.25|0.1|8|12962|12962|889|889|13
24|UNITED STATES|55|24|48599.46|0.0|55|12962|12962|889|889|13
5|ETHIOPIA|63|5|23144.64|0.07|63|12962|12962|889|889|13
0|ALGERIA|37|0|3255.44|0.03|37|42850|42850|889|889|13
22|RUSSIA|65|22|26492.0|0.05|65|42850|42850|889|889|13
3|CANADA|20|3|36172.86|0.0|20|42850|42850|889|889|13
14|KENYA|47|14|65101.08|0.07|47|31109|31109|889|889|13
24|UNITED STATES|10|24|22816.08|0.08|10|31109|31109|889|889|13
2|BRAZIL|21|2|52926.1|0.09|21|31109|31109|889|889|13
24|UNITED STATES|49|24|7407.9|0.02|49|31109|31109|889|889|13
11|IRAQ|5|11|9404.9|0.01|5|8961|8961|889|889|13
4|EGYPT|69|4|36973.56|0.04|69|8961|8961|889|889|13
4|EGYPT|69|4|57601.74|0.02|69|8961|8961|889|889|13
16|MOZAMBIQUE|31|16|40552.28|0.02|31|8961|8961|889|889|13
24|UNITED STATES|64|24|3540.84|0.04|64|8961|8961|889|889|13
9|INDONESIA|50|9|5922.48|0.07|50|15809|15809|889|889|13
2|BRAZIL|21|2|30637.32|0.0|21|15809|15809|889|889|13
9|INDONESIA|51|9|41906.46|0.08|51|36994|36994|889|889|13
23|UNITED KINGDOM|66|23|12964.28|0.08|66|36994|36994|889|889|13
14|KENYA|47|14|21202.32|0.0|47|36994|36994|889|889|13
10|IRAN|34|10|36760.32|0.08|34|36994|36994|889|889|13
22|RUSSIA|65|22|44092.4|0.1|65|36994|36994|889|889|13
8|INDIA|39|8|64308.64|0.02|39|36994|36994|889|889|13
16|MOZAMBIQUE|30|16|2983.18|0.05|30|36994|36994|889|889|13
7|GERMANY|53|7|50165.64|0.03|53|22145|22145|889|889|13
14|KENYA|47|14|84373.65|0.02|47|26887|26887|845|845|13
21|VIETNAM|35|21|6819.2|0.03|35|26887|26887|845|845|13
16|MOZAMBIQUE|56|16|47954.03|0.04|56|26887|26887|845|845|13
14|KENYA|76|14|31823.49|0.08|76|26887|26887|845|845|13
8|INDIA|39|8|6673.26|0.0|39|26887|26887|845|845|13
1|ARGENTINA|71|1|4344.72|0.01|71|16097|16097|845|845|13
22|RUSSIA|42|22|37012.56|0.07|42|16097|16097|845|845|13
24|UNITED STATES|64|24|42406.4|0.02|64|16097|16097|845|845|13
5|ETHIOPIA|2|5|74038.26|0.04|2|16097|16097|845|845|13
21|VIETNAM|68|21|5181.56|0.03|68|36770|36770|845|845|13
16|MOZAMBIQUE|56|16|58107.51|0.1|56|36770|36770|845|845|13
9|INDONESIA|51|9|28741.61|0.03|51|38531|38531|845|845|13
23|UNITED KINGDOM|66|23|18763.8|0.1|66|38531|38531|845|845|13
13|JORDAN|36|13|59103.84|0.07|36|38531|38531|845|845|13
16|MOZAMBIQUE|58|16|4590.05|0.05|58|38531|38531|845|845|13
18|CHINA|41|18|10989.99|0.06|41|38531|38531|845|845|13
1|ARGENTINA|3|1|43174.44|0.08|3|38531|38531|845|845|13
0|ALGERIA|37|0|9123.8|0.07|37|21475|21475|911|911|13
15|MOROCCO|14|15|47480.66|0.06|14|21475|21475|911|911|13
15|MOROCCO|14|15|46321.28|0.08|14|21475|21475|911|911|13
21|VIETNAM|68|21|25969.54|0.09|68|21475|21475|911|911|13
8|INDIA|12|8|49357.05|0.09|12|21475|21475|911|911|13
11|IRAQ|5|11|23357.08|0.01|5|6435|6435|911|911|13
8|INDIA|12|8|62716.15|0.1|12|6435|6435|911|911|13
9|INDONESIA|23|9|38350.18|0.04|23|6435|6435|911|911|13
16|MOZAMBIQUE|18|16|25208.82|0.01|18|6435|6435|911|911|13
18|CHINA|27|18|28245.02|0.06|27|6435|6435|911|911|13
18|CHINA|75|18|72987.28|0.04|75|6435|6435|911|911|13
16|MOZAMBIQUE|30|16|14895.8|0.09|30|6435|6435|911|911|13
7|GERMANY|77|7|4709.08|0.0|77|27168|27168|911|911|13
1|ARGENTINA|71|1|51285.93|0.05|71|27168|27168|911|911|13
10|IRAN|9|10|7424.16|0.03|9|27168|27168|911|911|13
11|IRAQ|5|11|37619.6|0.07|5|2823|2823|625|625|13
9|INDONESIA|51|9|30470.22|0.04|51|2823|2823|625|625|13
16|MOZAMBIQUE|58|16|48581.28|0.09|58|2823|2823|625|625|13
24|UNITED STATES|46|24|18980.16|0.02|46|2823|2823|625|625|13
21|VIETNAM|68|21|21208.86|0.0|68|2823|2823|625|625|13
18|CHINA|75|18|71400.6|0.03|75|2823|2823|625|625|13
5|ETHIOPIA|2|5|15229.28|0.07|2|2823|2823|625|625|13
21|VIETNAM|80|21|42317.33|0.07|80|16260|16260|625|625|13
24|UNITED STATES|19|24|6715.26|0.02|19|10434|10434|625|625|13
7|GERMANY|53|7|53439.54|0.09|53|10434|10434|625|625|13
22|RUSSIA|25|22|24476.75|0.02|25|10721|10721|625|625|13
24|UNITED STATES|46|24|11353.43|0.05|46|10721|10721|625|625|13
21|VIETNAM|68|21|56532.06|0.05|68|10721|10721|625|625|13
10|IRAN|9|10|36775.48|0.02|9|45312|45312|1180|1180|13
8|INDIA|12|8|38082.0|0.08|12|45312|45312|1180|1180|13
12|JAPAN|43|12|64553.09|0.03|43|45312|45312|1180|1180|13
12|JAPAN|54|12|43415.19|0.1|54|45312|45312|1180|1180|13
16|MOZAMBIQUE|31|16|44652.35|0.0|31|45312|45312|1180|1180|13
16|MOZAMBIQUE|30|16|4708.98|0.1|30|45312|45312|1180|1180|13
7|GERMANY|77|7|7799.47|0.07|77|44003|44003|1180|1180|13
4|EGYPT|67|4|30917.6|0.07|67|44003|44003|1180|1180|13
18|CHINA|27|18|2200.4|0.04|27|44003|44003|1180|1180|13
20|SAUDI ARABIA|74|20|48022.2|0.0|74|44003|44003|1180|1180|13
0|ALGERIA|37|0|13899.08|0.02|37|1733|1733|1180|1180|13
13|JORDAN|36|13|73180.08|0.08|36|1733|1733|1180|1180|13
9|INDONESIA|45|9|12820.68|0.06|45|1733|1733|1180|1180|13
8|INDIA|12|8|53909.55|0.1|12|1733|1733|1180|1180|13
24|UNITED STATES|19|24|17475.04|0.0|19|1733|1733|1180|1180|13
14|KENYA|76|14|25723.72|0.06|76|1733|1733|1180|1180|13
23|UNITED KINGDOM|32|23|37471.04|0.01|32|1733|1733|1180|1180|13
7|GERMANY|77|7|27224.19|0.1|77|44576|44576|1180|1180|13
13|JORDAN|36|13|44287.6|0.03|36|44576|44576|1180|1180|13
14|KENYA|79|14|2934.21|0.08|79|44576|44576|1180|1180|13
9|INDONESIA|23|9|15187.38|0.04|23|44576|44576|1180|1180|13
24|UNITED STATES|49|24|5934.48|0.04|49|44576|44576|1180|1180|13
16|MOZAMBIQUE|30|16|21474.18|0.08|30|44576|44576|1180|1180|13
16|MOZAMBIQUE|73|16|54670.63|0.1|73|4642|4642|1180|1180|13
10|IRAN|9|10|29713.5|0.0|9|4642|4642|1180|1180|13
22|RUSSIA|25|22|15922.94|0.04|25|4642|4642|1180|1180|13
21|VIETNAM|35|21|45506.62|0.04|35|4642|4642|1180|1180|13
1|ARGENTINA|3|1|10621.6|0.04|3|4642|4642|1180|1180|13
24|UNITED STATES|55|24|35807.1|0.07|55|26915|26915|1180|1180|13
24|UNITED STATES|55|24|20455.47|0.09|55|26915|26915|1180|1180|13
10|IRAN|34|10|28839.2|0.0|34|26915|26915|1180|1180|13
16|MOZAMBIQUE|18|16|34245.33|0.06|18|26915|26915|1180|1180|13
16|MOZAMBIQUE|18|16|48472.65|0.04|18|26915|26915|1180|1180|13
23|UNITED KINGDOM|32|23|53458.0|0.0|32|26915|26915|1180|1180|13
24|UNITED STATES|64|24|44811.74|0.07|64|26915|26915|1180|1180|13
15|MOROCCO|14|15|33938.11|0.05|14|706|706|1180|1180|13
22|RUSSIA|40|22|80032.18|0.1|40|3809|3809|1180|1180|13
17|PERU|59|17|56734.63|0.0|59|3809|3809|1180|1180|13
22|RUSSIA|25|22|30881.92|0.01|25|3809|3809|1180|1180|13
12|JAPAN|43|12|24216.84|0.1|43|3809|3809|1180|1180|13
17|PERU|59|17|32130.35|0.0|59|43492|43492|1180|1180|13
24|UNITED STATES|46|24|55943.16|0.02|46|43492|43492|1180|1180|13
3|CANADA|13|3|21737.1|0.01|13|37154|37154|932|932|13
21|VIETNAM|80|21|21947.04|0.02|80|2534|2534|602|602|13
10|IRAN|9|10|29292.9|0.07|9|2534|2534|602|602|13
17|PERU|59|17|21800.46|0.02|59|2534|2534|602|602|13
13|JORDAN|36|13|64267.37|0.09|36|2534|2534|602|602|13
24|UNITED STATES|19|24|54596.29|0.08|19|2534|2534|602|602|13
23|UNITED KINGDOM|32|23|17084.34|0.05|32|2534|2534|602|602|13
0|ALGERIA|28|0|45350.0|0.1|28|2534|2534|602|602|13
18|CHINA|72|18|62977.05|0.04|72|28518|28518|602|602|13
8|INDIA|15|8|1016.11|0.03|15|28518|28518|602|602|13
17|PERU|1|17|66417.05|0.01|1|964|964|602|602|13
16|MOZAMBIQUE|73|16|58250.01|0.04|73|964|964|602|602|13
24|UNITED STATES|19|24|1798.89|0.02|19|964|964|602|602|13
5|ETHIOPIA|63|5|58846.92|0.05|63|964|964|602|602|13
15|MOROCCO|14|15|22825.25|0.04|14|12101|12101|602|602|13
24|UNITED STATES|19|24|48725.28|0.03|19|12101|12101|602|602|13
16|MOZAMBIQUE|18|16|52134.88|0.08|18|12101|12101|602|602|13
11|IRAQ|5|11|39947.86|0.04|5|10980|10980|602|602|13
10|IRAN|9|10|25424.0|0.09|9|10980|10980|602|602|13
13|JORDAN|36|13|1339.43|0.03|36|10980|10980|602|602|13
24|UNITED STATES|55|24|27245.7|0.01|55|6304|6304|448|448|24
5|ETHIOPIA|78|5|23641.92|0.07|78|6304|6304|448|448|24
24|UNITED STATES|19|24|13412.7|0.06|19|6304|6304|448|448|24
24|UNITED STATES|19|24|36135.04|0.06|19|6304|6304|448|448|24
17|PERU|1|17|10223.92|0.0|1|28807|28807|448|448|24
0|ALGERIA|37|0|40781.4|0.0|37|28807|28807|448|448|24
0|ALGERIA|24|0|41490.88|0.01|24|28807|28807|448|448|24
5|ETHIOPIA|78|5|22591.94|0.04|78|28807|28807|448|448|24
19|ROMANIA|52|19|19169.41|0.1|52|28807|28807|448|448|24
4|EGYPT|22|4|40755.4|0.08|22|37703|37703|448|448|24
7|GERMANY|33|7|66955.3|0.03|33|37703|37703|448|448|24
7|GERMANY|77|7|58406.01|0.03|77|37703|37703|448|448|24
14|KENYA|48|14|17190.9|0.1|48|37703|37703|448|448|24
3|CANADA|20|3|2260.44|0.05|20|37703|37703|448|448|24
17|PERU|8|17|7456.24|0.09|8|43814|43814|448|448|24
17|PERU|8|17|21454.56|0.05|8|43814|43814|448|448|24
9|INDONESIA|50|9|61781.12|0.0|50|43814|43814|448|448|24
6|FRANCE|70|6|31554.44|0.1|70|43814|43814|448|448|24
13|JORDAN|36|13|23375.75|0.1|36|43814|43814|448|448|24
22|RUSSIA|16|22|4621.0|0.07|16|43814|43814|448|448|24
22|RUSSIA|42|22|39226.16|0.09|42|43814|43814|448|448|24
6|FRANCE|70|6|70101.8|0.09|70|42913|42913|448|448|24
0|ALGERIA|37|0|45588.84|0.07|37|42913|42913|448|448|24
16|MOZAMBIQUE|56|16|11662.6|0.1|56|42913|42913|448|448|24
21|VIETNAM|80|21|3285.57|0.04|80|9124|9124|448|448|24
0|ALGERIA|24|0|18583.33|0.09|24|9124|9124|448|448|24
1|ARGENTINA|29|1|28842.87|0.07|29|9124|9124|448|448|24
22|RUSSIA|42|22|1842.04|0.07|42|9124|9124|448|448|24
7|GERMANY|53|7|64100.54|0.03|53|9124|9124|448|448|24
16|MOZAMBIQUE|30|16|20069.6|0.04|30|9124|9124|448|448|24
24|UNITED STATES|19|24|18597.88|0.04|19|20515|20515|448|448|24
10|IRAN|9|10|29813.4|0.0|9|21473|21473|448|448|24
19|ROMANIA|52|19|40813.47|0.01|52|21473|21473|448|448|24
22|RUSSIA|40|22|65779.56|0.05|40|44487|44487|733|733|13
6|FRANCE|70|6|42221.12|0.0|70|31013|31013|733|733|13
22|RUSSIA|42|22|41445.9|0.04|42|31013|31013|733|733|13
5|ETHIOPIA|2|5|54550.14|0.01|2|31013|31013|733|733|13
21|VIETNAM|35|21|25833.94|0.04|35|4258|4258|733|733|13
22|RUSSIA|16|22|10838.7|0.04|16|4258|4258|733|733|13
16|MOZAMBIQUE|30|16|57627.45|0.09|30|10436|10436|733|733|13
16|MOZAMBIQUE|58|16|2879.06|0.02|58|33538|33538|733|733|13
16|MOZAMBIQUE|56|16|13164.1|0.1|56|33538|33538|733|733|13
21|VIETNAM|80|21|9677.36|0.08|80|37031|37031|733|733|13
15|MOROCCO|4|15|29696.64|0.01|4|37031|37031|733|733|13
8|INDIA|15|8|62099.94|0.09|15|27553|27553|733|733|13
3|CANADA|13|3|61661.16|0.01|13|27553|27553|733|733|13
2|BRAZIL|21|2|23393.53|0.08|21|27553|27553|733|733|13
16|MOZAMBIQUE|31|16|17808.8|0.01|31|27553|27553|733|733|13
14|KENYA|48|14|24156.03|0.0|48|47651|47651|733|733|13
1|ARGENTINA|29|1|7970.52|0.01|29|47651|47651|733|733|13
24|UNITED STATES|10|24|2396.58|0.05|10|47651|47651|733|733|13
17|PERU|8|17|30380.94|0.04|8|15457|15457|733|733|13
18|CHINA|11|18|14863.6|0.01|11|15457|15457|733|733|13
15|MOROCCO|14|15|46093.32|0.07|14|15457|15457|733|733|13
21|VIETNAM|80|21|30596.22|0.06|80|41573|41573|227|227|13
16|MOZAMBIQUE|73|16|19477.28|0.02|73|41573|41573|227|227|13
23|UNITED KINGDOM|66|23|66678.84|0.09|66|41573|41573|227|227|13
9|INDONESIA|23|9|31383.75|0.01|23|41573|41573|227|227|13
23|UNITED KINGDOM|32|23|39141.4|0.0|32|41573|41573|227|227|13
22|RUSSIA|42|22|2542.74|0.1|42|41573|41573|227|227|13
16|MOZAMBIQUE|30|16|3285.48|0.08|30|41573|41573|227|227|13
23|UNITED KINGDOM|66|23|85055.67|0.02|66|23302|23302|227|227|13
18|CHINA|11|18|38818.18|0.02|11|23302|23302|227|227|13
4|EGYPT|69|4|1886.08|0.09|69|23302|23302|227|227|13
17|PERU|57|17|18990.3|0.04|57|23302|23302|227|227|13
7|GERMANY|53|7|54417.96|0.1|53|23302|23302|227|227|13
5|ETHIOPIA|63|5|4724.01|0.0|63|23302|23302|227|227|13
1|ARGENTINA|3|1|21998.4|0.1|3|23302|23302|227|227|13
18|CHINA|11|18|51898.12|0.02|11|4070|4070|227|227|13
16|MOZAMBIQUE|18|16|2724.92|0.09|18|4070|4070|227|227|13
22|RUSSIA|16|22|15350.39|0.0|16|4070|4070|227|227|13
18|CHINA|75|18|45609.2|0.07|75|4070|4070|227|227|13
11|IRAQ|5|11|36707.33|0.03|5|41377|41377|227|227|13
17|PERU|8|17|87794.12|0.0|8|33091|33091|227|227|13
7|GERMANY|44|7|77600.32|0.01|44|28834|28834|568|568|13
12|JAPAN|54|12|47894.49|0.04|54|28834|28834|568|568|13
20|SAUDI ARABIA|74|20|7784.56|0.08|74|28834|28834|568|568|13
23|UNITED KINGDOM|7|23|54252.8|0.05|7|5989|5989|568|568|13
7|GERMANY|44|7|40427.52|0.1|44|5989|5989|568|568|13
1|ARGENTINA|71|1|70362.52|0.09|71|5989|5989|568|568|13
10|IRAN|9|10|30337.28|0.02|9|5989|5989|568|568|13
5|ETHIOPIA|78|5|39275.86|0.09|78|5989|5989|568|568|13
24|UNITED STATES|49|24|73713.49|0.04|49|5989|5989|568|568|13
7|GERMANY|53|7|42142.95|0.03|53|5989|5989|568|568|13
23|UNITED KINGDOM|66|23|67704.0|0.04|66|17092|17092|568|568|13
16|MOZAMBIQUE|58|16|11568.42|0.01|58|17092|17092|568|568|13
9|INDONESIA|45|9|11892.8|0.05|45|17092|17092|568|568|13
20|SAUDI ARABIA|74|20|30497.6|0.01|74|17092|17092|568|568|13
7|GERMANY|77|7|35342.49|0.01|77|7778|7778|568|568|13
10|IRAN|34|10|24812.46|0.06|34|7778|7778|568|568|13
15|MOROCCO|4|15|8805.36|0.03|4|7778|7778|568|568|13
24|UNITED STATES|55|24|40867.47|0.06|55|41443|41443|568|568|13
14|KENYA|47|14|2782.98|0.06|47|41443|41443|568|568|13
13|JORDAN|36|13|8843.52|0.06|36|41443|41443|568|568|13
16|MOZAMBIQUE|30|16|50015.13|0.07|30|41443|41443|568|568|13
23|UNITED KINGDOM|7|23|14190.6|0.04|7|31943|31943|568|568|13
21|VIETNAM|80|21|24482.64|0.07|80|31749|31749|568|568|13
14|KENYA|6|14|27623.61|0.04|6|31749|31749|568|568|13
23|UNITED KINGDOM|66|23|1218.31|0.01|66|31749|31749|568|568|13
9|INDONESIA|50|9|44399.04|0.04|50|31749|31749|568|568|13
17|PERU|57|17|26939.38|0.03|57|31749|31749|568|568|13
4|EGYPT|67|4|5035.5|0.09|67|31749|31749|568|568|13
12|JAPAN|43|12|6971.36|0.05|43|31749|31749|568|568|13
17|PERU|1|17|54338.88|0.06|1|11074|11074|568|568|13
23|UNITED KINGDOM|66|23|62082.72|0.02|66|11074|11074|568|568|13
4|EGYPT|22|4|23089.44|0.08|22|11074|11074|568|568|13
8|INDIA|12|8|45281.28|0.08|12|11074|11074|568|568|13
3|CANADA|20|3|63383.32|0.1|20|11074|11074|568|568|13
18|CHINA|41|18|17064.72|0.04|41|11074|11074|568|568|13
9|INDONESIA|51|9|68379.01|0.06|51|29379|29379|568|568|13
10|IRAN|9|10|48478.5|0.05|9|29379|29379|568|568|13
15|MOROCCO|14|15|28443.45|0.06|14|29379|29379|568|568|13
3|CANADA|13|3|11870.87|0.04|13|29379|29379|568|568|13
12|JAPAN|43|12|64508.04|0.01|43|29379|29379|568|568|13
18|CHINA|72|18|23146.2|0.09|72|28227|28227|568|568|13
3|CANADA|13|3|33731.06|0.02|13|28227|28227|568|568|13
18|CHINA|27|18|2778.06|0.06|27|28227|28227|568|568|13
18|CHINA|11|18|10020.71|0.1|11|30593|30593|568|568|13
21|VIETNAM|26|21|22532.14|0.06|26|30593|30593|568|568|13
17|PERU|59|17|34304.66|0.0|59|30593|30593|568|568|13
15|MOROCCO|4|15|41733.0|0.03|4|30593|30593|568|568|13
22|RUSSIA|65|22|20861.1|0.05|65|30593|30593|568|568|13
19|ROMANIA|17|19|17646.85|0.1|17|30593|30593|568|568|13
16|MOZAMBIQUE|73|16|5712.3|0.07|73|14336|14336|607|607|24
17|PERU|59|17|41491.68|0.0|59|1697|1697|607|607|24
21|VIETNAM|26|21|80641.26|0.08|26|1697|1697|607|607|24
0|ALGERIA|37|0|15104.64|0.05|37|37989|37989|607|607|24
10|IRAN|34|10|18319.3|0.01|34|46757|46757|607|607|24
18|CHINA|75|18|32987.28|0.08|75|46757|46757|607|607|24
7|GERMANY|77|7|34116.48|0.07|77|15042|15042|607|607|24
16|MOZAMBIQUE|56|16|33531.25|0.0|56|15042|15042|607|607|24
9|INDONESIA|51|9|21659.4|0.01|51|11110|11110|607|607|24
18|CHINA|72|18|72236.26|0.05|72|11110|11110|607|607|24
0|ALGERIA|37|0|8745.3|0.03|37|11110|11110|607|607|24
23|UNITED KINGDOM|32|23|31407.39|0.03|32|11110|11110|607|607|24
19|ROMANIA|17|19|32210.31|0.09|17|11110|11110|607|607|24
18|CHINA|41|18|2680.88|0.1|41|11110|11110|607|607|24
14|KENYA|48|14|15640.47|0.02|48|44871|44871|607|607|24
21|VIETNAM|68|21|18304.65|0.09|68|44871|44871|607|607|24
12|JAPAN|54|12|53076.19|0.05|54|44871|44871|607|607|24
0|ALGERIA|28|0|56689.85|0.09|28|44871|44871|607|607|24
18|CHINA|41|18|40499.78|0.08|41|44871|44871|607|607|24
5|ETHIOPIA|2|5|2612.8|0.07|2|44871|44871|607|607|24
18|CHINA|11|18|22684.86|0.02|11|35745|35745|728|728|24
8|INDIA|61|8|6056.55|0.0|61|35745|35745|728|728|24
17|PERU|59|17|23045.0|0.02|59|35745|35745|728|728|24
10|IRAN|34|10|61337.78|0.09|34|35745|35745|728|728|24
9|INDONESIA|23|9|12172.05|0.04|23|35745|35745|728|728|24
7|GERMANY|77|7|27554.24|0.05|77|41895|41895|728|728|24
15|MOROCCO|14|15|10402.98|0.08|14|41895|41895|728|728|24
3|CANADA|20|3|46741.06|0.05|20|41895|41895|728|728|24
21|VIETNAM|68|21|13847.12|0.01|68|35264|35264|728|728|24
17|PERU|8|17|16253.1|0.09|8|2532|2532|749|749|24
10|IRAN|9|10|76081.0|0.02|9|2532|2532|749|749|24
22|RUSSIA|25|22|38948.91|0.06|25|2532|2532|749|749|24
9|INDONESIA|23|9|3967.26|0.06|23|2532|2532|749|749|24
14|KENYA|76|14|21923.8|0.09|76|2532|2532|749|749|24
12|JAPAN|54|12|975.07|0.0|54|2532|2532|749|749|24
16|MOZAMBIQUE|73|16|36759.12|0.07|73|4038|4038|749|749|24
1|ARGENTINA|71|1|7123.68|0.07|71|4038|4038|749|749|24
12|JAPAN|54|12|36670.33|0.04|54|4038|4038|749|749|24
14|KENYA|76|14|31789.51|0.07|76|4038|4038|749|749|24
22|RUSSIA|16|22|27726.0|0.1|16|4038|4038|749|749|24
1|ARGENTINA|3|1|58662.4|0.05|3|4038|4038|749|749|24
21|VIETNAM|26|21|15907.22|0.0|26|31748|31748|749|749|24
9|INDONESIA|45|9|17699.38|0.06|45|31748|31748|749|749|24
1|ARGENTINA|29|1|41596.14|0.04|29|31748|31748|749|749|24
7|GERMANY|53|7|40813.47|0.1|53|31748|31748|749|749|24
24|UNITED STATES|64|24|33841.08|0.06|64|31748|31748|749|749|24
18|CHINA|41|18|41218.74|0.03|41|31748|31748|749|749|24
21|VIETNAM|68|21|5806.2|0.04|68|26049|26049|749|749|24
19|ROMANIA|17|19|37936.32|0.0|17|26049|26049|749|749|24
7|GERMANY|44|7|14348.4|0.1|44|10210|10210|749|749|24
0|ALGERIA|37|0|19325.35|0.03|37|10210|10210|749|749|24
16|MOZAMBIQUE|58|16|39229.26|0.06|58|10210|10210|749|749|24
12|JAPAN|54|12|13790.56|0.02|54|10210|10210|749|749|24
8|INDIA|39|8|7595.96|0.04|39|10210|10210|749|749|24
19|ROMANIA|52|19|11682.6|0.09|52|10210|10210|749|749|24
5|ETHIOPIA|2|5|45985.32|0.02|2|10210|10210|749|749|24
21|VIETNAM|80|21|12207.39|0.1|80|24996|24996|826|826|13
22|RUSSIA|40|22|71369.25|0.06|40|24996|24996|826|826|13
1|ARGENTINA|71|1|23995.67|0.04|71|24996|24996|826|826|13
5|ETHIOPIA|78|5|1589.68|0.1|78|24996|24996|826|826|13
0|ALGERIA|28|0|62617.5|0.08|28|24996|24996|826|826|13
3|CANADA|20|3|54309.0|0.02|20|24996|24996|826|826|13
22|RUSSIA|40|22|2847.04|0.04|40|3971|3971|826|826|13
20|SAUDI ARABIA|74|20|78243.72|0.06|74|3971|3971|826|826|13
17|PERU|59|17|13658.49|0.01|59|44832|44832|826|826|13
24|UNITED STATES|55|24|77698.08|0.03|55|30279|30279|826|826|13
21|VIETNAM|68|21|37160.32|0.1|68|30279|30279|826|826|13
21|VIETNAM|35|21|4126.41|0.01|35|30279|30279|826|826|13
21|VIETNAM|68|21|26091.72|0.04|68|30279|30279|826|826|13
24|UNITED STATES|46|24|18374.14|0.01|46|30279|30279|826|826|13
2|BRAZIL|21|2|20301.48|0.1|21|30279|30279|826|826|13
16|MOZAMBIQUE|30|16|36130.64|0.0|30|30279|30279|826|826|13
8|INDIA|15|8|37420.2|0.05|15|10215|10215|826|826|13
15|MOROCCO|14|15|22327.97|0.1|14|10215|10215|826|826|13
15|MOROCCO|4|15|1184.28|0.0|4|10215|10215|826|826|13
12|JAPAN|43|12|9262.08|0.02|43|10215|10215|826|826|13
2|BRAZIL|21|2|56837.1|0.04|21|10215|10215|826|826|13
7|GERMANY|77|7|2809.0|0.05|77|4130|4130|826|826|13
22|RUSSIA|16|22|58318.48|0.07|16|4130|4130|826|826|13
24|UNITED STATES|46|24|28884.87|0.0|46|14273|14273|826|826|13
14|KENYA|76|14|43141.8|0.0|76|14273|14273|826|826|13
7|GERMANY|33|7|31590.16|0.03|33|38146|38146|826|826|13
8|INDIA|61|8|27841.74|0.03|61|38146|38146|826|826|13
22|RUSSIA|40|22|13495.69|0.09|40|22595|22595|826|826|13
21|VIETNAM|26|21|15767.08|0.02|26|22595|22595|826|826|13
9|INDONESIA|23|9|54818.46|0.07|23|22595|22595|826|826|13
24|UNITED STATES|19|24|2636.82|0.09|19|22595|22595|826|826|13
8|INDIA|39|8|19581.0|0.09|39|22595|22595|826|826|13
20|SAUDI ARABIA|74|20|1190.29|0.1|74|22595|22595|826|826|13
19|ROMANIA|52|19|63753.15|0.09|52|22595|22595|826|826|13
17|PERU|59|17|9865.71|0.05|59|1830|1830|1052|1052|13
1|ARGENTINA|29|1|70602.1|0.0|29|1830|1830|1052|1052|13
4|EGYPT|38|4|55787.04|0.07|38|1830|1830|1052|1052|13
4|EGYPT|22|4|83968.2|0.09|22|18436|18436|1052|1052|13
4|EGYPT|38|4|43859.16|0.04|38|18436|18436|1052|1052|13
7|GERMANY|53|7|40151.66|0.0|53|18436|18436|1052|1052|13
22|RUSSIA|65|22|18091.8|0.07|65|12998|12998|638|638|24
12|JAPAN|54|12|2628.82|0.05|54|11201|11201|506|506|13
7|GERMANY|77|7|22740.48|0.0|77|545|545|506|506|13
5|ETHIOPIA|78|5|5033.4|0.02|78|545|545|506|506|13
17|PERU|1|17|30063.0|0.05|1|25191|25191|622|622|13
7|GERMANY|77|7|54345.6|0.0|77|25191|25191|622|622|13
1|ARGENTINA|71|1|41144.24|0.06|71|25191|25191|622|622|13
14|KENYA|48|14|52207.0|0.08|48|25191|25191|622|622|13
10|IRAN|34|10|28770.61|0.06|34|25191|25191|622|622|13
12|JAPAN|54|12|69753.6|0.09|54|25191|25191|622|622|13
14|KENYA|47|14|26928.8|0.03|47|18308|18308|622|622|13
5|ETHIOPIA|78|5|50743.2|0.01|78|18308|18308|622|622|13
10|IRAN|34|10|1066.16|0.06|34|18308|18308|622|622|13
16|MOZAMBIQUE|30|16|6916.56|0.03|30|18308|18308|622|622|13
9|INDONESIA|51|9|13632.63|0.01|51|359|359|622|622|13
24|UNITED STATES|46|24|16201.85|0.07|46|359|359|622|622|13
17|PERU|57|17|31359.58|0.04|57|359|359|622|622|13
1|ARGENTINA|29|1|61587.36|0.1|29|359|359|622|622|13
24|UNITED STATES|49|24|36879.6|0.0|49|359|359|622|622|13
7|GERMANY|53|7|17821.62|0.0|53|359|359|622|622|13
4|EGYPT|22|4|38442.4|0.05|22|37382|37382|622|622|13
7|GERMANY|77|7|2995.18|0.08|77|37382|37382|622|622|13
10|IRAN|34|10|40832.28|0.01|34|37382|37382|622|622|13
9|INDONESIA|51|9|49006.89|0.0|51|39461|39461|622|622|13
10|IRAN|9|10|2136.32|0.05|9|39461|39461|622|622|13
21|VIETNAM|35|21|19131.21|0.02|35|39461|39461|622|622|13
16|MOZAMBIQUE|56|16|13554.5|0.0|56|39461|39461|622|622|13
3|CANADA|20|3|9362.16|0.08|20|39461|39461|622|622|13
19|ROMANIA|52|19|23353.68|0.08|52|39461|39461|622|622|13
5|ETHIOPIA|2|5|981.08|0.09|2|39461|39461|622|622|13
8|INDIA|60|8|48677.28|0.03|60|6918|6918|622|622|13
17|PERU|57|17|18443.74|0.09|57|6918|6918|622|622|13
5|ETHIOPIA|78|5|2444.64|0.08|78|6918|6918|622|622|13
9|INDONESIA|45|9|51602.32|0.02|45|6918|6918|622|622|13
9|INDONESIA|23|9|31176.18|0.02|23|6918|6918|622|622|13
24|UNITED STATES|19|24|65763.95|0.1|19|6918|6918|622|622|13
4|EGYPT|38|4|27268.65|0.09|38|6918|6918|622|622|13
23|UNITED KINGDOM|7|23|14439.6|0.03|7|10592|10592|622|622|13
22|RUSSIA|25|22|56147.86|0.1|25|10592|10592|622|622|13
4|EGYPT|67|4|18935.4|0.09|67|35463|35463|622|622|13
12|JAPAN|54|12|22045.27|0.08|54|35463|35463|622|622|13
19|ROMANIA|17|19|21528.69|0.09|17|35463|35463|622|622|13
5|ETHIOPIA|2|5|26728.2|0.04|2|35463|35463|622|622|13
0|ALGERIA|24|0|59778.9|0.1|24|33088|33088|622|622|13
5|ETHIOPIA|78|5|20915.44|0.05|78|33088|33088|622|622|13
19|ROMANIA|17|19|39256.4|0.1|17|33088|33088|622|622|13
0|ALGERIA|28|0|51623.88|0.03|28|33088|33088|622|622|13
7|GERMANY|44|7|79524.0|0.08|44|15137|15137|622|622|13
0|ALGERIA|24|0|14601.62|0.1|24|15137|15137|622|622|13
0|ALGERIA|37|0|44038.32|0.0|37|16646|16646|446|446|24
12|JAPAN|43|12|52376.0|0.06|43|16646|16646|446|446|24
3|CANADA|20|3|65917.5|0.09|20|16646|16646|446|446|24
18|CHINA|75|18|26652.16|0.09|75|16646|16646|446|446|24
23|UNITED KINGDOM|66|23|42157.39|0.03|66|3526|3526|446|446|24
18|CHINA|11|18|23225.2|0.05|11|3526|3526|446|446|24
5|ETHIOPIA|63|5|18510.58|0.02|63|3526|3526|446|446|24
6|FRANCE|70|6|7347.72|0.1|70|5508|5508|446|446|24
3|CANADA|13|3|60784.02|0.01|13|33861|33861|952|952|24
12|JAPAN|43|12|49552.8|0.0|43|33861|33861|952|952|24
22|RUSSIA|65|22|34012.89|0.01|65|33861|33861|952|952|24
20|SAUDI ARABIA|74|20|62778.3|0.02|74|33861|33861|952|952|24
9|INDONESIA|50|9|35341.68|0.0|50|20485|20485|952|952|24
20|SAUDI ARABIA|74|20|44737.49|0.04|74|20485|20485|952|952|24
17|PERU|8|17|3673.86|0.08|8|5920|5920|952|952|24
9|INDONESIA|50|9|69524.0|0.06|50|5920|5920|952|952|24
22|RUSSIA|40|22|61483.19|0.07|40|24931|24931|952|952|24
9|INDONESIA|50|9|52009.86|0.01|50|24931|24931|952|952|24
8|INDIA|61|8|51612.9|0.09|61|24931|24931|952|952|24
15|MOROCCO|14|15|30977.92|0.1|14|24931|24931|952|952|24
17|PERU|57|17|53081.35|0.02|57|24931|24931|952|952|24
22|RUSSIA|65|22|23813.65|0.0|65|24931|24931|952|952|24
16|MOZAMBIQUE|30|16|9380.3|0.03|30|24931|24931|952|952|24
17|PERU|8|17|59535.84|0.08|8|39175|39175|952|952|24
23|UNITED KINGDOM|66|23|28706.62|0.0|66|39175|39175|952|952|24
23|UNITED KINGDOM|66|23|3630.9|0.04|66|39175|39175|952|952|24
21|VIETNAM|26|21|27966.24|0.1|26|39175|39175|952|952|24
4|EGYPT|67|4|7263.64|0.02|67|39175|39175|952|952|24
0|ALGERIA|28|0|62388.74|0.09|28|39175|39175|952|952|24
18|CHINA|75|18|27392.4|0.1|75|39175|39175|952|952|24
17|PERU|8|17|17478.04|0.04|8|14052|14052|952|952|24
23|UNITED KINGDOM|7|23|56927.68|0.07|7|46784|46784|952|952|24
12|JAPAN|54|12|40153.4|0.03|54|46784|46784|952|952|24
14|KENYA|76|14|6328.0|0.08|76|46784|46784|952|952|24
0|ALGERIA|28|0|58370.35|0.05|28|46784|46784|952|952|24
20|SAUDI ARABIA|74|20|27655.45|0.05|74|46784|46784|952|952|24
16|MOZAMBIQUE|30|16|7968.45|0.04|30|46784|46784|952|952|24
7|GERMANY|77|7|12872.97|0.01|77|7527|7527|314|314|13
17|PERU|57|17|4212.6|0.04|57|7527|7527|314|314|13
16|MOZAMBIQUE|56|16|41399.96|0.0|56|7527|7527|314|314|13
4|EGYPT|38|4|13222.43|0.04|38|7527|7527|314|314|13
7|GERMANY|77|7|9568.44|0.08|77|7|7|314|314|13
21|VIETNAM|26|21|33776.4|0.03|26|7|7|314|314|13
9|INDONESIA|23|9|53747.05|0.06|23|7|7|314|314|13
16|MOZAMBIQUE|18|16|76348.5|0.1|18|7|7|314|314|13
24|UNITED STATES|49|24|5796.25|0.04|49|7|7|314|314|13
22|RUSSIA|42|22|42453.98|0.08|42|7|7|314|314|13
19|ROMANIA|52|19|16301.4|0.07|52|7|7|314|314|13
6|FRANCE|70|6|20647.05|0.03|70|47298|47298|314|314|13
14|KENYA|79|14|46667.43|0.02|79|47298|47298|314|314|13
15|MOROCCO|4|15|35663.0|0.03|4|47298|47298|314|314|13
4|EGYPT|69|4|16882.4|0.01|69|1797|1797|995|995|13
17|PERU|57|17|20875.89|0.02|57|1797|1797|995|995|13
16|MOZAMBIQUE|30|16|19486.08|0.01|30|1797|1797|995|995|13
21|VIETNAM|80|21|68336.68|0.06|80|19940|19940|995|995|13
17|PERU|8|17|23209.44|0.01|8|19940|19940|995|995|13
15|MOROCCO|4|15|31569.3|0.1|4|19940|19940|995|995|13
8|INDIA|39|8|32625.73|0.08|39|19940|19940|995|995|13
6|FRANCE|70|6|36560.4|0.01|70|11075|11075|995|995|13
22|RUSSIA|25|22|54238.5|0.09|25|11075|11075|995|995|13
10|IRAN|34|10|43372.11|0.03|34|11075|11075|995|995|13
5|ETHIOPIA|63|5|43632.99|0.1|63|11075|11075|995|995|13
4|EGYPT|22|4|63559.76|0.03|22|36421|36421|995|995|13
24|UNITED STATES|55|24|5097.48|0.07|55|36421|36421|995|995|13
8|INDIA|61|8|11342.3|0.03|61|36421|36421|995|995|13
18|CHINA|72|18|41800.2|0.0|72|36421|36421|995|995|13
8|INDIA|12|8|51469.95|0.02|12|36421|36421|995|995|13
22|RUSSIA|65|22|15122.52|0.02|65|36421|36421|995|995|13
18|CHINA|27|18|46292.4|0.07|27|36421|36421|995|995|13
19|ROMANIA|62|19|1077.17|0.01|62|5987|5987|511|511|13
18|CHINA|11|18|70121.39|0.08|11|5987|5987|511|511|13
17|PERU|57|17|61781.12|0.08|57|5987|5987|511|511|13
4|EGYPT|38|4|26088.0|0.1|38|5987|5987|511|511|13
14|KENYA|6|14|15725.34|0.01|6|43201|43201|511|511|13
19|ROMANIA|62|19|34620.74|0.03|62|43686|43686|511|511|13
7|GERMANY|77|7|30407.75|0.01|77|43686|43686|511|511|13
3|CANADA|13|3|26717.04|0.01|13|43686|43686|511|511|13
9|INDONESIA|23|9|41205.36|0.05|23|43686|43686|511|511|13
5|ETHIOPIA|78|5|73806.24|0.07|78|36903|36903|511|511|13
8|INDIA|12|8|18934.3|0.07|12|36903|36903|511|511|13
24|UNITED STATES|19|24|56261.66|0.0|19|36903|36903|511|511|13
1|ARGENTINA|29|1|62746.4|0.03|29|36903|36903|511|511|13
1|ARGENTINA|29|1|22328.7|0.09|29|36903|36903|511|511|13
19|ROMANIA|17|19|24270.03|0.01|17|36903|36903|511|511|13
24|UNITED STATES|64|24|8418.9|0.08|64|36903|36903|511|511|13
14|KENYA|6|14|21548.52|0.01|6|8611|8611|511|511|13
12|JAPAN|43|12|39801.63|0.09|43|8611|8611|511|511|13
23|UNITED KINGDOM|7|23|21892.75|0.02|7|10342|10342|511|511|13
9|INDONESIA|50|9|10234.96|0.1|50|10342|10342|511|511|13
14|KENYA|48|14|4204.5|0.08|48|10342|10342|511|511|13
9|INDONESIA|23|9|56065.86|0.04|23|10342|10342|511|511|13
3|CANADA|20|3|74179.0|0.06|20|10342|10342|511|511|13
20|SAUDI ARABIA|74|20|49319.34|0.0|74|10342|10342|511|511|13
7|GERMANY|44|7|21915.14|0.02|44|2982|2982|676|676|24
14|KENYA|48|14|37734.69|0.0|48|2982|2982|676|676|24
18|CHINA|75|18|30587.55|0.01|75|2982|2982|676|676|24
21|VIETNAM|80|21|53485.0|0.0|80|18340|18340|676|676|24
8|INDIA|61|8|64082.62|0.08|61|18340|18340|676|676|24
8|INDIA|39|8|16563.0|0.09|39|18340|18340|676|676|24
24|UNITED STATES|49|24|67631.6|0.03|49|18340|18340|676|676|24
18|CHINA|41|18|14567.36|0.07|41|18340|18340|676|676|24
23|UNITED KINGDOM|66|23|5838.42|0.0|66|16130|16130|676|676|24
8|INDIA|61|8|47537.82|0.1|61|16130|16130|676|676|24
4|EGYPT|69|4|22564.4|0.04|69|16130|16130|676|676|24
14|KENYA|47|14|54662.96|0.04|47|16130|16130|676|676|24
10|IRAN|34|10|23485.76|0.03|34|16130|16130|676|676|24
22|RUSSIA|16|22|19741.42|0.1|16|16130|16130|676|676|24
24|UNITED STATES|64|24|25747.6|0.02|64|16130|16130|676|676|24
18|CHINA|11|18|27986.74|0.05|11|18278|18278|676|676|24
8|INDIA|61|8|16807.8|0.06|61|22086|22086|676|676|24
23|UNITED KINGDOM|7|23|52240.65|0.02|7|36387|36387|676|676|24
8|INDIA|60|8|1519.61|0.03|60|36387|36387|676|676|24
13|JORDAN|36|13|65632.07|0.02|36|36387|36387|676|676|24
5|ETHIOPIA|78|5|49114.54|0.1|78|36387|36387|676|676|24
4|EGYPT|38|4|68373.0|0.01|38|36387|36387|676|676|24
4|EGYPT|38|4|5529.92|0.07|38|36387|36387|676|676|24
14|KENYA|6|14|69374.0|0.09|6|17733|17733|676|676|24
7|GERMANY|77|7|26579.0|0.07|77|17733|17733|676|676|24
3|CANADA|13|3|45934.35|0.08|13|17733|17733|676|676|24
16|MOZAMBIQUE|56|16|43750.08|0.08|56|17733|17733|676|676|24
15|MOROCCO|4|15|21229.46|0.08|4|17733|17733|676|676|24
15|MOROCCO|14|15|45679.95|0.05|14|32710|32710|566|566|24
5|ETHIOPIA|78|5|21911.75|0.0|78|32710|32710|566|566|24
20|SAUDI ARABIA|74|20|28303.31|0.08|74|32710|32710|566|566|24
21|VIETNAM|80|21|42744.25|0.06|80|21859|21859|566|566|24
16|MOZAMBIQUE|73|16|17046.72|0.07|73|21859|21859|566|566|24
21|VIETNAM|26|21|17382.48|0.04|26|21859|21859|566|566|24
8|INDIA|15|8|55967.4|0.07|15|21859|21859|566|566|24
16|MOZAMBIQUE|30|16|11548.18|0.01|30|21859|21859|566|566|24
18|CHINA|11|18|29935.52|0.07|11|14853|14853|367|367|13
6|FRANCE|70|6|16786.24|0.02|70|14853|14853|367|367|13
24|UNITED STATES|19|24|66310.84|0.03|19|14853|14853|367|367|13
18|CHINA|27|18|28127.88|0.0|27|14853|14853|367|367|13
10|IRAN|9|10|9514.24|0.03|9|25248|25248|367|367|13
10|IRAN|9|10|14447.51|0.07|9|25248|25248|367|367|13
13|JORDAN|36|13|18908.04|0.05|36|25248|25248|367|367|13
16|MOZAMBIQUE|56|16|17587.26|0.05|56|25248|25248|367|367|13
23|UNITED KINGDOM|7|23|17568.5|0.04|7|40198|40198|367|367|13
4|EGYPT|67|4|47729.43|0.04|67|40198|40198|367|367|13
4|EGYPT|38|4|35875.1|0.02|38|40198|40198|367|367|13
22|RUSSIA|42|22|25898.34|0.05|42|40198|40198|367|367|13
19|ROMANIA|52|19|28688.82|0.04|52|40198|40198|367|367|13
14|KENYA|6|14|8809.6|0.03|6|22306|22306|367|367|13
11|IRAQ|5|11|17347.19|0.05|5|22306|22306|367|367|13
15|MOROCCO|14|15|63968.4|0.09|14|22306|22306|367|367|13
8|INDIA|12|8|18648.89|0.09|12|22306|22306|367|367|13
8|INDIA|12|8|23558.92|0.1|12|22306|22306|367|367|13
14|KENYA|76|14|36699.6|0.06|76|12706|12706|367|367|13
12|JAPAN|43|12|45648.64|0.02|43|12706|12706|367|367|13
24|UNITED STATES|49|24|38048.82|0.09|49|12706|12706|367|367|13
3|CANADA|20|3|17378.88|0.02|20|12706|12706|367|367|13
23|UNITED KINGDOM|7|23|6967.45|0.08|7|16450|16450|367|367|13
8|INDIA|61|8|74679.5|0.02|61|16450|16450|367|367|13
17|PERU|59|17|45549.43|0.07|59|16450|16450|367|367|13
10|IRAN|34|10|9069.55|0.04|34|16450|16450|367|367|13
23|UNITED KINGDOM|32|23|49352.2|0.04|32|16450|16450|367|367|13
4|EGYPT|38|4|29855.36|0.07|38|16450|16450|367|367|13
7|GERMANY|77|7|22680.16|0.04|77|45792|45792|367|367|13
0|ALGERIA|24|0|67791.6|0.04|24|45792|45792|367|367|13
0|ALGERIA|28|0|49827.05|0.06|28|45792|45792|367|367|13
3|CANADA|20|3|22498.14|0.07|20|45792|45792|367|367|13
8|INDIA|60|8|44116.3|0.03|60|46210|46210|367|367|13
21|VIETNAM|26|21|39141.5|0.06|26|46277|46277|367|367|13
