14|KENYA|79|14|24904.18|0.01|79|32161|32161|200|200|16
11|IRAQ|5|11|23976.25|0.09|5|16422|16422|200|200|16
23|UNITED KINGDOM|66|23|76376.52|0.04|66|16422|16422|200|200|16
14|KENYA|76|14|68504.85|0.03|76|16422|16422|200|200|16
24|UNITED STATES|10|24|35111.44|0.08|10|16422|16422|200|200|16
24|UNITED STATES|49|24|37515.96|0.04|49|16422|16422|200|200|16
19|ROMANIA|17|19|11272.2|0.04|17|25831|25831|376|376|16
8|INDIA|15|8|36864.25|0.04|15|37092|37092|376|376|16
2|BRAZIL|21|2|70025.0|0.1|21|37092|37092|376|376|16
22|RUSSIA|16|22|48775.22|0.08|16|37092|37092|376|376|16
18|CHINA|75|18|73283.28|0.0|75|37092|37092|376|376|16
3|CANADA|20|3|17217.46|0.01|20|37092|37092|376|376|16
18|CHINA|41|18|6222.78|0.1|41|37092|37092|376|376|16
5|ETHIOPIA|78|5|18579.5|0.03|78|41795|41795|376|376|16
10|IRAN|34|10|47116.88|0.06|34|41795|41795|376|376|16
16|MOZAMBIQUE|56|16|36718.6|0.03|56|41795|41795|376|376|16
8|INDIA|15|8|32067.2|0.05|15|31973|31973|376|376|16
15|MOROCCO|14|15|11573.65|0.04|14|31973|31973|376|376|16
22|RUSSIA|25|22|25317.0|0.1|25|31973|31973|376|376|16
22|RUSSIA|25|22|6847.44|0.02|25|31973|31973|376|376|16
21|VIETNAM|68|21|10146.78|0.01|68|31973|31973|376|376|16
15|MOROCCO|4|15|13875.26|0.04|4|31973|31973|376|376|16
21|VIETNAM|80|21|8927.59|0.0|80|39909|39909|376|376|16
7|GERMANY|33|7|32733.58|0.0|33|39909|39909|376|376|16
21|VIETNAM|35|21|46748.45|0.1|35|39909|39909|376|376|16
12|JAPAN|43|12|52166.25|0.09|43|39909|39909|376|376|16
16|MOZAMBIQUE|31|16|22640.64|0.09|31|39909|39909|376|376|16
18|CHINA|75|18|39132.0|0.07|75|39909|39909|376|376|16
14|KENYA|6|14|15712.8|0.1|6|47079|47079|376|376|16
22|RUSSIA|25|22|51085.35|0.1|25|47079|47079|376|376|16
22|RUSSIA|25|22|3696.08|0.05|25|47079|47079|376|376|16
22|RUSSIA|65|22|42188.51|0.05|65|47079|47079|376|376|16
22|RUSSIA|16|22|9946.72|0.03|16|47079|47079|376|376|16
18|CHINA|27|18|49074.58|0.03|27|47079|47079|376|376|16
5|ETHIOPIA|63|5|42516.09|0.04|63|47079|47079|376|376|16
21|VIETNAM|80|21|28317.76|0.08|80|5634|5634|542|542|16
14|KENYA|6|14|39162.76|0.0|6|5634|5634|542|542|16
1|ARGENTINA|71|1|28608.58|0.02|71|5634|5634|542|542|16
6|FRANCE|70|6|35788.22|0.1|70|5634|5634|542|542|16
15|MOROCCO|4|15|903.0|0.04|4|5634|5634|542|542|16
23|UNITED KINGDOM|66|23|1182.28|0.05|66|9026|9026|542|542|16
9|INDONESIA|50|9|48154.68|0.03|50|9026|9026|542|542|16
16|MOZAMBIQUE|56|16|27770.82|0.04|56|9026|9026|542|542|16
7|GERMANY|44|7|26861.04|0.08|44|4740|4740|542|542|16
3|CANADA|20|3|20218.22|0.06|20|4740|4740|542|542|16
23|UNITED KINGDOM|66|23|61070.66|0.08|66|24483|24483|542|542|16
5|ETHIOPIA|78|5|13791.12|0.07|78|24483|24483|542|542|16
14|KENYA|76|14|59263.2|0.07|76|24483|24483|542|542|16
23|UNITED KINGDOM|32|23|10461.55|0.07|32|24483|24483|542|542|16
22|RUSSIA|16|22|9495.15|0.07|16|24483|24483|542|542|16
14|KENYA|6|14|40062.9|0.05|6|19142|19142|143|143|16
23|UNITED KINGDOM|66|23|54733.95|0.04|66|19142|19142|143|143|16
4|EGYPT|69|4|17464.72|0.08|69|19142|19142|143|143|16
22|RUSSIA|25|22|52661.7|0.04|25|19142|19142|143|143|16
21|VIETNAM|68|21|14512.0|0.05|68|19142|19142|143|143|16
24|UNITED STATES|46|24|30222.06|0.0|46|19142|19142|143|143|16
14|KENYA|6|14|10523.28|0.02|6|21378|21378|143|143|16
17|PERU|1|17|70575.2|0.01|1|21378|21378|143|143|16
16|MOZAMBIQUE|73|16|31731.48|0.09|73|21378|21378|143|143|16
15|MOROCCO|14|15|36614.9|0.0|14|21378|21378|143|143|16
24|UNITED STATES|19|24|34278.66|0.06|19|21378|21378|143|143|16
0|ALGERIA|28|0|44966.74|0.03|28|21378|21378|143|143|16
9|INDONESIA|51|9|56390.63|0.01|51|45799|45799|143|143|16
7|GERMANY|44|7|3852.24|0.06|44|45799|45799|143|143|16
14|KENYA|79|14|54916.63|0.06|79|45799|45799|143|143|16
1|ARGENTINA|29|1|16938.3|0.01|29|45799|45799|143|143|16
18|CHINA|75|18|16367.3|0.1|75|45799|45799|143|143|16
18|CHINA|41|18|34562.16|0.08|41|45799|45799|143|143|16
15|MOROCCO|14|15|28030.8|0.07|14|4132|4132|143|143|16
16|MOZAMBIQUE|18|16|23324.53|0.07|18|4132|4132|143|143|16
16|MOZAMBIQUE|31|16|28704.42|0.09|31|4132|4132|143|143|16
18|CHINA|27|18|33407.1|0.09|27|11331|11331|143|143|16
22|RUSSIA|25|22|36098.0|0.01|25|12355|12355|143|143|16
4|EGYPT|69|4|58718.98|0.1|69|12355|12355|143|143|16
15|MOROCCO|14|15|23993.34|0.08|14|12355|12355|143|143|16
14|KENYA|47|14|28117.0|0.01|47|12355|12355|143|143|16
4|EGYPT|67|4|48291.84|0.09|67|12355|12355|143|143|16
2|BRAZIL|21|2|27605.34|0.09|21|12355|12355|143|143|16
19|ROMANIA|17|19|58056.25|0.05|17|12355|12355|143|143|16
9|INDONESIA|50|9|57341.2|0.03|50|46854|46854|220|220|16
0|ALGERIA|37|0|37798.6|0.01|37|46854|46854|220|220|16
4|EGYPT|69|4|18093.46|0.07|69|46854|46854|220|220|16
18|CHINA|27|18|48645.22|0.03|27|46854|46854|220|220|16
18|CHINA|75|18|39843.6|0.02|75|46854|46854|220|220|16
18|CHINA|41|18|69151.52|0.04|41|1056|1056|220|220|16
6|FRANCE|70|6|8216.76|0.02|70|13857|13857|220|220|16
18|CHINA|11|18|65710.7|0.08|11|44964|44964|220|220|16
4|EGYPT|22|4|27764.25|0.04|22|44964|44964|220|220|16
14|KENYA|48|14|54574.38|0.08|48|44964|44964|220|220|16
14|KENYA|79|14|52906.35|0.1|79|44964|44964|220|220|16
0|ALGERIA|24|0|46470.6|0.1|24|44964|44964|220|220|16
18|CHINA|27|18|45505.92|0.05|27|44964|44964|220|220|16
11|IRAQ|5|11|33201.3|0.06|5|36771|36771|220|220|16
12|JAPAN|54|12|24452.1|0.08|54|36771|36771|220|220|16
24|UNITED STATES|64|24|51803.08|0.1|64|36771|36771|220|220|16
5|ETHIOPIA|2|5|15040.2|0.08|2|36771|36771|220|220|16
24|UNITED STATES|64|24|75632.16|0.08|64|22753|22753|221|221|16
17|PERU|1|17|39543.12|0.06|1|30533|30533|221|221|16
9|INDONESIA|51|9|37740.0|0.02|51|30533|30533|221|221|16
14|KENYA|47|14|76730.64|0.02|47|30533|30533|221|221|16
0|ALGERIA|24|0|30399.84|0.04|24|30533|30533|221|221|16
17|PERU|1|17|36778.94|0.08|1|34727|34727|221|221|16
4|EGYPT|38|4|26347.72|0.1|38|34727|34727|221|221|16
18|CHINA|27|18|37508.31|0.0|27|34727|34727|221|221|16
7|GERMANY|77|7|24580.95|0.07|77|12192|12192|221|221|16
21|VIETNAM|68|21|51742.32|0.1|68|26052|26052|221|221|16
10|IRAN|34|10|34687.0|0.05|34|26052|26052|221|221|16
24|UNITED STATES|19|24|84489.0|0.0|19|26052|26052|221|221|16
14|KENYA|48|14|25338.88|0.06|48|28741|28741|221|221|16
9|INDONESIA|45|9|12773.86|0.1|45|28741|28741|221|221|16
15|MOROCCO|4|15|5000.5|0.09|4|28741|28741|221|221|16
23|UNITED KINGDOM|32|23|54403.13|0.1|32|28741|28741|221|221|16
19|ROMANIA|17|19|33175.0|0.03|17|28741|28741|221|221|16
18|CHINA|27|18|48645.22|0.08|27|28741|28741|221|221|16
9|INDONESIA|50|9|20405.7|0.07|50|11873|11873|691|691|16
21|VIETNAM|80|21|6771.16|0.06|80|33216|33216|691|691|16
17|PERU|1|17|20812.2|0.05|1|33216|33216|691|691|16
9|INDONESIA|50|9|17442.48|0.01|50|33216|33216|691|691|16
1|ARGENTINA|29|1|52980.68|0.05|29|33216|33216|691|691|16
2|BRAZIL|21|2|14113.4|0.1|21|33216|33216|691|691|16
16|MOZAMBIQUE|30|16|39944.1|0.09|30|43715|43715|691|691|16
4|EGYPT|22|4|35029.53|0.05|22|7046|7046|691|691|16
22|RUSSIA|42|22|61211.36|0.02|42|7046|7046|691|691|16
16|MOZAMBIQUE|31|16|73178.0|0.07|31|7046|7046|691|691|16
24|UNITED STATES|64|24|63572.16|0.06|64|7046|7046|691|691|16
10|IRAN|9|10|4657.04|0.01|9|11715|11715|691|691|16
7|GERMANY|44|7|49818.28|0.02|44|14883|14883|691|691|16
23|UNITED KINGDOM|66|23|17371.08|0.02|66|14883|14883|691|691|16
17|PERU|57|17|9898.64|0.04|57|14883|14883|691|691|16
14|KENYA|76|14|10523.34|0.1|76|14883|14883|691|691|16
22|RUSSIA|65|22|30806.89|0.0|65|14883|14883|691|691|16
24|UNITED STATES|64|24|8667.54|0.01|64|14883|14883|691|691|16
24|UNITED STATES|55|24|50029.65|0.07|55|45574|45574|493|493|16
5|ETHIOPIA|2|5|12208.05|0.03|2|25536|25536|194|194|16
22|RUSSIA|25|22|79702.13|0.08|25|31910|31910|194|194|16
0|ALGERIA|24|0|86919.63|0.09|24|31910|31910|194|194|16
5|ETHIOPIA|2|5|12941.68|0.09|2|31910|31910|194|194|16
17|PERU|8|17|18128.37|0.02|8|29511|29511|194|194|16
14|KENYA|79|14|23400.96|0.1|79|29511|29511|194|194|16
23|UNITED KINGDOM|66|23|71355.2|0.02|66|29383|29383|250|250|16
6|FRANCE|70|6|16848.53|0.07|70|29383|29383|250|250|16
24|UNITED STATES|46|24|3657.93|0.04|46|29383|29383|250|250|16
3|CANADA|13|3|53717.73|0.1|13|29383|29383|250|250|16
18|CHINA|27|18|30337.28|0.0|27|29383|29383|250|250|16
23|UNITED KINGDOM|66|23|40587.12|0.03|66|23104|23104|250|250|16
8|INDIA|39|8|28355.75|0.0|39|23104|23104|250|250|16
19|ROMANIA|52|19|40219.56|0.06|52|23104|23104|250|250|16
6|FRANCE|70|6|73862.2|0.03|70|46944|46944|250|250|16
22|RUSSIA|25|22|8676.54|0.06|25|46944|46944|250|250|16
10|IRAN|34|10|32858.98|0.07|34|46944|46944|250|250|16
22|RUSSIA|65|22|17719.2|0.03|65|46944|46944|250|250|16
22|RUSSIA|16|22|18650.1|0.02|16|46944|46944|250|250|16
22|RUSSIA|16|22|10481.4|0.03|16|46944|46944|250|250|16
17|PERU|8|17|39221.05|0.01|8|26627|26627|250|250|16
23|UNITED KINGDOM|7|23|10851.8|0.0|7|26627|26627|250|250|16
11|IRAQ|5|11|8121.75|0.1|5|26627|26627|250|250|16
8|INDIA|15|8|2478.66|0.03|15|26627|26627|250|250|16
18|CHINA|41|18|12878.04|0.07|41|26627|26627|250|250|16
10|IRAN|34|10|51506.5|0.1|34|7586|7586|250|250|16
12|JAPAN|43|12|51378.99|0.09|43|7586|7586|250|250|16
13|JORDAN|36|13|25377.75|0.1|36|11968|11968|250|250|16
8|INDIA|12|8|18950.4|0.06|12|11968|11968|250|250|16
8|INDIA|61|8|29158.08|0.03|61|1319|1319|250|250|16
2|BRAZIL|21|2|14331.48|0.09|21|1319|1319|250|250|16
8|INDIA|15|8|3625.82|0.01|15|26850|26850|250|250|16
3|CANADA|13|3|17694.84|0.08|13|26850|26850|250|250|16
24|UNITED STATES|49|24|29431.4|0.07|49|26850|26850|250|250|16
18|CHINA|41|18|21463.4|0.1|41|26850|26850|250|250|16
16|MOZAMBIQUE|30|16|14375.12|0.1|30|26850|26850|250|250|16
5|ETHIOPIA|2|5|33110.64|0.03|2|26850|26850|250|250|16
15|MOROCCO|14|15|3561.84|0.09|14|15269|15269|250|250|16
17|PERU|57|17|75295.68|0.04|57|15269|15269|250|250|16
9|INDONESIA|23|9|8345.12|0.08|23|15269|15269|250|250|16
24|UNITED STATES|19|24|11016.12|0.09|19|15269|15269|250|250|16
18|CHINA|72|18|40716.69|0.07|72|10144|10144|250|250|16
18|CHINA|72|18|17708.57|0.07|72|10144|10144|250|250|16
8|INDIA|15|8|17597.21|0.06|15|10144|10144|250|250|16
22|RUSSIA|16|22|59182.8|0.07|16|10144|10144|250|250|16
5|ETHIOPIA|2|5|55079.22|0.06|2|10144|10144|250|250|16
8|INDIA|61|8|30332.75|0.01|61|31751|31751|1123|1123|16
8|INDIA|61|8|21623.6|0.08|61|31751|31751|1123|1123|16
6|FRANCE|70|6|49507.85|0.07|70|31751|31751|1123|1123|16
14|KENYA|48|14|14805.8|0.02|48|31751|31751|1123|1123|16
3|CANADA|13|3|14892.75|0.06|13|31751|31751|1123|1123|16
15|MOROCCO|4|15|11700.48|0.05|4|31751|31751|1123|1123|16
12|JAPAN|54|12|5484.06|0.04|54|31751|31751|1123|1123|16
19|ROMANIA|62|19|37195.76|0.1|62|12512|12512|1123|1123|16
22|RUSSIA|40|22|47499.75|0.03|40|12512|12512|1123|1123|16
24|UNITED STATES|55|24|25137.81|0.03|55|12512|12512|1123|1123|16
0|ALGERIA|37|0|55619.6|0.1|37|20806|20806|1123|1123|16
17|PERU|57|17|55627.8|0.01|57|20806|20806|1123|1123|16
18|CHINA|72|18|26114.93|0.06|72|7076|7076|1123|1123|16
12|JAPAN|54|12|54626.14|0.04|54|7076|7076|1123|1123|16
23|UNITED KINGDOM|32|23|37693.92|0.04|32|2086|2086|1123|1123|16
7|GERMANY|44|7|69752.48|0.07|44|13089|13089|1123|1123|16
8|INDIA|61|8|51215.2|0.06|61|13089|13089|1123|1123|16
10|IRAN|9|10|40026.56|0.05|9|13089|13089|1123|1123|16
15|MOROCCO|14|15|82787.5|0.03|14|13089|13089|1123|1123|16
22|RUSSIA|40|22|28731.36|0.03|40|35207|35207|809|809|16
7|GERMANY|77|7|59664.5|0.05|77|35207|35207|809|809|16
8|INDIA|61|8|51373.76|0.0|61|35207|35207|809|809|16
19|ROMANIA|52|19|13604.49|0.01|52|35207|35207|809|809|16
18|CHINA|11|18|46004.35|0.08|11|31396|31396|809|809|16
22|RUSSIA|25|22|4219.5|0.01|25|31396|31396|809|809|16
3|CANADA|13|3|14766.84|0.1|13|31396|31396|809|809|16
4|EGYPT|67|4|32975.7|0.01|67|31396|31396|809|809|16
24|UNITED STATES|19|24|1036.13|0.09|19|31396|31396|809|809|16
12|JAPAN|54|12|14671.44|0.03|54|11521|11521|44|44|16
8|INDIA|60|8|61602.24|0.06|60|32546|32546|44|44|16
10|IRAN|9|10|42035.22|0.05|9|32546|32546|44|44|16
14|KENYA|48|14|3868.24|0.07|48|32546|32546|44|44|16
20|SAUDI ARABIA|74|20|1533.63|0.06|74|32546|32546|44|44|16
19|ROMANIA|52|19|16416.18|0.05|52|32546|32546|44|44|16
17|PERU|57|17|16157.55|0.06|57|30534|30534|44|44|16
16|MOZAMBIQUE|18|16|58522.16|0.04|18|30534|30534|44|44|16
14|KENYA|79|14|18780.6|0.1|79|26144|26144|44|44|16
4|EGYPT|67|4|12837.51|0.02|67|26144|26144|44|44|16
12|JAPAN|54|12|59463.2|0.01|54|26144|26144|44|44|16
22|RUSSIA|42|22|8066.64|0.1|42|26144|26144|44|44|16
16|MOZAMBIQUE|30|16|12685.5|0.04|30|26144|26144|44|44|16
5|ETHIOPIA|63|5|23969.22|0.09|63|26144|26144|44|44|16
11|IRAQ|5|11|55378.69|0.04|5|28867|28867|1199|1199|16
14|KENYA|48|14|21671.2|0.01|48|28867|28867|1199|1199|16
13|JORDAN|36|13|18980.4|0.01|36|28867|28867|1199|1199|16
17|PERU|57|17|9325.17|0.01|57|28867|28867|1199|1199|16
0|ALGERIA|28|0|36056.18|0.02|28|28867|28867|1199|1199|16
5|ETHIOPIA|2|5|24821.6|0.1|2|28867|28867|1199|1199|16
7|GERMANY|77|7|31110.75|0.05|77|8480|8480|1199|1199|16
7|GERMANY|77|7|40959.45|0.02|77|8480|8480|1199|1199|16
15|MOROCCO|14|15|71751.14|0.08|14|8480|8480|1199|1199|16
0|ALGERIA|24|0|59920.32|0.07|24|8480|8480|1199|1199|16
0|ALGERIA|28|0|49816.49|0.07|28|8480|8480|1199|1199|16
0|ALGERIA|28|0|3744.12|0.03|28|8480|8480|1199|1199|16
20|SAUDI ARABIA|74|20|1348.44|0.06|74|8480|8480|1199|1199|16
12|JAPAN|54|12|22882.86|0.08|54|41731|41731|1199|1199|16
18|CHINA|72|18|5702.08|0.02|72|40134|40134|1199|1199|16
17|PERU|59|17|9284.75|0.0|59|40134|40134|1199|1199|16
16|MOZAMBIQUE|30|16|20910.26|0.02|30|40134|40134|1199|1199|16
23|UNITED KINGDOM|7|23|45724.0|0.04|7|24804|24804|1199|1199|16
14|KENYA|6|14|54097.4|0.0|6|24804|24804|1199|1199|16
7|GERMANY|44|7|40458.72|0.08|44|17383|17383|1199|1199|16
7|GERMANY|44|7|45200.0|0.07|44|17383|17383|1199|1199|16
21|VIETNAM|35|21|41723.88|0.01|35|17383|17383|1199|1199|16
5|ETHIOPIA|78|5|12643.6|0.08|78|17383|17383|1199|1199|16
16|MOZAMBIQUE|18|16|22919.7|0.07|18|17383|17383|1199|1199|16
22|RUSSIA|42|22|68574.66|0.08|42|17383|17383|1199|1199|16
23|UNITED KINGDOM|66|23|5430.0|0.08|66|1472|1472|1199|1199|16
15|MOROCCO|4|15|24909.3|0.03|4|1472|1472|1199|1199|16
8|INDIA|39|8|34489.8|0.04|39|1472|1472|1199|1199|16
9|INDONESIA|51|9|39597.58|0.1|51|35143|35143|1199|1199|16
22|RUSSIA|16|22|7932.61|0.04|16|35143|35143|1199|1199|16
7|GERMANY|77|7|26403.75|0.05|77|44352|44352|1199|1199|16
17|PERU|57|17|11523.33|0.04|57|44352|44352|1199|1199|16
16|MOZAMBIQUE|58|16|39842.25|0.04|58|26337|26337|88|88|16
14|KENYA|48|14|69866.4|0.02|48|18273|18273|88|88|16
16|MOZAMBIQUE|58|16|56891.84|0.07|58|18273|18273|88|88|16
8|INDIA|39|8|23263.82|0.04|39|18273|18273|88|88|16
3|CANADA|20|3|14065.0|0.01|20|18273|18273|88|88|16
3|CANADA|20|3|11252.0|0.06|20|18273|18273|88|88|16
7|GERMANY|53|7|44737.44|0.04|53|18273|18273|88|88|16
23|UNITED KINGDOM|7|23|31879.98|0.02|7|903|903|88|88|16
8|INDIA|15|8|12099.96|0.09|15|903|903|88|88|16
16|MOZAMBIQUE|58|16|16098.29|0.07|58|903|903|88|88|16
3|CANADA|13|3|34022.45|0.06|13|903|903|88|88|16
10|IRAN|34|10|38218.77|0.04|34|903|903|88|88|16
24|UNITED STATES|10|24|1229.32|0.04|10|903|903|88|88|16
24|UNITED STATES|55|24|24455.01|0.0|55|30659|30659|88|88|16
7|GERMANY|44|7|21537.75|0.04|44|30659|30659|88|88|16
19|ROMANIA|62|19|3463.66|0.06|62|46914|46914|88|88|16
7|GERMANY|44|7|12754.04|0.07|44|46914|46914|88|88|16
18|CHINA|72|18|34618.38|0.04|72|46914|46914|88|88|16
1|ARGENTINA|71|1|37421.31|0.04|71|46914|46914|88|88|16
8|INDIA|39|8|4072.44|0.05|39|46914|46914|88|88|16
17|PERU|1|17|29732.0|0.06|1|19971|19971|88|88|16
9|INDONESIA|50|9|54937.34|0.08|50|19971|19971|88|88|16
6|FRANCE|70|6|35389.28|0.0|70|19971|19971|88|88|16
0|ALGERIA|37|0|75879.6|0.0|37|19971|19971|88|88|16
8|INDIA|15|8|33917.1|0.0|15|19971|19971|88|88|16
4|EGYPT|38|4|13851.0|0.03|38|19971|19971|88|88|16
14|KENYA|47|14|45712.64|0.09|47|18211|18211|88|88|16
24|UNITED STATES|19|24|48844.44|0.09|19|18211|18211|88|88|16
24|UNITED STATES|10|24|32724.0|0.05|10|18211|18211|88|88|16
12|JAPAN|54|12|29978.2|0.09|54|18211|18211|88|88|16
19|ROMANIA|17|19|26218.89|0.03|17|18211|18211|88|88|16
4|EGYPT|38|4|1342.44|0.0|38|18211|18211|88|88|16
7|GERMANY|53|7|32311.23|0.01|53|18211|18211|88|88|16
4|EGYPT|67|4|23229.82|0.03|67|27332|27332|88|88|16
14|KENYA|47|14|49876.8|0.02|47|38662|38662|88|88|16
15|MOROCCO|4|15|35059.44|0.04|4|38662|38662|88|88|16
4|EGYPT|38|4|40469.52|0.07|38|38662|38662|88|88|16
9|INDONESIA|50|9|4138.41|0.03|50|9829|9829|1103|1103|16
18|CHINA|75|18|2136.32|0.08|75|9829|9829|1103|1103|16
10|IRAN|9|10|39904.86|0.06|9|4736|4736|1103|1103|16
1|ARGENTINA|3|1|38130.56|0.03|3|4736|4736|1103|1103|16
23|UNITED KINGDOM|7|23|19621.12|0.08|7|40225|40225|1103|1103|16
14|KENYA|6|14|79371.6|0.01|6|40225|40225|1103|1103|16
17|PERU|57|17|53858.5|0.09|57|40225|40225|1103|1103|16
23|UNITED KINGDOM|32|23|7624.4|0.09|32|40225|40225|1103|1103|16
22|RUSSIA|42|22|48053.0|0.05|42|40225|40225|1103|1103|16
23|UNITED KINGDOM|66|23|12694.5|0.0|66|15714|15714|1103|1103|16
24|UNITED STATES|10|24|5417.8|0.01|10|15714|15714|1103|1103|16
24|UNITED STATES|10|24|11340.08|0.01|10|15714|15714|1103|1103|16
22|RUSSIA|42|22|79137.66|0.02|42|15714|15714|1103|1103|16
19|ROMANIA|52|19|21162.54|0.05|52|15714|15714|1103|1103|16
21|VIETNAM|80|21|14727.84|0.02|80|40871|40871|608|608|16
19|ROMANIA|62|19|21919.46|0.0|62|40871|40871|608|608|16
10|IRAN|34|10|25972.06|0.08|34|40871|40871|608|608|16
3|CANADA|20|3|45229.85|0.0|20|40871|40871|608|608|16
21|VIETNAM|80|21|47365.25|0.02|80|326|326|608|608|16
21|VIETNAM|68|21|54711.63|0.06|68|326|326|608|608|16
15|MOROCCO|4|15|36495.37|0.04|4|326|326|608|608|16
16|MOZAMBIQUE|18|16|40133.7|0.02|18|326|326|608|608|16
12|JAPAN|43|12|58201.51|0.04|43|326|326|608|608|16
18|CHINA|27|18|34286.75|0.03|27|326|326|608|608|16
22|RUSSIA|16|22|7898.35|0.03|16|326|326|608|608|16
21|VIETNAM|35|21|44067.12|0.02|35|44997|44997|608|608|16
10|IRAN|34|10|48350.07|0.04|34|44997|44997|608|608|16
19|ROMANIA|62|19|38100.26|0.05|62|39015|39015|608|608|16
17|PERU|59|17|19829.28|0.08|59|39015|39015|608|608|16
0|ALGERIA|28|0|2090.28|0.07|28|39015|39015|608|608|16
24|UNITED STATES|64|24|16165.16|0.1|64|39015|39015|608|608|16
7|GERMANY|53|7|63043.68|0.1|53|39015|39015|608|608|16
22|RUSSIA|40|22|36557.37|0.07|40|15205|15205|1142|1142|16
16|MOZAMBIQUE|73|16|39216.43|0.02|73|15205|15205|1142|1142|16
8|INDIA|61|8|42796.36|0.09|61|15205|15205|1142|1142|16
15|MOROCCO|14|15|55081.04|0.04|14|15205|15205|1142|1142|16
17|PERU|57|17|49264.91|0.01|57|15205|15205|1142|1142|16
10|IRAN|34|10|37891.92|0.03|34|15205|15205|1142|1142|16
1|ARGENTINA|3|1|17849.92|0.05|3|15205|15205|1142|1142|16
22|RUSSIA|25|22|74614.76|0.05|25|14305|14305|1142|1142|16
7|GERMANY|33|7|7069.62|0.08|33|32711|32711|1142|1142|16
24|UNITED STATES|46|24|20370.93|0.02|46|32711|32711|1142|1142|16
17|PERU|57|17|25151.55|0.01|57|32711|32711|1142|1142|16
3|CANADA|13|3|53949.24|0.01|13|32711|32711|1142|1142|16
19|ROMANIA|17|19|13716.95|0.0|17|32711|32711|1142|1142|16
18|CHINA|27|18|59431.14|0.0|27|32711|32711|1142|1142|16
7|GERMANY|53|7|21551.22|0.03|53|32711|32711|1142|1142|16
18|CHINA|72|18|36225.59|0.07|72|38946|38946|1142|1142|16
21|VIETNAM|35|21|5541.0|0.02|35|7235|7235|1142|1142|16
18|CHINA|27|18|15304.51|0.03|27|7235|7235|1142|1142|16
1|ARGENTINA|29|1|21905.24|0.07|29|36739|36739|191|191|16
18|CHINA|11|18|27518.61|0.05|11|28550|28550|191|191|16
8|INDIA|61|8|31546.06|0.02|61|28550|28550|191|191|16
14|KENYA|47|14|65862.42|0.05|47|28550|28550|191|191|16
17|PERU|57|17|33813.45|0.08|57|28550|28550|191|191|16
5|ETHIOPIA|78|5|41489.01|0.0|78|28550|28550|191|191|16
1|ARGENTINA|29|1|50804.25|0.02|29|28550|28550|191|191|16
19|ROMANIA|17|19|32763.96|0.08|17|18566|18566|191|191|16
18|CHINA|41|18|9950.9|0.07|41|18566|18566|191|191|16
18|CHINA|41|18|63548.08|0.03|41|18566|18566|191|191|16
7|GERMANY|44|7|44497.95|0.01|44|47013|47013|191|191|16
15|MOROCCO|14|15|44873.74|0.07|14|20994|20994|725|725|16
21|VIETNAM|68|21|62417.0|0.04|68|20994|20994|725|725|16
18|CHINA|75|18|52346.28|0.06|75|20994|20994|725|725|16
4|EGYPT|22|4|59033.04|0.06|22|45188|45188|725|725|16
8|INDIA|61|8|38495.18|0.05|61|45188|45188|725|725|16
0|ALGERIA|24|0|61316.15|0.01|24|45188|45188|725|725|16
0|ALGERIA|24|0|51849.48|0.02|24|45188|45188|725|725|16
0|ALGERIA|24|0|13819.85|0.0|24|45188|45188|725|725|16
4|EGYPT|38|4|48159.68|0.02|38|45188|45188|725|725|16
16|MOZAMBIQUE|31|16|38082.0|0.06|31|45188|45188|725|725|16
18|CHINA|11|18|38993.05|0.05|11|2658|2658|109|109|16
24|UNITED STATES|55|24|42932.25|0.03|55|2658|2658|109|109|16
21|VIETNAM|26|21|13560.82|0.07|26|2658|2658|109|109|16
8|INDIA|12|8|24842.84|0.08|12|2658|2658|109|109|16
24|UNITED STATES|10|24|29056.59|0.05|10|2658|2658|109|109|16
18|CHINA|75|18|36008.06|0.04|75|2658|2658|109|109|16
8|INDIA|39|8|65904.3|0.06|39|25888|25888|109|109|16
3|CANADA|20|3|37402.95|0.07|20|25888|25888|109|109|16
8|INDIA|61|8|47637.66|0.03|61|16802|16802|109|109|16
18|CHINA|72|18|51421.44|0.03|72|16802|16802|109|109|16
18|CHINA|72|18|21414.88|0.06|72|16802|16802|109|109|16
8|INDIA|60|8|33566.75|0.03|60|16802|16802|109|109|16
16|MOZAMBIQUE|58|16|71391.18|0.1|58|16802|16802|109|109|16
5|ETHIOPIA|78|5|5490.95|0.03|78|16802|16802|109|109|16
7|GERMANY|53|7|40324.46|0.09|53|36899|36899|109|109|16
8|INDIA|15|8|19507.8|0.05|15|6241|6241|109|109|16
16|MOZAMBIQUE|58|16|25407.18|0.04|58|6241|6241|109|109|16
12|JAPAN|43|12|9145.92|0.07|43|6241|6241|109|109|16
20|SAUDI ARABIA|74|20|28642.82|0.1|74|6241|6241|109|109|16
24|UNITED STATES|46|24|26398.08|0.02|46|25955|25955|109|109|16
14|KENYA|76|14|33426.75|0.02|76|25955|25955|109|109|16
12|JAPAN|54|12|4032.4|0.01|54|25955|25955|109|109|16
1|ARGENTINA|3|1|9883.71|0.03|3|25955|25955|109|109|16
6|FRANCE|70|6|36647.68|0.06|70|9671|9671|109|109|16
0|ALGERIA|24|0|64519.0|0.07|24|9671|9671|109|109|16
16|MOZAMBIQUE|30|16|26145.9|0.1|30|9671|9671|109|109|16
16|MOZAMBIQUE|58|16|36199.36|0.07|58|18116|18116|109|109|16
8|INDIA|12|8|32785.25|0.02|12|18116|18116|109|109|16
2|BRAZIL|21|2|32416.2|0.1|21|18116|18116|109|109|16
0|ALGERIA|28|0|13103.79|0.1|28|18116|18116|109|109|16
22|RUSSIA|16|22|70004.25|0.07|16|18116|18116|109|109|16
1|ARGENTINA|71|1|23272.8|0.1|71|21187|21187|109|109|16
7|GERMANY|53|7|19724.88|0.07|53|21187|21187|109|109|16
7|GERMANY|77|7|30921.99|0.01|77|13824|13824|877|877|16
16|MOZAMBIQUE|58|16|8433.2|0.04|58|13824|13824|877|877|16
16|MOZAMBIQUE|58|16|25924.74|0.08|58|13824|13824|877|877|16
5|ETHIOPIA|63|5|33326.91|0.09|63|13824|13824|877|877|16
19|ROMANIA|62|19|22319.4|0.07|62|21091|21091|877|877|16
8|INDIA|61|8|9291.94|0.03|61|21091|21091|877|877|16
18|CHINA|41|18|42186.44|0.02|41|21091|21091|877|877|16
19|ROMANIA|62|19|43601.5|0.09|62|27334|27334|877|877|16
19|ROMANIA|62|19|14799.96|0.05|62|27334|27334|877|877|16
5|ETHIOPIA|78|5|34982.08|0.0|78|27334|27334|877|877|16
24|UNITED STATES|19|24|1798.89|0.09|19|27334|27334|877|877|16
22|RUSSIA|65|22|16557.5|0.04|65|27334|27334|877|877|16
4|EGYPT|38|4|65657.16|0.08|38|27334|27334|877|877|16
17|PERU|8|17|38982.24|0.03|8|12641|12641|877|877|16
14|KENYA|6|14|29599.92|0.03|6|12641|12641|877|877|16
18|CHINA|72|18|66955.3|0.06|72|12641|12641|877|877|16
24|UNITED STATES|19|24|11625.32|0.04|19|12641|12641|877|877|16
8|INDIA|39|8|56415.06|0.04|39|12641|12641|877|877|16
16|MOZAMBIQUE|31|16|4477.77|0.07|31|12641|12641|877|877|16
22|RUSSIA|40|22|23004.8|0.0|40|21793|21793|877|877|16
6|FRANCE|70|6|18822.16|0.04|70|21793|21793|877|877|16
21|VIETNAM|80|21|35703.85|0.08|80|19171|19171|788|788|16
21|VIETNAM|80|21|21720.01|0.09|80|19171|19171|788|788|16
17|PERU|59|17|60737.93|0.02|59|19171|19171|788|788|16
0|ALGERIA|24|0|1020.12|0.09|24|19171|19171|788|788|16
16|MOZAMBIQUE|30|16|18902.52|0.03|30|19171|19171|788|788|16
21|VIETNAM|26|21|14485.4|0.05|26|38790|38790|788|788|16
22|RUSSIA|25|22|68586.2|0.04|25|38790|38790|788|788|16
22|RUSSIA|25|22|12012.26|0.06|25|38790|38790|788|788|16
3|CANADA|13|3|28410.4|0.06|13|38790|38790|788|788|16
10|IRAN|34|10|3896.28|0.09|34|38790|38790|788|788|16
21|VIETNAM|80|21|25803.54|0.05|80|2049|2049|238|238|16
23|UNITED KINGDOM|66|23|35162.5|0.08|66|2049|2049|238|238|16
8|INDIA|61|8|36495.37|0.1|61|2049|2049|238|238|16
9|INDONESIA|45|9|36817.56|0.02|45|2049|2049|238|238|16
14|KENYA|76|14|27120.0|0.04|76|2049|2049|238|238|16
5|ETHIOPIA|2|5|26616.22|0.07|2|2049|2049|238|238|16
10|IRAN|34|10|59817.94|0.05|34|17190|17190|238|238|16
5|ETHIOPIA|2|5|57156.84|0.05|2|17190|17190|238|238|16
6|FRANCE|70|6|51798.32|0.09|70|35623|35623|238|238|16
9|INDONESIA|23|9|74460.54|0.01|23|35623|35623|238|238|16
9|INDONESIA|23|9|13224.2|0.02|23|35623|35623|238|238|16
15|MOROCCO|4|15|44597.0|0.01|4|35623|35623|238|238|16
16|MOZAMBIQUE|73|16|39003.14|0.07|73|47911|47911|238|238|16
23|UNITED KINGDOM|66|23|7478.04|0.06|66|47911|47911|238|238|16
8|INDIA|61|8|71784.85|0.0|61|47911|47911|238|238|16
8|INDIA|15|8|26073.72|0.06|15|47911|47911|238|238|16
21|VIETNAM|68|21|44208.0|0.06|68|47911|47911|238|238|16
24|UNITED STATES|19|24|51156.4|0.01|19|47911|47911|238|238|16
1|ARGENTINA|3|1|90647.06|0.03|3|47911|47911|238|238|16
21|VIETNAM|80|21|2156.34|0.02|80|41026|41026|238|238|16
24|UNITED STATES|55|24|59069.79|0.09|55|41026|41026|238|238|16
3|CANADA|13|3|18240.2|0.04|13|41026|41026|238|238|16
1|ARGENTINA|29|1|48366.92|0.08|29|41026|41026|238|238|16
18|CHINA|27|18|65585.52|0.09|27|41026|41026|238|238|16
14|KENYA|76|14|42874.87|0.02|76|12320|12320|238|238|16
16|MOZAMBIQUE|31|16|47901.15|0.05|31|12320|12320|238|238|16
21|VIETNAM|80|21|65343.46|0.04|80|44355|44355|425|425|16
14|KENYA|6|14|24975.54|0.04|6|44355|44355|425|425|16
14|KENYA|6|14|9250.2|0.0|6|44355|44355|425|425|16
15|MOROCCO|4|15|20743.97|0.08|4|44355|44355|425|425|16
22|RUSSIA|42|22|41739.64|0.01|42|44355|44355|425|425|16
18|CHINA|41|18|50378.46|0.01|41|44355|44355|425|425|16
5|ETHIOPIA|63|5|7222.7|0.04|63|44355|44355|425|425|16
4|EGYPT|38|4|32802.65|0.01|38|25667|25667|425|425|16
23|UNITED KINGDOM|66|23|67151.67|0.04|66|8323|8323|425|425|16
9|INDONESIA|23|9|58362.48|0.07|23|8323|8323|425|425|16
16|MOZAMBIQUE|31|16|59403.94|0.01|31|8323|8323|425|425|16
17|PERU|8|17|13959.12|0.04|8|28389|28389|425|425|16
1|ARGENTINA|3|1|31682.56|0.01|3|28389|28389|425|425|16
7|GERMANY|44|7|18468.0|0.08|44|13126|13126|766|766|16
7|GERMANY|77|7|53158.0|0.1|77|13126|13126|766|766|16
3|CANADA|13|3|3051.24|0.02|13|13126|13126|766|766|16
17|PERU|57|17|11848.87|0.1|57|13126|13126|766|766|16
4|EGYPT|67|4|45938.36|0.02|67|13126|13126|766|766|16
17|PERU|1|17|64364.02|0.04|1|21697|21697|766|766|16
1|ARGENTINA|71|1|54364.38|0.08|71|21697|21697|766|766|16
13|JORDAN|36|13|24161.48|0.02|36|21697|21697|766|766|16
22|RUSSIA|65|22|34071.4|0.03|65|21697|21697|766|766|16
3|CANADA|20|3|41961.78|0.0|20|21697|21697|766|766|16
9|INDONESIA|51|9|38732.31|0.1|51|5250|5250|766|766|16
4|EGYPT|22|4|2498.68|0.08|22|5250|5250|766|766|16
16|MOZAMBIQUE|73|16|74040.12|0.05|73|23139|23139|766|766|16
8|INDIA|15|8|42762.53|0.02|15|23139|23139|766|766|16
18|CHINA|27|18|25271.86|0.08|27|23139|23139|766|766|16
21|VIETNAM|68|21|43776.48|0.05|68|21926|21926|766|766|16
9|INDONESIA|23|9|91151.52|0.07|23|21926|21926|766|766|16
1|ARGENTINA|3|1|20758.5|0.1|3|21926|21926|766|766|16
17|PERU|8|17|51558.23|0.09|8|26464|26464|766|766|16
7|GERMANY|77|7|22368.13|0.05|77|26464|26464|766|766|16
8|INDIA|61|8|44193.6|0.02|61|26464|26464|766|766|16
18|CHINA|72|18|40157.09|0.08|72|26464|26464|766|766|16
17|PERU|59|17|39135.14|0.02|59|26464|26464|766|766|16
24|UNITED STATES|46|24|23665.92|0.04|46|26464|26464|766|766|16
20|SAUDI ARABIA|74|20|19460.85|0.05|74|26464|26464|766|766|16
14|KENYA|6|14|48965.89|0.01|6|24484|24484|766|766|16
4|EGYPT|22|4|16748.94|0.08|22|24484|24484|766|766|16
17|PERU|59|17|8949.54|0.06|59|24484|24484|766|766|16
24|UNITED STATES|10|24|49891.18|0.1|10|24484|24484|766|766|16
14|KENYA|76|14|47293.52|0.07|76|24484|24484|766|766|16
3|CANADA|20|3|43670.2|0.05|20|24484|24484|766|766|16
22|RUSSIA|40|22|76112.08|0.1|40|20198|20198|766|766|16
6|FRANCE|70|6|17398.48|0.03|70|20198|20198|766|766|16
17|PERU|57|17|43057.38|0.1|57|20198|20198|766|766|16
15|MOROCCO|4|15|21056.23|0.02|4|20198|20198|766|766|16
1|ARGENTINA|29|1|969.06|0.04|29|20198|20198|766|766|16
12|JAPAN|43|12|6006.4|0.08|43|20198|20198|766|766|16
24|UNITED STATES|49|24|8712.54|0.01|49|20198|20198|766|766|16
22|RUSSIA|40|22|49830.24|0.06|40|37734|37734|755|755|16
22|RUSSIA|25|22|70409.7|0.01|25|37734|37734|755|755|16
17|PERU|57|17|26632.26|0.05|57|37734|37734|755|755|16
17|PERU|57|17|5866.35|0.02|57|37734|37734|755|755|16
14|KENYA|76|14|15827.25|0.03|76|37734|37734|755|755|16
18|CHINA|75|18|51469.35|0.06|75|37734|37734|755|755|16
9|INDONESIA|50|9|33821.54|0.05|50|16517|16517|755|755|16
14|KENYA|48|14|2012.2|0.01|48|15201|15201|755|755|16
2|BRAZIL|21|2|62266.0|0.07|21|15201|15201|755|755|16
22|RUSSIA|42|22|36404.5|0.0|42|15201|15201|755|755|16
18|CHINA|11|18|22145.94|0.05|11|43111|43111|755|755|16
4|EGYPT|22|4|1480.58|0.02|22|43111|43111|755|755|16
7|GERMANY|77|7|4369.65|0.06|77|43111|43111|755|755|16
22|RUSSIA|25|22|40114.66|0.03|25|43111|43111|755|755|16
3|CANADA|13|3|29184.32|0.08|13|43111|43111|755|755|16
17|PERU|57|17|52536.33|0.02|57|43111|43111|755|755|16
16|MOZAMBIQUE|18|16|19606.86|0.05|18|43111|43111|755|755|16
11|IRAQ|5|11|38108.92|0.1|5|10179|10179|926|926|16
0|ALGERIA|37|0|49114.36|0.09|37|10179|10179|926|926|16
24|UNITED STATES|46|24|45413.72|0.08|46|10179|10179|926|926|16
9|INDONESIA|51|9|55004.4|0.04|51|15136|15136|926|926|16
16|MOZAMBIQUE|56|16|37246.95|0.1|56|15136|15136|926|926|16
17|PERU|8|17|43610.19|0.02|8|40962|40962|419|419|16
12|JAPAN|54|12|48931.48|0.03|54|40962|40962|419|419|16
12|JAPAN|43|12|44322.6|0.0|43|40962|40962|419|419|16
7|GERMANY|53|7|20127.78|0.04|53|40962|40962|419|419|16
16|MOZAMBIQUE|30|16|20064.76|0.1|30|40962|40962|419|419|16
21|VIETNAM|26|21|44984.02|0.08|26|4485|4485|419|419|16
0|ALGERIA|24|0|47017.52|0.04|24|4485|4485|419|419|16
8|INDIA|39|8|55873.77|0.01|39|4485|4485|419|419|16
22|RUSSIA|42|22|44228.88|0.08|42|4485|4485|419|419|16
4|EGYPT|69|4|63598.47|0.03|69|11906|11906|419|419|16
10|IRAN|9|10|51877.52|0.09|9|9539|9539|209|209|16
1|ARGENTINA|71|1|46214.7|0.02|71|39649|39649|209|209|16
16|MOZAMBIQUE|56|16|44297.1|0.03|56|39649|39649|209|209|16
22|RUSSIA|65|22|22725.0|0.05|65|39649|39649|209|209|16
19|ROMANIA|17|19|18631.8|0.04|17|39649|39649|209|209|16
11|IRAQ|5|11|45596.21|0.09|5|42337|42337|209|209|16
14|KENYA|48|14|67534.92|0.07|48|42337|42337|209|209|16
21|VIETNAM|26|21|85724.24|0.04|26|42337|42337|209|209|16
15|MOROCCO|14|15|35077.8|0.02|14|42337|42337|209|209|16
20|SAUDI ARABIA|74|20|35688.0|0.08|74|42337|42337|209|209|16
8|INDIA|60|8|15083.25|0.06|60|30848|30848|209|209|16
10|IRAN|9|10|54398.14|0.1|9|30848|30848|209|209|16
0|ALGERIA|37|0|58031.2|0.02|37|30848|30848|209|209|16
15|MOROCCO|14|15|48171.0|0.09|14|30848|30848|209|209|16
4|EGYPT|67|4|2778.06|0.09|67|30848|30848|209|209|16
8|INDIA|39|8|3972.36|0.06|39|30848|30848|209|209|16
0|ALGERIA|24|0|55162.24|0.08|24|18178|18178|209|209|16
4|EGYPT|67|4|17903.55|0.07|67|18178|18178|209|209|16
24|UNITED STATES|19|24|45897.72|0.05|19|18178|18178|209|209|16
16|MOZAMBIQUE|18|16|11856.69|0.05|18|18178|18178|209|209|16
17|PERU|8|17|62859.21|0.07|8|871|871|116|116|16
17|PERU|1|17|41224.08|0.06|1|871|871|116|116|16
4|EGYPT|22|4|5153.52|0.0|22|871|871|116|116|16
9|INDONESIA|45|9|7368.16|0.0|45|871|871|116|116|16
12|JAPAN|43|12|27069.64|0.0|43|871|871|116|116|16
7|GERMANY|53|7|80292.96|0.1|53|871|871|116|116|16
18|CHINA|75|18|22943.18|0.09|75|871|871|116|116|16
21|VIETNAM|26|21|37139.5|0.06|26|22112|22112|116|116|16
13|JORDAN|36|13|45694.43|0.1|36|22112|22112|116|116|16
21|VIETNAM|35|21|4796.07|0.02|35|22112|22112|116|116|16
12|JAPAN|43|12|29029.59|0.0|43|22112|22112|116|116|16
0|ALGERIA|24|0|49367.5|0.05|24|30951|30951|764|764|16
22|RUSSIA|65|22|8003.5|0.03|65|4640|4640|764|764|16
8|INDIA|39|8|17238.6|0.03|39|4640|4640|764|764|16
4|EGYPT|38|4|20001.78|0.02|38|4640|4640|764|764|16
24|UNITED STATES|64|24|14397.21|0.03|64|4640|4640|764|764|16
24|UNITED STATES|64|24|38850.12|0.06|64|4640|4640|764|764|16
18|CHINA|11|18|30472.4|0.04|11|32838|32838|764|764|16
18|CHINA|11|18|18976.3|0.09|11|32838|32838|764|764|16
15|MOROCCO|4|15|13456.52|0.1|4|32838|32838|764|764|16
16|MOZAMBIQUE|73|16|20363.7|0.05|73|31271|31271|764|764|16
22|RUSSIA|25|22|28670.24|0.0|25|31271|31271|764|764|16
9|INDONESIA|45|9|12677.44|0.03|45|31271|31271|764|764|16
22|RUSSIA|65|22|11100.24|0.1|65|31271|31271|764|764|16
3|CANADA|20|3|22440.0|0.05|20|31271|31271|764|764|16
12|JAPAN|54|12|27390.3|0.1|54|43397|43397|764|764|16
16|MOZAMBIQUE|31|16|77887.35|0.07|31|6982|6982|137|137|16
18|CHINA|75|18|43607.6|0.07|75|6982|6982|137|137|16
18|CHINA|41|18|79073.99|0.06|41|6982|6982|137|137|16
1|ARGENTINA|71|1|25221.82|0.04|71|2693|2693|137|137|16
22|RUSSIA|16|22|73779.83|0.03|16|2693|2693|137|137|16
21|VIETNAM|80|21|39017.92|0.05|80|21571|21571|137|137|16
21|VIETNAM|80|21|11262.15|0.08|80|21571|21571|137|137|16
0|ALGERIA|24|0|74985.12|0.07|24|21571|21571|137|137|16
24|UNITED STATES|64|24|22398.12|0.06|64|21571|21571|137|137|16
3|CANADA|20|3|7147.52|0.0|20|21571|21571|137|137|16
1|ARGENTINA|3|1|48624.3|0.05|3|21571|21571|137|137|16
21|VIETNAM|68|21|37740.3|0.0|68|7943|7943|994|994|16
21|VIETNAM|35|21|41452.48|0.09|35|31367|31367|994|994|16
18|CHINA|27|18|58334.88|0.05|27|31367|31367|994|994|16
19|ROMANIA|17|19|54626.14|0.06|17|7808|7808|994|994|16
21|VIETNAM|35|21|24351.75|0.05|35|2946|2946|994|994|16
9|INDONESIA|45|9|32340.7|0.03|45|2946|2946|994|994|16
18|CHINA|27|18|79043.52|0.03|27|2946|2946|994|994|16
8|INDIA|15|8|68473.0|0.03|15|10372|10372|994|994|16
16|MOZAMBIQUE|18|16|51234.0|0.03|18|10372|10372|994|994|16
