41795
12579
33446
2080
33831
677
25218
22567
32995
43456
23975
10533
46624
38407
6370
47845
34304
12678
11974
31235
43335
37505
41762
27748
12227
11842
33985
45986
36548
12612
38913
45315
27616
38979
24866
33699
10566
4291
29926
13888
11523
23876
36449
7393
963
11875
25317
25735
12546
30531
30311
38759
20103
37989
40101
36834
22435
32742
36515
43236
22149
44743
33600
12128
15109
11237
10786
37538
10247
9120
30432
24998
23942
37318
27847
23425
10368
21764
37923
43973
14823
22017
31554
17958
32643
26912
32258
325
24899
34887
21511
34469
41058
44864
43302
11303
37857
40871
45348
11138
44644
46437
20323
33732
12359
26725
41124
28804
42752
32005
23744
21984
20356
30784
17408
20037
42565
11105
30245
22116
18948
43522
31367
24833
11424
6051
14757
24965
24514
46118
22369
45249
35943
24800
40035
42246
19718
27429
34337
25955
710
40068
43687
40673
9571
41377
16935
12832
42466
22754
34854
36768
36416
28419
8262
31301
31873
22468
26758
46503
22886
23458
26439
9186
36966
12645
35778
20224
45447
42433
35107
39936
32610
21863
32423
21445
26978
13602
47559
47746
22787
20576
9351
40167
512
31169
7591
35206
13316
25889
13921
13217
41157
12513
37956
17606
44259
30278
15879
14119
31686
46657
7492
35844
30113
20257
42400
24228
26208
42048
12865
42499
14405
41894
31972
13954
9670
35525
25603
12898
23106
44039
43588
14339
36999
43203
259
16902
23238
41861
20741
578
6183
20774
30883
23777
44006
41696
21313
15813
39617
42114
43654
16803
33633
33248
39969
34689
23557
16418
11622
24646
10148
5094
27968
21830
34018
24327
28738
15747
32357
44226
44545
24547
42884
42279
24613
4071
8482
44963
33127
25922
17507
11589
29607
39815
42532
21478
22853
40134
26406
7041
47108
47427
47207
13536
28705
32038
47911
21412
18629
10885
33666
6
45216
14306
33314
16737
38209
45953
12931
46305
34436
43841
46976
14977
43555
27649
7140
26626
44677
36229
743
12007
17639
22534
32544
24679
10951
21159
45799
10467
38726
34722
8097
46019
46756
10401
26659
24129
35745
11776
20961
47812
10599
16704
37824
22688
46338
8163
39716
40288
11556
21731
35459
44512
9153
22336
44710
13987
44325
14438
33952
