6657
29191
6118
3236
1157
6305
7526
31907
2213
5568
41829
9506
4710
5348
8769
3973
5216
9858
2400
2884
5766
1575
11909
6503
6019
3555
6976
7812
3588
5315
8868
40608
4006
17190
1223
1443
2433
2147
7207
35
4897
8967
5447
6756
8934
4226
7779
7427
7746
3654
4864
4578
4677
2246
40839
43908
1058
9924
29092
3940
7713
8802
1124
4644
3456
8736
30917
1696
2598
3874
2631
3489
5249
8549
31808
2851
2114
17091
5634
4996
1410
3841
5029
2279
4512
7878
4743
1861
19170
4259
3269
1377
3137
3104
5414
9605
8516
68
2565
6338
4545
1762
1542
8615
8901
3522
8417
4963
4930
1344
3335
3621
7108
9957
