32999.77|0.05|7457
36270.78|0.03|4993
7140.77|0.06|2881
69212.99|0.02|20838
12433.4|0.05|22917
47997.03|0.05|6434
45744.64|0.02|9701
36929.33|0.03|4487
89862.57|0.0|807
37672.64|0.02|47909
30047.2|0.09|1253
48596.8|0.02|34918
78604.8|0.01|1990
2288.48|0.06|9701
26123.44|0.07|8678
26686.44|0.05|11719
62851.2|0.0|4454
4147.44|0.06|4069
41114.77|0.1|3783
26378.75|0.05|8997
38185.28|0.06|6115
32248.23|0.04|46919
29900.45|0.06|9701
34452.72|0.01|34918
24315.62|0.03|6720
24649.04|0.08|8359
2046.24|0.0|3365
84642.3|0.01|3750
36579.9|0.05|30529
50459.32|0.02|8007
29641.48|0.09|6434
8053.55|0.1|11719
1100.19|0.0|23808
23712.26|0.08|6885
16802.4|0.04|7457
31934.25|0.1|8227
53877.72|0.04|30628
11592.5|0.0|2144
29375.92|0.04|9602
62811.16|0.07|30529
3399.58|0.04|3233
13430.16|0.07|4960
19284.8|0.01|40902
23580.83|0.09|3365
32795.56|0.06|9635
36114.78|0.09|4069
31234.2|0.02|807
42570.0|0.1|9415
16317.3|0.06|34918
92609.02|0.09|20519
63922.95|0.07|4641
36219.0|0.01|10916
29935.92|0.01|609
48316.8|0.05|8227
21884.94|0.03|21509
34225.29|0.07|40704
55044.52|0.0|9415
24314.4|0.05|4256
14263.47|0.06|3585
13703.58|0.03|6720
68040.48|0.1|32608
19710.79|0.01|3585
33235.5|0.08|30628
72101.11|0.05|20838
34537.5|0.02|7457
27489.4|0.03|30947
34851.18|0.04|21509
46321.28|0.06|9415
2738.92|0.07|20519
61237.19|0.04|9668
21097.5|0.09|47909
66221.0|0.09|8832
22989.45|0.05|23808
23569.2|0.04|4003
17623.26|0.02|5378
50240.74|0.06|32608
36153.78|0.06|5543
41965.6|0.03|3585
36188.5|0.1|23808
8199.09|0.05|2023
35337.75|0.02|34918
31504.2|0.02|35908
13126.95|0.02|20805
66026.4|0.0|6115
51452.25|0.0|21729
60744.4|0.08|1187
4309.59|0.08|5543
3876.24|0.03|22818
56084.63|0.09|22917
14589.96|0.02|5543
37198.26|0.08|30727
47051.7|0.03|20805
49161.9|0.0|9954
44117.97|0.03|22818
34181.12|0.04|8227
6793.38|0.09|35908
29854.24|0.08|34918
79034.0|0.04|3783
36172.86|0.07|928
27864.64|0.06|4289
12973.76|0.1|6500
38818.18|0.05|9954
2404.6|0.01|2023
6517.0|0.03|22818
14205.1|0.09|40704
90395.0|0.01|20519
35768.7|0.06|40704
55225.83|0.0|21729
52240.65|0.06|1792
53880.09|0.0|2144
20959.89|0.02|4674
15515.5|0.03|1286
1283.38|0.06|6885
22273.13|0.04|42816
39618.84|0.06|7303
18507.33|0.01|10949
49838.7|0.07|20805
53531.42|0.09|30727
39929.29|0.08|2562
51741.9|0.06|3266
14285.2|0.0|23808
30700.3|0.0|6753
47730.88|0.07|32707
43994.16|0.06|5697
33888.4|0.01|20838
36915.48|0.04|2562
24250.84|0.04|20805
26614.56|0.04|5444
39018.84|0.02|7842
7766.34|0.02|8678
34053.83|0.07|34918
88391.1|0.1|4487
39040.55|0.01|35908
53308.0|0.08|6016
3199.38|0.01|3970
11620.4|0.1|9415
22193.55|0.03|1891
48132.15|0.09|10916
45624.96|0.04|6368
54338.88|0.01|41606
3339.52|0.04|7776
38878.56|0.02|2496
35814.62|0.06|5059
49300.48|0.03|5543
48038.84|0.09|30628
21720.0|0.01|3365
1442.54|0.05|41826
41794.25|0.0|6885
7287.75|0.03|5059
32416.2|0.06|6885
40242.48|0.09|47909
63817.6|0.02|3365
2715.0|0.05|40803
53653.05|0.1|41606
37302.3|0.02|22818
10549.55|0.02|7457
30127.92|0.02|8359
16947.04|0.06|8546
7586.16|0.06|3684
27533.76|0.05|42816
25516.08|0.09|40704
55596.2|0.09|21509
26685.5|0.09|7776
40818.4|0.02|3365
62074.24|0.01|8007
21610.8|0.05|9635
17749.2|0.01|4641
12832.04|0.07|9415
33486.3|0.0|20805
60186.4|0.03|2144
47202.0|0.07|8007
15148.32|0.0|6115
43835.56|0.04|1286
14388.21|0.09|1792
20770.68|0.08|3332
38408.18|0.01|1187
36760.4|0.05|8546
10934.99|0.02|807
27309.2|0.05|9954
32026.32|0.1|5697
42524.88|0.08|7105
2694.88|0.07|8546
39102.0|0.05|9635
41153.15|0.02|6115
20854.89|0.02|8359
6433.07|0.1|32707
64607.0|0.05|6720
39299.92|0.1|4960
8219.89|0.02|7842
57180.55|0.06|46919
8609.36|0.05|5543
44468.97|0.07|5378
64602.09|0.08|1286
3755.94|0.04|7776
14998.06|0.04|8997
35710.36|0.08|47909
32472.0|0.1|9701
54484.75|0.04|6500
43776.48|0.03|7941
6154.52|0.04|7655
64574.25|0.06|4641
50781.39|0.0|1286
9887.57|0.07|40704
57627.45|0.1|7875
17000.34|0.0|1286
58562.4|0.02|10949
31655.02|0.03|7875
88893.6|0.09|21729
58846.92|0.05|9602
53408.88|0.02|3783
15346.3|0.09|807
58758.92|0.06|11719
54148.5|0.09|23808
18780.16|0.0|1253
35605.96|0.05|6885
68473.0|0.0|4069
56424.48|0.08|8546
59495.94|0.09|7457
27769.6|0.02|6115
7532.1|0.03|4960
34197.45|0.06|20838
26912.58|0.0|2144
51054.0|0.05|42629
42919.38|0.08|3970
48653.5|0.0|2023
14118.88|0.03|6753
44006.76|0.1|3332
6937.5|0.01|20519
22164.0|0.1|4454
29822.7|0.09|7776
21245.99|0.03|40902
40741.86|0.05|4993
44669.22|0.07|3970
14145.6|0.03|7105
10434.06|0.06|32608
74166.89|0.09|21729
4850.35|0.04|1792
50077.65|0.02|8227
42166.02|0.03|2496
45682.61|0.04|22917
39325.4|0.0|8997
44435.88|0.04|3783
50778.0|0.09|2496
3972.36|0.06|30848
37336.68|0.01|4960
7448.24|0.04|30529
1079.17|0.01|2562
16434.18|0.03|7556
