3685
8965
1793
40804
6820
5830
1441
7106
11808
1991
9702
43939
29090
8998
23809
9922
3399
21829
31718
8129
5445
4994
4455
7524
5665
41409
30849
3652
4389
8800
31938
20839
42916
20608
3872
8228
6215
1760
8547
3014
3300
9504
2277
2563
2530
3201
41607
4741
2464
4961
3168
8327
6116
5126
7557
9735
4103
99
6468
4422
6721
9988
8833
2178
9537
4257
9603
42949
4675
35909
3234
9856
2343
6853
2662
7876
7425
7975
66
3971
32928
30629
7942
6402
9317
5797
6149
3267
4004
33
8613
5698
11907
8679
5984
3553
7238
23908
5764
9218
9669
30915
31619
1221
7205
3333
4356
8932
5863
2981
1089
5731
7744
4576
4774
44709
2310
30948
3751
42817
32708
7810
5313
1892
9889
7843
