1|ARGENTINA|71|1|23240.8|0.09|71|40263|40263|406
17|PERU|59|17|17765.57|0.08|59|40263|40263|406
22|RUSSIA|65|22|51925.77|0.04|65|40263|40263|406
24|UNITED STATES|10|24|65670.5|0.09|10|40263|40263|406
23|UNITED KINGDOM|32|23|50955.5|0.05|32|40263|40263|406
22|RUSSIA|40|22|92315.02|0.02|40|26304|26304|901
24|UNITED STATES|46|24|63468.0|0.06|46|26304|26304|901
22|RUSSIA|65|22|37188.7|0.02|65|26304|26304|901
19|ROMANIA|17|19|53228.52|0.03|17|26304|26304|901
16|MOZAMBIQUE|31|16|39403.2|0.09|31|26304|26304|901
5|ETHIOPIA|2|5|13890.3|0.06|2|26304|26304|901
9|INDONESIA|50|9|68911.08|0.05|50|33542|33542|82
1|ARGENTINA|71|1|20181.6|0.02|71|33542|33542|82
8|INDIA|15|8|60475.35|0.04|15|33542|33542|82
7|GERMANY|53|7|22296.48|0.05|53|33542|33542|82
24|UNITED STATES|64|24|65670.5|0.05|64|33542|33542|82
18|CHINA|72|18|70738.8|0.03|72|17317|17317|406
0|ALGERIA|24|0|49074.58|0.02|24|17317|17317|406
7|GERMANY|44|7|54059.0|0.08|44|35841|35841|758
10|IRAN|9|10|52824.0|0.0|9|35841|35841|758
0|ALGERIA|37|0|30029.67|0.0|37|35841|35841|758
13|JORDAN|36|13|58714.78|0.02|36|35841|35841|758
7|GERMANY|53|7|16638.71|0.03|53|35841|35841|758
15|MOROCCO|14|15|24192.48|0.01|14|36897|36897|868
12|JAPAN|43|12|29538.35|0.04|43|36897|36897|868
23|UNITED KINGDOM|32|23|66010.14|0.05|32|36897|36897|868
12|JAPAN|43|12|36309.41|0.0|43|36897|36897|868
24|UNITED STATES|10|24|19537.08|0.06|10|36897|36897|868
3|CANADA|20|3|8439.0|0.02|20|36897|36897|868
8|INDIA|12|8|2170.36|0.0|12|28614|28614|934
8|INDIA|12|8|45840.96|0.08|12|28614|28614|934
4|EGYPT|38|4|26253.9|0.03|38|28614|28614|934
3|CANADA|20|3|59154.22|0.02|20|28614|28614|934
7|GERMANY|44|7|35814.72|0.03|44|28768|28768|1193
23|UNITED KINGDOM|66|23|36309.0|0.03|66|28768|28768|1193
8|INDIA|61|8|16568.46|0.0|61|28768|28768|1193
22|RUSSIA|25|22|20697.84|0.09|25|28768|28768|1193
24|UNITED STATES|46|24|44146.5|0.06|46|28768|28768|1193
22|RUSSIA|65|22|52358.58|0.03|65|28768|28768|1193
1|ARGENTINA|3|1|33821.46|0.06|3|28768|28768|1193
9|INDONESIA|50|9|20966.4|0.04|50|28416|28416|82
22|RUSSIA|16|22|48177.87|0.0|16|28416|28416|82
17|PERU|8|17|22259.4|0.05|8|12037|12037|1171
8|INDIA|60|8|15436.4|0.0|60|12037|12037|1171
14|KENYA|47|14|59725.94|0.09|47|12037|12037|1171
9|INDONESIA|45|9|4033.32|0.02|45|12037|12037|1171
24|UNITED STATES|19|24|37579.4|0.03|19|12037|12037|1171
1|ARGENTINA|29|1|7182.65|0.09|29|12037|12037|1171
4|EGYPT|38|4|19520.8|0.04|38|12037|12037|1171
2|BRAZIL|21|2|32410.8|0.1|21|6915|6915|769
7|GERMANY|53|7|19152.21|0.09|53|6915|6915|769
16|MOZAMBIQUE|30|16|11964.78|0.08|30|6915|6915|769
9|INDONESIA|51|9|20419.7|0.04|51|2757|2757|604
9|INDONESIA|50|9|25203.86|0.1|50|2757|2757|604
8|INDIA|61|8|25377.75|0.08|61|2757|2757|604
15|MOROCCO|14|15|28084.42|0.07|14|2757|2757|604
4|EGYPT|38|4|12902.04|0.07|38|2757|2757|604
18|CHINA|11|18|38993.05|0.05|11|2658|2658|109
24|UNITED STATES|55|24|42932.25|0.03|55|2658|2658|109
21|VIETNAM|26|21|13560.82|0.07|26|2658|2658|109
8|INDIA|12|8|24842.84|0.08|12|2658|2658|109
24|UNITED STATES|10|24|29056.59|0.05|10|2658|2658|109
18|CHINA|75|18|36008.06|0.04|75|2658|2658|109
11|IRAQ|5|11|25927.3|0.08|5|3911|3911|71
24|UNITED STATES|55|24|18039.0|0.07|55|3911|3911|71
21|VIETNAM|68|21|19556.64|0.1|68|3911|3911|71
16|MOZAMBIQUE|73|16|39644.0|0.1|73|8608|8608|802
21|VIETNAM|35|21|29248.32|0.08|35|8608|8608|802
15|MOROCCO|4|15|55049.4|0.01|4|8608|8608|802
22|RUSSIA|65|22|2276.46|0.04|65|8608|8608|802
21|VIETNAM|68|21|10979.76|0.04|68|6209|6209|868
22|RUSSIA|16|22|49652.8|0.06|16|6209|6209|868
7|GERMANY|53|7|47939.66|0.0|53|6209|6209|868
16|MOZAMBIQUE|30|16|15369.64|0.0|30|6209|6209|868
9|INDONESIA|45|9|15172.32|0.01|45|3525|3525|857
9|INDONESIA|45|9|26975.43|0.03|45|3525|3525|857
24|UNITED STATES|64|24|46394.29|0.0|64|3525|3525|857
5|ETHIOPIA|63|5|38344.88|0.03|63|3525|3525|857
21|VIETNAM|26|21|35701.92|0.09|26|28071|28071|527
16|MOZAMBIQUE|58|16|38672.7|0.07|58|28071|28071|527
24|UNITED STATES|19|24|31158.5|0.1|19|28071|28071|527
9|INDONESIA|23|9|6837.3|0.09|23|30918|30918|82
18|CHINA|11|18|14150.18|0.08|11|19490|19490|71
4|EGYPT|67|4|7315.86|0.0|67|19490|19490|71
8|INDIA|12|8|41540.58|0.08|12|19490|19490|71
8|INDIA|61|8|44928.28|0.05|61|4579|4579|835
5|ETHIOPIA|78|5|14863.6|0.05|78|4579|4579|835
0|ALGERIA|28|0|18121.46|0.02|28|4579|4579|835
19|ROMANIA|17|19|34617.24|0.02|17|4579|4579|835
21|VIETNAM|80|21|78117.9|0.09|80|36|36|923
17|PERU|8|17|62575.8|0.1|8|44356|44356|626
21|VIETNAM|80|21|27084.64|0.0|80|44356|44356|626
14|KENYA|48|14|41913.36|0.1|48|44356|44356|626
22|RUSSIA|25|22|30881.92|0.01|25|44356|44356|626
13|JORDAN|36|13|57821.56|0.07|36|44356|44356|626
16|MOZAMBIQUE|18|16|12487.53|0.03|18|44356|44356|626
17|PERU|1|17|23625.6|0.09|1|24006|24006|967
18|CHINA|27|18|44597.4|0.05|27|24006|24006|967
22|RUSSIA|42|22|42645.33|0.03|42|24006|24006|967
14|KENYA|6|14|53743.05|0.0|6|35457|35457|901
14|KENYA|48|14|13620.0|0.1|48|35457|35457|901
24|UNITED STATES|46|24|31324.2|0.03|46|35457|35457|901
1|ARGENTINA|29|1|46484.95|0.07|29|35457|35457|901
4|EGYPT|38|4|78622.72|0.09|38|35457|35457|901
11|IRAQ|5|11|39108.16|0.05|5|17703|17703|307
22|RUSSIA|25|22|34841.52|0.07|25|17703|17703|307
24|UNITED STATES|49|24|73451.28|0.08|49|17703|17703|307
19|ROMANIA|52|19|11412.6|0.02|52|17703|17703|307
11|IRAQ|5|11|37482.48|0.01|5|32487|32487|956
15|MOROCCO|4|15|5946.54|0.01|4|32487|32487|956
15|MOROCCO|4|15|6493.08|0.08|4|32487|32487|956
14|KENYA|76|14|26846.82|0.1|76|32487|32487|956
16|MOZAMBIQUE|31|16|32660.38|0.09|31|32487|32487|956
18|CHINA|75|18|35859.24|0.06|75|32487|32487|956
16|MOZAMBIQUE|73|16|53642.05|0.01|73|46501|46501|406
4|EGYPT|69|4|5966.36|0.01|69|46501|46501|406
9|INDONESIA|23|9|59001.45|0.0|23|46501|46501|406
16|MOZAMBIQUE|30|16|52471.16|0.08|30|46501|46501|406
18|CHINA|41|18|46585.43|0.1|41|16416|16416|736
21|VIETNAM|80|21|3719.9|0.07|80|774|774|637
14|KENYA|6|14|36862.12|0.02|6|774|774|637
8|INDIA|12|8|3087.36|0.1|12|774|774|637
9|INDONESIA|23|9|66809.54|0.08|23|774|774|637
18|CHINA|41|18|8160.96|0.0|41|774|774|637
5|ETHIOPIA|2|5|57702.04|0.09|2|774|774|637
1|ARGENTINA|71|1|3912.28|0.06|71|9638|9638|901
17|PERU|59|17|8889.48|0.03|59|9638|9638|901
2|BRAZIL|21|2|59776.32|0.06|21|9638|9638|901
8|INDIA|39|8|16587.5|0.0|39|9638|9638|901
17|PERU|59|17|51024.0|0.03|59|5799|5799|208
4|EGYPT|38|4|67967.75|0.04|38|5799|5799|208
17|PERU|1|17|40033.92|0.01|1|7108|7108|82
9|INDONESIA|51|9|55868.67|0.09|51|7108|7108|82
24|UNITED STATES|55|24|27721.9|0.03|55|41255|41255|967
16|MOZAMBIQUE|31|16|37129.95|0.05|31|41255|41255|967
20|SAUDI ARABIA|74|20|3216.51|0.1|74|41255|41255|967
17|PERU|1|17|23519.16|0.03|1|610|610|406
19|ROMANIA|62|19|47890.44|0.09|62|610|610|406
18|CHINA|72|18|38245.77|0.06|72|610|610|406
6|FRANCE|70|6|87606.12|0.1|70|610|610|406
14|KENYA|47|14|41619.24|0.08|47|610|610|406
22|RUSSIA|65|22|8278.75|0.0|65|610|610|406
5|ETHIOPIA|63|5|15889.94|0.07|63|610|610|406
8|INDIA|39|8|65904.3|0.06|39|25888|25888|109
3|CANADA|20|3|37402.95|0.07|20|25888|25888|109
24|UNITED STATES|55|24|44655.68|0.01|55|12578|12578|967
23|UNITED KINGDOM|66|23|30019.62|0.01|66|12578|12578|967
15|MOROCCO|14|15|20613.67|0.08|14|12578|12578|967
4|EGYPT|22|4|41894.95|0.07|22|14976|14976|71
22|RUSSIA|65|22|52987.99|0.05|65|14976|14976|71
12|JAPAN|54|12|37299.7|0.01|54|14976|14976|71
16|MOZAMBIQUE|30|16|21737.76|0.0|30|14976|14976|71
16|MOZAMBIQUE|30|16|13797.85|0.07|30|14976|14976|71
4|EGYPT|69|4|49001.08|0.02|69|25602|25602|659
22|RUSSIA|65|22|46225.28|0.04|65|25602|25602|659
8|INDIA|39|8|36935.85|0.04|39|25602|25602|659
8|INDIA|61|8|47637.66|0.03|61|16802|16802|109
18|CHINA|72|18|51421.44|0.03|72|16802|16802|109
18|CHINA|72|18|21414.88|0.06|72|16802|16802|109
8|INDIA|60|8|33566.75|0.03|60|16802|16802|109
16|MOZAMBIQUE|58|16|71391.18|0.1|58|16802|16802|109
5|ETHIOPIA|78|5|5490.95|0.03|78|16802|16802|109
14|KENYA|6|14|24666.24|0.0|6|28737|28737|637
11|IRAQ|5|11|28638.96|0.05|5|28737|28737|637
1|ARGENTINA|71|1|33095.96|0.0|71|28737|28737|637
10|IRAN|9|10|43911.81|0.03|9|28737|28737|637
21|VIETNAM|26|21|45012.24|0.02|26|28737|28737|637
0|ALGERIA|24|0|26754.98|0.07|24|28737|28737|637
4|EGYPT|69|4|37363.02|0.04|69|46502|46502|835
14|KENYA|47|14|29647.92|0.06|47|46502|46502|835
15|MOROCCO|14|15|18532.58|0.07|14|14503|14503|538
9|INDONESIA|23|9|42768.74|0.06|23|14503|14503|538
4|EGYPT|67|4|60922.68|0.06|67|14503|14503|538
1|ARGENTINA|3|1|45468.3|0.05|3|14503|14503|538
17|PERU|1|17|64828.8|0.01|1|32422|32422|802
18|CHINA|72|18|22825.2|0.0|72|32422|32422|802
21|VIETNAM|68|21|42907.41|0.05|68|32422|32422|802
1|ARGENTINA|29|1|28942.4|0.04|29|32422|32422|802
7|GERMANY|53|7|40324.46|0.09|53|36899|36899|109
12|JAPAN|54|12|4769.04|0.09|54|26438|26438|406
11|IRAQ|5|11|14678.73|0.09|5|31399|31399|1072
7|GERMANY|44|7|53397.54|0.07|44|31399|31399|1072
16|MOZAMBIQUE|56|16|79013.25|0.0|56|31399|31399|1072
1|ARGENTINA|29|1|41350.84|0.06|29|31399|31399|1072
18|CHINA|75|18|62814.78|0.01|75|31399|31399|1072
18|CHINA|41|18|32535.0|0.1|41|31399|31399|1072
1|ARGENTINA|3|1|49948.38|0.01|3|31399|31399|1072
0|ALGERIA|28|0|31233.8|0.0|28|9219|9219|329
5|ETHIOPIA|63|5|26767.58|0.0|63|9219|9219|329
9|INDONESIA|51|9|31617.84|0.08|51|43808|43808|802
16|MOZAMBIQUE|56|16|24581.9|0.05|56|43808|43808|802
22|RUSSIA|16|22|18660.16|0.02|16|43808|43808|802
1|ARGENTINA|3|1|26523.12|0.09|3|43808|43808|802
4|EGYPT|22|4|29733.0|0.08|22|2883|2883|967
22|RUSSIA|25|22|66340.97|0.05|25|2883|2883|967
13|JORDAN|36|13|51191.73|0.0|36|2883|2883|967
21|VIETNAM|68|21|38657.94|0.0|68|2883|2883|967
21|VIETNAM|35|21|52471.8|0.07|35|2883|2883|967
1|ARGENTINA|71|1|9370.16|0.01|71|6788|6788|439
14|KENYA|48|14|66994.59|0.04|48|6788|6788|439
1|ARGENTINA|29|1|35850.64|0.0|29|6788|6788|439
22|RUSSIA|65|22|5257.64|0.06|65|6788|6788|439
8|INDIA|39|8|38151.25|0.05|39|6788|6788|439
23|UNITED KINGDOM|66|23|24982.14|0.02|66|3300|3300|934
0|ALGERIA|24|0|2796.09|0.07|24|3300|3300|934
1|ARGENTINA|71|1|54309.0|0.1|71|6086|6086|527
3|CANADA|13|3|9720.7|0.03|13|6086|6086|527
4|EGYPT|67|4|57374.05|0.05|67|6086|6086|527
4|EGYPT|38|4|33561.0|0.01|38|6086|6086|527
3|CANADA|20|3|2172.36|0.05|20|6086|6086|527
7|GERMANY|53|7|55415.22|0.03|53|6086|6086|527
14|KENYA|6|14|46039.35|0.08|6|22624|22624|428
4|EGYPT|22|4|33037.67|0.0|22|22624|22624|428
0|ALGERIA|37|0|21528.69|0.04|37|22624|22624|428
17|PERU|59|17|11188.21|0.03|59|22624|22624|428
22|RUSSIA|16|22|4823.1|0.0|16|22624|22624|428
24|UNITED STATES|64|24|6090.48|0.02|64|22624|22624|428
20|SAUDI ARABIA|74|20|4204.5|0.06|74|22624|22624|428
21|VIETNAM|80|21|21463.4|0.08|80|38948|38948|703
16|MOZAMBIQUE|73|16|29656.2|0.08|73|38948|38948|703
0|ALGERIA|37|0|59732.9|0.03|37|38948|38948|703
16|MOZAMBIQUE|73|16|37597.41|0.01|73|33987|33987|769
1|ARGENTINA|71|1|32000.1|0.04|71|33987|33987|769
0|ALGERIA|37|0|54957.63|0.05|37|33987|33987|769
24|UNITED STATES|19|24|15857.25|0.04|19|33987|33987|769
22|RUSSIA|42|22|3796.08|0.01|42|33987|33987|769
0|ALGERIA|24|0|12513.5|0.07|24|26529|26529|1072
9|INDONESIA|45|9|50070.72|0.03|45|26529|26529|1072
12|JAPAN|43|12|49858.2|0.1|43|26529|26529|1072
24|UNITED STATES|49|24|67234.91|0.05|49|26529|26529|1072
24|UNITED STATES|64|24|3705.99|0.01|64|26529|26529|1072
16|MOZAMBIQUE|31|16|33732.14|0.06|31|26529|26529|1072
8|INDIA|61|8|62811.16|0.07|61|33735|33735|1072
24|UNITED STATES|49|24|20062.0|0.07|49|33735|33735|1072
22|RUSSIA|16|22|29452.5|0.02|16|33735|33735|1072
18|CHINA|41|18|36186.92|0.1|41|33735|33735|1072
18|CHINA|72|18|45801.88|0.02|72|42018|42018|1094
15|MOROCCO|14|15|35038.5|0.08|14|42018|42018|1094
5|ETHIOPIA|2|5|1461.56|0.1|2|42018|42018|1094
9|INDONESIA|50|9|25728.0|0.08|50|24704|24704|967
17|PERU|8|17|43609.84|0.01|8|20227|20227|923
19|ROMANIA|62|19|12025.2|0.03|62|20227|20227|923
15|MOROCCO|14|15|15922.94|0.02|14|20227|20227|923
8|INDIA|15|8|19507.8|0.05|15|6241|6241|109
16|MOZAMBIQUE|58|16|25407.18|0.04|58|6241|6241|109
12|JAPAN|43|12|9145.92|0.07|43|6241|6241|109
20|SAUDI ARABIA|74|20|28642.82|0.1|74|6241|6241|109
16|MOZAMBIQUE|73|16|60634.8|0.09|73|25702|25702|1193
24|UNITED STATES|19|24|43262.62|0.02|19|25702|25702|1193
5|ETHIOPIA|63|5|45529.2|0.01|63|25702|25702|1193
5|ETHIOPIA|63|5|43536.0|0.09|63|25702|25702|1193
18|CHINA|72|18|1399.49|0.06|72|44996|44996|659
16|MOZAMBIQUE|58|16|33888.4|0.03|58|44996|44996|659
5|ETHIOPIA|78|5|17893.62|0.01|78|44996|44996|659
7|GERMANY|53|7|3745.02|0.07|53|44996|44996|659
1|ARGENTINA|71|1|50795.04|0.04|71|10368|10368|406
9|INDONESIA|23|9|31757.88|0.02|23|42752|42752|934
15|MOROCCO|4|15|5405.7|0.06|4|42752|42752|934
4|EGYPT|38|4|50977.65|0.03|38|42752|42752|934
1|ARGENTINA|71|1|14908.08|0.06|71|12326|12326|406
13|JORDAN|36|13|65429.66|0.02|36|12326|12326|406
16|MOZAMBIQUE|56|16|33821.54|0.05|56|12326|12326|406
24|UNITED STATES|64|24|44537.4|0.09|64|12326|12326|406
15|MOROCCO|14|15|44873.74|0.07|14|20994|20994|725
21|VIETNAM|68|21|62417.0|0.04|68|20994|20994|725
18|CHINA|75|18|52346.28|0.06|75|20994|20994|725
24|UNITED STATES|46|24|26398.08|0.02|46|25955|25955|109
14|KENYA|76|14|33426.75|0.02|76|25955|25955|109
12|JAPAN|54|12|4032.4|0.01|54|25955|25955|109
1|ARGENTINA|3|1|9883.71|0.03|3|25955|25955|109
17|PERU|1|17|7470.12|0.08|1|29959|29959|626
17|PERU|59|17|55308.0|0.04|59|29959|29959|626
24|UNITED STATES|46|24|8438.9|0.01|46|29959|29959|626
7|GERMANY|33|7|2614.8|0.09|33|512|512|505
7|GERMANY|77|7|53497.2|0.05|77|512|512|505
7|GERMANY|77|7|15606.6|0.09|77|512|512|505
21|VIETNAM|68|21|40077.66|0.01|68|512|512|505
21|VIETNAM|35|21|8487.06|0.03|35|512|512|505
16|MOZAMBIQUE|30|16|26837.69|0.08|30|512|512|505
18|CHINA|41|18|13887.0|0.04|41|512|512|505
8|INDIA|39|8|993.09|0.09|39|30278|30278|1072
1|ARGENTINA|71|1|10111.1|0.08|71|31686|31686|82
8|INDIA|15|8|22148.55|0.0|15|31686|31686|82
14|KENYA|79|14|28947.87|0.01|79|31686|31686|82
10|IRAN|34|10|62803.2|0.01|34|31686|31686|82
16|MOZAMBIQUE|18|16|7133.77|0.02|18|31686|31686|82
9|INDONESIA|51|9|8463.95|0.05|51|26208|26208|604
17|PERU|59|17|15867.94|0.03|59|26208|26208|604
21|VIETNAM|68|21|7576.32|0.1|68|26208|26208|604
4|EGYPT|38|4|41933.22|0.08|38|26208|26208|604
18|CHINA|41|18|50402.12|0.0|41|26208|26208|604
5|ETHIOPIA|2|5|15936.9|0.1|2|26208|26208|604
19|ROMANIA|62|19|5125.52|0.0|62|25603|25603|82
24|UNITED STATES|55|24|20163.78|0.01|55|25603|25603|82
8|INDIA|15|8|56063.67|0.0|15|25603|25603|82
21|VIETNAM|26|21|35009.52|0.08|26|25603|25603|82
7|GERMANY|33|7|39216.43|0.02|33|33633|33633|307
14|KENYA|48|14|78202.35|0.05|48|33633|33633|307
9|INDONESIA|45|9|17056.34|0.04|45|33633|33633|307
9|INDONESIA|23|9|8907.48|0.02|23|33633|33633|307
4|EGYPT|38|4|7932.61|0.0|38|33633|33633|307
16|MOZAMBIQUE|30|16|47249.5|0.07|30|33633|33633|307
5|ETHIOPIA|63|5|17328.3|0.01|63|33633|33633|307
24|UNITED STATES|46|24|48980.58|0.0|46|4071|4071|1171
1|ARGENTINA|29|1|39509.58|0.02|29|4071|4071|1171
7|GERMANY|33|7|16465.92|0.02|33|40288|40288|82
17|PERU|8|17|38030.89|0.03|8|36736|36736|835
8|INDIA|60|8|42320.46|0.04|60|36736|36736|835
21|VIETNAM|68|21|75373.9|0.02|68|36736|36736|835
10|IRAN|34|10|17253.75|0.01|34|36736|36736|835
22|RUSSIA|42|22|33415.25|0.08|42|36736|36736|835
5|ETHIOPIA|63|5|24555.41|0.01|63|36736|36736|835
6|FRANCE|70|6|36647.68|0.06|70|9671|9671|109
0|ALGERIA|24|0|64519.0|0.07|24|9671|9671|109
16|MOZAMBIQUE|30|16|26145.9|0.1|30|9671|9671|109
7|GERMANY|33|7|13434.52|0.03|33|31841|31841|736
0|ALGERIA|24|0|19420.28|0.04|24|31841|31841|736
15|MOROCCO|4|15|5870.24|0.0|4|31841|31841|736
23|UNITED KINGDOM|66|23|3243.54|0.0|66|22337|22337|626
17|PERU|59|17|69953.6|0.09|59|22337|22337|626
20|SAUDI ARABIA|74|20|61463.15|0.1|74|22337|22337|626
16|MOZAMBIQUE|30|16|80094.15|0.07|30|22337|22337|626
23|UNITED KINGDOM|66|23|27355.9|0.02|66|41411|41411|637
5|ETHIOPIA|63|5|66608.3|0.07|63|41411|41411|637
18|CHINA|11|18|18884.52|0.06|11|41158|41158|758
8|INDIA|15|8|33366.63|0.01|15|41158|41158|758
16|MOZAMBIQUE|58|16|18360.2|0.0|58|41158|41158|758
14|KENYA|76|14|45200.0|0.1|76|41158|41158|758
22|RUSSIA|65|22|32946.98|0.1|65|41158|41158|758
5|ETHIOPIA|2|5|14560.0|0.05|2|41158|41158|758
4|EGYPT|22|4|75919.6|0.03|22|40965|40965|1171
16|MOZAMBIQUE|58|16|45787.56|0.08|58|40965|40965|1171
24|UNITED STATES|19|24|26560.6|0.1|19|40965|40965|1171
0|ALGERIA|28|0|57079.06|0.02|28|40965|40965|1171
22|RUSSIA|16|22|59680.32|0.06|16|40965|40965|1171
22|RUSSIA|40|22|34490.57|0.08|40|5892|5892|802
9|INDONESIA|23|9|40744.4|0.09|23|5892|5892|802
16|MOZAMBIQUE|18|16|25676.28|0.03|18|5892|5892|802
5|ETHIOPIA|63|5|7582.26|0.02|63|5892|5892|802
11|IRAQ|5|11|1037.13|0.04|5|42659|42659|736
22|RUSSIA|40|22|29647.92|0.09|40|42659|42659|736
3|CANADA|13|3|36774.68|0.06|13|42659|42659|736
5|ETHIOPIA|78|5|5838.2|0.02|78|42659|42659|736
5|ETHIOPIA|63|5|10611.6|0.06|63|42659|42659|736
7|GERMANY|44|7|3772.16|0.07|44|1284|1284|1072
24|UNITED STATES|55|24|64749.58|0.0|55|1284|1284|1072
4|EGYPT|22|4|37520.34|0.08|22|1284|1284|1072
21|VIETNAM|68|21|1367.46|0.01|68|1284|1284|1072
0|ALGERIA|28|0|10505.34|0.05|28|1284|1284|1072
9|INDONESIA|51|9|50774.65|0.03|51|7367|7367|1072
22|RUSSIA|16|22|22193.55|0.08|16|7367|7367|1072
3|CANADA|20|3|34572.72|0.01|20|7367|7367|1072
5|ETHIOPIA|63|5|15332.66|0.03|63|7367|7367|1072
0|ALGERIA|37|0|38416.8|0.04|37|41956|41956|1072
21|VIETNAM|68|21|19351.54|0.07|68|41956|41956|1072
4|EGYPT|67|4|64793.08|0.08|67|41956|41956|1072
8|INDIA|12|8|15476.4|0.07|12|41956|41956|1072
2|BRAZIL|21|2|6727.32|0.06|21|41956|41956|1072
18|CHINA|27|18|6271.75|0.03|27|41956|41956|1072
1|ARGENTINA|71|1|67153.03|0.1|71|2791|2791|967
14|KENYA|48|14|13902.64|0.02|48|2791|2791|967
17|PERU|57|17|29385.98|0.06|57|2791|2791|967
0|ALGERIA|24|0|5614.0|0.1|24|2791|2791|967
20|SAUDI ARABIA|74|20|27581.76|0.04|74|2791|2791|967
7|GERMANY|33|7|3305.5|0.0|33|3173|3173|1171
0|ALGERIA|37|0|2754.94|0.0|37|3173|3173|1171
10|IRAN|34|10|50909.25|0.01|34|3173|3173|1171
22|RUSSIA|16|22|20277.76|0.06|16|3173|3173|1171
19|ROMANIA|52|19|6592.05|0.09|52|3173|3173|1171
14|KENYA|47|14|69069.32|0.1|47|10724|10724|1193
13|JORDAN|36|13|14325.75|0.08|36|37828|37828|329
21|VIETNAM|35|21|28330.2|0.06|35|37828|37828|329
24|UNITED STATES|46|24|1111.21|0.02|46|37828|37828|329
15|MOROCCO|4|15|48932.8|0.03|4|37828|37828|329
12|JAPAN|54|12|61034.4|0.01|54|37828|37828|329
22|RUSSIA|16|22|49985.58|0.02|16|37828|37828|329
7|GERMANY|44|7|20776.5|0.09|44|802|802|1094
10|IRAN|9|10|41757.76|0.07|9|802|802|1094
8|INDIA|15|8|18145.95|0.08|15|802|802|1094
0|ALGERIA|24|0|32778.04|0.08|24|802|802|1094
24|UNITED STATES|10|24|41685.6|0.08|10|802|802|1094
9|INDONESIA|50|9|45640.29|0.02|50|41348|41348|1072
22|RUSSIA|40|22|62458.44|0.08|40|32515|32515|637
6|FRANCE|70|6|60092.07|0.07|70|32515|32515|637
16|MOZAMBIQUE|18|16|47522.06|0.07|18|32515|32515|637
8|INDIA|39|8|17358.48|0.09|39|32515|32515|637
7|GERMANY|53|7|42771.08|0.08|53|32515|32515|637
16|MOZAMBIQUE|30|16|1593.69|0.06|30|32515|32515|637
24|UNITED STATES|55|24|41130.45|0.1|55|35749|35749|1193
0|ALGERIA|37|0|31624.5|0.1|37|45925|45925|802
12|JAPAN|43|12|12685.75|0.07|43|45925|45925|802
23|UNITED KINGDOM|7|23|1804.9|0.02|7|9763|9763|1193
9|INDONESIA|51|9|18115.2|0.09|51|9763|9763|1193
8|INDIA|61|8|14828.1|0.01|61|9763|9763|1193
8|INDIA|60|8|87992.5|0.1|60|9763|9763|1193
4|EGYPT|69|4|21758.1|0.06|69|9763|9763|1193
5|ETHIOPIA|78|5|3235.42|0.07|78|9763|9763|1193
3|CANADA|20|3|15108.38|0.02|20|9763|9763|1193
8|INDIA|61|8|50966.86|0.09|61|31812|31812|989
24|UNITED STATES|46|24|10265.92|0.07|46|31812|31812|989
24|UNITED STATES|19|24|48925.14|0.03|19|31812|31812|989
24|UNITED STATES|10|24|1549.64|0.07|10|31812|31812|989
24|UNITED STATES|64|24|4865.24|0.08|64|31812|31812|989
19|ROMANIA|52|19|25732.08|0.1|52|31812|31812|989
19|ROMANIA|62|19|56732.72|0.02|62|46629|46629|82
21|VIETNAM|26|21|35786.34|0.0|26|46629|46629|82
12|JAPAN|43|12|25975.62|0.09|43|46629|46629|82
14|KENYA|76|14|36960.99|0.08|76|46629|46629|82
2|BRAZIL|21|2|13698.74|0.07|21|46629|46629|82
7|GERMANY|53|7|53304.32|0.1|53|46629|46629|82
7|GERMANY|44|7|6942.4|0.06|44|22407|22407|604
21|VIETNAM|35|21|58289.01|0.08|35|22407|22407|604
1|ARGENTINA|29|1|40522.03|0.01|29|22407|22407|604
18|CHINA|75|18|23365.99|0.01|75|22407|22407|604
17|PERU|57|17|82887.36|0.0|57|17153|17153|626
9|INDONESIA|23|9|91046.0|0.07|23|17153|17153|626
16|MOZAMBIQUE|56|16|53162.19|0.02|56|17153|17153|626
12|JAPAN|54|12|38291.89|0.06|54|17153|17153|626
22|RUSSIA|42|22|52045.84|0.05|42|17153|17153|626
17|PERU|57|17|60629.17|0.03|57|47271|47271|934
7|GERMANY|77|7|63719.11|0.1|77|25381|25381|835
4|EGYPT|22|4|29172.24|0.09|22|35270|35270|626
14|KENYA|48|14|70045.92|0.04|48|15140|15140|307
24|UNITED STATES|49|24|55710.5|0.1|49|15140|15140|307
3|CANADA|20|3|36465.0|0.03|20|15140|15140|307
16|MOZAMBIQUE|73|16|9189.78|0.04|73|9348|9348|527
6|FRANCE|70|6|1250.34|0.08|70|9348|9348|527
24|UNITED STATES|19|24|42273.56|0.07|19|9348|9348|527
12|JAPAN|54|12|11484.24|0.09|54|9348|9348|527
3|CANADA|20|3|21979.98|0.03|20|9348|9348|527
5|ETHIOPIA|63|5|39862.02|0.04|63|9348|9348|527
21|VIETNAM|80|21|1485.58|0.04|80|30726|30726|703
23|UNITED KINGDOM|66|23|3615.9|0.04|66|30726|30726|703
5|ETHIOPIA|78|5|41890.2|0.09|78|30726|30726|703
12|JAPAN|43|12|25692.15|0.05|43|30726|30726|703
9|INDONESIA|50|9|9415.26|0.02|50|8996|8996|1193
6|FRANCE|70|6|46564.7|0.0|70|8996|8996|1193
10|IRAN|34|10|56620.4|0.02|34|8996|8996|1193
16|MOZAMBIQUE|56|16|22273.13|0.05|56|8996|8996|1193
24|UNITED STATES|55|24|21474.18|0.08|55|608|608|208
16|MOZAMBIQUE|58|16|59222.8|0.03|58|608|608|208
17|PERU|8|17|76536.0|0.08|8|4134|4134|769
0|ALGERIA|37|0|15196.32|0.05|37|4134|4134|769
24|UNITED STATES|19|24|63340.64|0.02|19|4134|4134|769
12|JAPAN|54|12|56669.84|0.01|54|4134|4134|769
22|RUSSIA|25|22|61445.7|0.03|25|8931|8931|505
3|CANADA|20|3|20866.5|0.02|20|8931|8931|505
8|INDIA|61|8|45175.68|0.1|61|8898|8898|901
23|UNITED KINGDOM|32|23|36289.15|0.1|32|8898|8898|901
16|MOZAMBIQUE|73|16|13004.0|0.01|73|21828|21828|428
7|GERMANY|44|7|6715.26|0.06|44|6566|6566|1094
24|UNITED STATES|46|24|10090.98|0.09|46|6566|6566|1094
5|ETHIOPIA|78|5|84857.28|0.06|78|6566|6566|1094
5|ETHIOPIA|78|5|22566.14|0.1|78|6566|6566|1094
9|INDONESIA|45|9|9820.8|0.06|45|6566|6566|1094
12|JAPAN|54|12|28573.82|0.08|54|6566|6566|1094
16|MOZAMBIQUE|31|16|71915.6|0.08|31|6566|6566|1094
17|PERU|1|17|70575.2|0.03|1|23171|23171|439
8|INDIA|15|8|26019.74|0.08|15|23171|23171|439
17|PERU|57|17|12838.14|0.0|57|23171|23171|439
12|JAPAN|54|12|35589.62|0.09|54|23171|23171|439
7|GERMANY|44|7|20341.92|0.08|44|7809|7809|835
8|INDIA|61|8|10042.62|0.04|61|7809|7809|835
0|ALGERIA|37|0|79371.6|0.05|37|39462|39462|439
8|INDIA|12|8|41988.21|0.06|12|39462|39462|439
23|UNITED KINGDOM|32|23|27178.65|0.04|32|39462|39462|439
0|ALGERIA|28|0|37289.75|0.04|28|39462|39462|439
7|GERMANY|33|7|1830.93|0.09|33|36261|36261|758
18|CHINA|72|18|62688.78|0.01|72|36261|36261|758
21|VIETNAM|26|21|49333.68|0.02|26|36261|36261|758
4|EGYPT|69|4|70259.72|0.03|69|36261|36261|758
14|KENYA|79|14|49659.04|0.03|79|36261|36261|758
9|INDONESIA|45|9|10311.3|0.0|45|36261|36261|758
24|UNITED STATES|19|24|48853.22|0.04|19|36261|36261|758
22|RUSSIA|25|22|83338.0|0.08|25|33380|33380|82
21|VIETNAM|80|21|21502.95|0.03|80|13382|13382|967
8|INDIA|61|8|36056.61|0.02|61|13382|13382|967
8|INDIA|60|8|959.05|0.09|60|13382|13382|967
11|IRAQ|5|11|46406.88|0.04|5|25251|25251|835
19|ROMANIA|62|19|54283.5|0.1|62|25251|25251|835
17|PERU|59|17|13964.21|0.01|59|25251|25251|835
0|ALGERIA|24|0|43100.74|0.09|24|25251|25251|835
18|CHINA|27|18|1215.31|0.0|27|25251|25251|835
5|ETHIOPIA|63|5|44622.76|0.1|63|25251|25251|835
23|UNITED KINGDOM|7|23|5120.6|0.06|7|32160|32160|1160
8|INDIA|60|8|48059.34|0.08|60|32160|32160|1160
0|ALGERIA|37|0|44780.74|0.09|37|32160|32160|1160
24|UNITED STATES|10|24|13442.52|0.03|10|32160|32160|1160
12|JAPAN|43|12|37048.32|0.01|43|32160|32160|1160
16|MOZAMBIQUE|30|16|19128.74|0.0|30|32160|32160|1160
17|PERU|1|17|7172.65|0.07|1|11073|11073|439
18|CHINA|11|18|62115.22|0.05|11|11073|11073|439
8|INDIA|12|8|41765.6|0.04|12|11073|11073|439
19|ROMANIA|62|19|53429.64|0.08|62|1728|1728|505
4|EGYPT|67|4|39947.09|0.05|67|1728|1728|505
18|CHINA|27|18|903.0|0.07|27|1728|1728|505
24|UNITED STATES|64|24|46083.98|0.09|64|1728|1728|505
19|ROMANIA|52|19|37781.14|0.08|52|1728|1728|505
9|INDONESIA|50|9|13244.2|0.03|50|38342|38342|439
1|ARGENTINA|71|1|16780.36|0.04|71|38342|38342|439
16|MOZAMBIQUE|31|16|42781.38|0.04|31|38342|38342|439
16|MOZAMBIQUE|31|16|70675.5|0.03|31|38342|38342|439
17|PERU|1|17|11460.6|0.0|1|24482|24482|901
19|ROMANIA|62|19|57741.6|0.0|62|16386|16386|901
9|INDONESIA|45|9|7923.4|0.0|45|26177|26177|802
24|UNITED STATES|49|24|63618.5|0.05|49|26177|26177|802
16|MOZAMBIQUE|31|16|12132.88|0.07|31|26177|26177|802
3|CANADA|13|3|44078.97|0.01|13|17476|17476|428
16|MOZAMBIQUE|18|16|57147.64|0.1|18|17476|17476|428
7|GERMANY|33|7|9955.8|0.1|33|37122|37122|406
8|INDIA|12|8|14775.96|0.03|12|37122|37122|406
13|JORDAN|36|13|49931.04|0.1|36|15265|15265|329
0|ALGERIA|24|0|69916.26|0.1|24|15265|15265|329
5|ETHIOPIA|2|5|27116.64|0.03|2|15265|15265|329
23|UNITED KINGDOM|7|23|34565.76|0.07|7|18532|18532|835
10|IRAN|9|10|6402.8|0.04|9|18532|18532|835
10|IRAN|9|10|37542.8|0.04|9|18532|18532|835
8|INDIA|15|8|57712.5|0.02|15|18532|18532|835
20|SAUDI ARABIA|74|20|55191.4|0.01|74|18532|18532|835
14|KENYA|6|14|41850.9|0.02|6|25286|25286|538
14|KENYA|48|14|36074.01|0.0|48|25286|25286|538
5|ETHIOPIA|63|5|44008.0|0.08|63|25286|25286|538
19|ROMANIA|62|19|59501.19|0.04|62|18114|18114|538
4|EGYPT|38|4|1835.93|0.0|38|18114|18114|538
16|MOZAMBIQUE|30|16|1976.16|0.07|30|24000|24000|604
12|JAPAN|43|12|19124.64|0.07|43|34021|34021|1171
3|CANADA|13|3|20949.61|0.05|13|13891|13891|406
21|VIETNAM|68|21|5235.7|0.03|68|13891|13891|406
8|INDIA|12|8|10041.71|0.01|12|13891|13891|406
24|UNITED STATES|10|24|43996.25|0.08|10|13891|13891|406
19|ROMANIA|62|19|38756.47|0.08|62|12263|12263|439
7|GERMANY|44|7|49823.2|0.08|44|12263|12263|439
0|ALGERIA|28|0|54375.42|0.05|28|12263|12263|439
19|ROMANIA|52|19|12103.39|0.03|52|12263|12263|439
19|ROMANIA|62|19|31134.18|0.02|62|36001|36001|208
4|EGYPT|22|4|48892.54|0.0|22|36001|36001|208
6|FRANCE|70|6|10384.44|0.02|70|36001|36001|208
14|KENYA|48|14|62370.72|0.02|48|36001|36001|208
4|EGYPT|69|4|2928.21|0.06|69|36001|36001|208
4|EGYPT|67|4|34267.2|0.04|67|36001|36001|208
5|ETHIOPIA|63|5|28055.5|0.01|63|36001|36001|208
7|GERMANY|77|7|29991.8|0.09|77|33185|33185|82
14|KENYA|79|14|44602.95|0.02|79|33185|33185|82
18|CHINA|72|18|25683.84|0.06|72|46660|46660|934
3|CANADA|13|3|40028.1|0.08|13|46660|46660|934
22|RUSSIA|65|22|36832.32|0.01|65|46660|46660|934
16|MOZAMBIQUE|30|16|938.03|0.07|30|46660|46660|934
21|VIETNAM|80|21|9506.24|0.03|80|15552|15552|82
21|VIETNAM|80|21|80785.5|0.06|80|15552|15552|82
23|UNITED KINGDOM|66|23|34262.74|0.07|66|15552|15552|82
22|RUSSIA|25|22|53408.94|0.09|25|15552|15552|82
4|EGYPT|67|4|18121.46|0.1|67|15552|15552|82
8|INDIA|39|8|19347.35|0.03|39|15552|15552|82
20|SAUDI ARABIA|74|20|65681.07|0.01|74|15552|15552|82
9|INDONESIA|51|9|11492.18|0.07|51|38311|38311|71
21|VIETNAM|26|21|30484.66|0.08|26|38311|38311|71
9|INDONESIA|45|9|23641.92|0.04|45|38311|38311|71
16|MOZAMBIQUE|56|16|34293.1|0.01|56|38311|38311|71
16|MOZAMBIQUE|18|16|25953.25|0.08|18|38311|38311|71
24|UNITED STATES|64|24|12531.53|0.06|64|38311|38311|71
23|UNITED KINGDOM|7|23|28056.51|0.04|7|14496|14496|923
22|RUSSIA|40|22|40033.63|0.06|40|14496|14496|923
21|VIETNAM|26|21|69529.92|0.07|26|14496|14496|923
8|INDIA|12|8|20240.22|0.03|12|14496|14496|923
16|MOZAMBIQUE|18|16|16343.19|0.07|18|14496|14496|923
14|KENYA|79|14|48426.06|0.05|79|18401|18401|967
24|UNITED STATES|64|24|23025.3|0.01|64|18401|18401|967
4|EGYPT|22|4|8883.48|0.1|22|16356|16356|835
23|UNITED KINGDOM|66|23|45758.88|0.0|66|16356|16356|835
17|PERU|59|17|34030.11|0.07|59|16356|16356|835
17|PERU|57|17|15044.25|0.01|57|16356|16356|835
10|IRAN|34|10|40903.8|0.1|34|16356|16356|835
5|ETHIOPIA|63|5|55300.41|0.05|63|16356|16356|835
5|ETHIOPIA|63|5|70716.48|0.05|63|16356|16356|835
1|ARGENTINA|71|1|33285.75|0.1|71|27972|27972|967
17|PERU|59|17|26894.43|0.01|59|27972|27972|967
14|KENYA|79|14|1432.53|0.02|79|27972|27972|967
2|BRAZIL|21|2|52304.28|0.02|21|27972|27972|967
22|RUSSIA|16|22|21083.0|0.02|16|27972|27972|967
18|CHINA|75|18|42083.55|0.06|75|27972|27972|967
16|MOZAMBIQUE|58|16|36199.36|0.07|58|18116|18116|109
8|INDIA|12|8|32785.25|0.02|12|18116|18116|109
2|BRAZIL|21|2|32416.2|0.1|21|18116|18116|109
0|ALGERIA|28|0|13103.79|0.1|28|18116|18116|109
22|RUSSIA|16|22|70004.25|0.07|16|18116|18116|109
15|MOROCCO|4|15|56845.68|0.02|4|42052|42052|208
14|KENYA|76|14|30553.32|0.1|76|42052|42052|208
23|UNITED KINGDOM|32|23|1414.51|0.08|32|42052|42052|208
5|ETHIOPIA|63|5|54736.5|0.1|63|42052|42052|208
22|RUSSIA|40|22|43726.28|0.1|40|39874|39874|439
4|EGYPT|69|4|20181.36|0.01|69|39874|39874|439
16|MOZAMBIQUE|31|16|13304.3|0.0|31|39874|39874|439
4|EGYPT|22|4|59033.04|0.06|22|45188|45188|725
8|INDIA|61|8|38495.18|0.05|61|45188|45188|725
0|ALGERIA|24|0|61316.15|0.01|24|45188|45188|725
0|ALGERIA|24|0|51849.48|0.02|24|45188|45188|725
0|ALGERIA|24|0|13819.85|0.0|24|45188|45188|725
4|EGYPT|38|4|48159.68|0.02|38|45188|45188|725
16|MOZAMBIQUE|31|16|38082.0|0.06|31|45188|45188|725
1|ARGENTINA|71|1|8949.54|0.03|71|45540|45540|802
17|PERU|8|17|41203.96|0.04|8|44231|44231|406
6|FRANCE|70|6|54618.96|0.03|70|44231|44231|406
13|JORDAN|36|13|15226.65|0.08|36|44231|44231|406
7|GERMANY|77|7|41930.46|0.0|77|17314|17314|208
24|UNITED STATES|46|24|15248.8|0.1|46|17314|17314|208
24|UNITED STATES|55|24|7610.26|0.09|55|41184|41184|868
18|CHINA|11|18|15397.29|0.04|11|41184|41184|868
22|RUSSIA|25|22|10018.8|0.01|25|41184|41184|868
24|UNITED STATES|46|24|25143.56|0.08|46|41184|41184|868
8|INDIA|39|8|68423.0|0.0|39|41184|41184|868
24|UNITED STATES|19|24|52164.9|0.0|19|33187|33187|967
1|ARGENTINA|3|1|58833.0|0.09|3|33187|33187|967
8|INDIA|61|8|47272.95|0.0|61|36355|36355|505
0|ALGERIA|24|0|42845.25|0.05|24|36355|36355|505
4|EGYPT|38|4|18453.63|0.08|38|36355|36355|505
0|ALGERIA|24|0|52375.36|0.0|24|17028|17028|307
23|UNITED KINGDOM|66|23|74875.12|0.04|66|41283|41283|505
0|ALGERIA|24|0|53678.62|0.0|24|41283|41283|505
23|UNITED KINGDOM|32|23|25753.0|0.09|32|41283|41283|505
21|VIETNAM|80|21|9442.16|0.01|80|24035|24035|406
13|JORDAN|36|13|22776.48|0.04|36|24035|24035|406
0|ALGERIA|24|0|51808.38|0.07|24|24035|24035|406
17|PERU|57|17|34035.12|0.04|57|24035|24035|406
4|EGYPT|38|4|14175.1|0.09|38|24035|24035|406
17|PERU|1|17|2440.64|0.02|1|30272|30272|824
3|CANADA|20|3|39691.47|0.08|20|30272|30272|824
3|CANADA|13|3|39715.32|0.09|13|33254|33254|868
22|RUSSIA|16|22|22115.38|0.02|16|33254|33254|868
16|MOZAMBIQUE|30|16|32894.37|0.1|30|33254|33254|868
16|MOZAMBIQUE|73|16|18840.91|0.08|73|37764|37764|82
0|ALGERIA|24|0|16978.56|0.1|24|37764|37764|82
3|CANADA|13|3|19971.85|0.0|13|37764|37764|82
21|VIETNAM|35|21|38162.0|0.1|35|37764|37764|82
16|MOZAMBIQUE|56|16|41799.78|0.1|56|37764|37764|82
5|ETHIOPIA|78|5|46705.6|0.08|78|37764|37764|82
18|CHINA|75|18|40484.4|0.04|75|37764|37764|82
8|INDIA|15|8|7499.88|0.07|15|46113|46113|538
22|RUSSIA|25|22|2046.24|0.09|25|46113|46113|538
9|INDONESIA|23|9|56556.96|0.06|23|46113|46113|538
5|ETHIOPIA|78|5|30657.35|0.1|78|46113|46113|538
24|UNITED STATES|49|24|17120.7|0.1|49|46113|46113|538
9|INDONESIA|51|9|60250.26|0.04|51|15302|15302|538
14|KENYA|47|14|18995.4|0.03|47|15302|15302|538
1|ARGENTINA|29|1|73078.0|0.03|29|15302|15302|538
7|GERMANY|53|7|31309.88|0.06|53|15302|15302|538
1|ARGENTINA|71|1|23272.8|0.1|71|21187|21187|109
7|GERMANY|53|7|19724.88|0.07|53|21187|21187|109
16|MOZAMBIQUE|58|16|30048.76|0.02|58|44067|44067|736
18|CHINA|75|18|50490.0|0.07|75|44067|44067|736
17|PERU|1|17|71139.18|0.07|1|27622|27622|505
17|PERU|57|17|32597.1|0.07|57|28931|28931|82
9|INDONESIA|45|9|31329.98|0.08|45|28931|28931|82
2|BRAZIL|21|2|12396.09|0.02|21|28931|28931|82
19|ROMANIA|17|19|47481.75|0.08|17|28931|28931|82
6|FRANCE|70|6|1007.1|0.01|70|11111|11111|505
17|PERU|57|17|26804.25|0.0|57|11111|11111|505
5|ETHIOPIA|78|5|27164.64|0.1|78|11111|11111|505
20|SAUDI ARABIA|74|20|57703.23|0.06|74|11111|11111|505
14|KENYA|76|14|2760.96|0.01|76|33188|33188|758
14|KENYA|79|14|46867.04|0.08|79|32132|32132|604
4|EGYPT|38|4|56558.25|0.04|38|32132|32132|604
16|MOZAMBIQUE|18|16|53897.6|0.09|18|10276|10276|1171
4|EGYPT|38|4|55443.34|0.09|38|10276|10276|1171
24|UNITED STATES|49|24|73826.61|0.09|49|10276|10276|1171
18|CHINA|41|18|62752.05|0.03|41|10276|10276|1171
5|ETHIOPIA|2|5|29989.77|0.06|2|10276|10276|1171
18|CHINA|11|18|58862.3|0.0|11|38887|38887|1072
22|RUSSIA|25|22|1135.23|0.01|25|38887|38887|1072
16|MOZAMBIQUE|30|16|37671.84|0.05|30|38887|38887|1072
20|SAUDI ARABIA|74|20|48510.11|0.03|74|38887|38887|1072
7|GERMANY|33|7|42991.2|0.06|33|18306|18306|637
16|MOZAMBIQUE|58|16|12217.05|0.06|58|18306|18306|637
9|INDONESIA|51|9|10938.62|0.06|51|33376|33376|538
4|EGYPT|22|4|18815.25|0.0|22|15941|15941|82
9|INDONESIA|50|9|20405.1|0.1|50|15941|15941|82
4|EGYPT|69|4|39993.09|0.03|69|15941|15941|82
12|JAPAN|54|12|25393.5|0.01|54|15941|15941|82
0|ALGERIA|28|0|42637.76|0.09|28|15941|15941|82
5|ETHIOPIA|63|5|20983.61|0.0|63|15941|15941|82
0|ALGERIA|28|0|24626.88|0.01|28|31011|31011|527
17|PERU|59|17|21114.23|0.01|59|36775|36775|604
22|RUSSIA|40|22|12099.96|0.02|40|20165|20165|769
22|RUSSIA|25|22|5876.35|0.0|25|20165|20165|769
5|ETHIOPIA|78|5|83896.32|0.0|78|20165|20165|769
24|UNITED STATES|55|24|49543.11|0.1|55|12421|12421|538
18|CHINA|72|18|44134.32|0.0|72|12421|12421|538
0|ALGERIA|24|0|40636.72|0.04|24|12421|12421|538
24|UNITED STATES|49|24|6042.6|0.09|49|12421|12421|538
18|CHINA|75|18|41966.51|0.05|75|12421|12421|538
16|MOZAMBIQUE|30|16|56089.2|0.07|30|12421|12421|538
6|FRANCE|70|6|17749.44|0.05|70|23520|23520|604
4|EGYPT|67|4|6582.05|0.03|67|23520|23520|604
16|MOZAMBIQUE|18|16|35078.08|0.03|18|23520|23520|604
20|SAUDI ARABIA|74|20|63067.5|0.06|74|23520|23520|604
7|GERMANY|44|7|28319.7|0.05|44|14467|14467|901
23|UNITED KINGDOM|32|23|57129.16|0.01|32|14467|14467|901
3|CANADA|20|3|20485.92|0.0|20|14467|14467|901
16|MOZAMBIQUE|31|16|35870.16|0.02|31|14467|14467|901
24|UNITED STATES|55|24|54588.14|0.02|55|14247|14247|538
7|GERMANY|33|7|7514.1|0.03|33|14247|14247|538
8|INDIA|61|8|21850.14|0.02|61|14247|14247|538
8|INDIA|61|8|36347.43|0.06|61|14247|14247|538
16|MOZAMBIQUE|58|16|22006.75|0.0|58|14247|14247|538
8|INDIA|39|8|20560.47|0.04|39|14247|14247|538
16|MOZAMBIQUE|31|16|50907.12|0.02|31|14247|14247|538
9|INDONESIA|51|9|14931.95|0.06|51|43584|43584|835
10|IRAN|9|10|62572.05|0.0|9|43584|43584|835
9|INDONESIA|45|9|48501.68|0.05|45|43584|43584|835
24|UNITED STATES|10|24|26788.6|0.03|10|43584|43584|835
19|ROMANIA|17|19|46490.4|0.05|17|43584|43584|835
18|CHINA|75|18|68797.14|0.06|75|43584|43584|835
5|ETHIOPIA|63|5|19496.64|0.05|63|43584|43584|835
9|INDONESIA|50|9|47159.84|0.09|50|22211|22211|989
18|CHINA|72|18|5285.58|0.07|72|22211|22211|989
3|CANADA|13|3|16793.88|0.01|13|22211|22211|989
5|ETHIOPIA|78|5|11256.36|0.02|78|22211|22211|989
2|BRAZIL|21|2|51426.93|0.09|21|22211|22211|989
19|ROMANIA|52|19|53156.1|0.1|52|22211|22211|989
