21|VIETNAM|26|21|36410.96|0.02|26|103|103|233|233|3
4|EGYPT|69|4|25949.06|0.01|69|103|103|233|233|3
14|KENYA|76|14|8757.3|0.03|76|103|103|233|233|3
4|EGYPT|38|4|36263.36|0.01|38|103|103|233|233|3
17|PERU|1|17|8144.88|0.06|1|43361|43361|233|233|3
22|RUSSIA|40|22|3976.36|0.04|40|43232|43232|233|233|3
5|ETHIOPIA|2|5|42825.88|0.03|2|43232|43232|233|233|3
17|PERU|8|17|68705.14|0.1|8|32928|32928|343|343|3
21|VIETNAM|80|21|57300.84|0.02|80|32928|32928|343|343|3
21|VIETNAM|68|21|57724.92|0.08|68|32928|32928|343|343|3
10|IRAN|34|10|48741.6|0.07|34|32928|32928|343|343|3
19|ROMANIA|52|19|53817.05|0.04|52|32928|32928|343|343|3
24|UNITED STATES|46|24|28992.0|0.05|46|42499|42499|343|343|3
17|PERU|8|17|46699.0|0.08|8|37827|37827|443|443|3
11|IRAQ|5|11|33914.4|0.08|5|37827|37827|443|443|3
24|UNITED STATES|55|24|48604.11|0.1|55|37827|37827|443|443|3
16|MOZAMBIQUE|18|16|26236.84|0.04|18|37827|37827|443|443|3
3|CANADA|20|3|10291.04|0.1|20|37827|37827|443|443|3
18|CHINA|41|18|32717.96|0.05|41|37827|37827|443|443|3
15|MOROCCO|14|15|58820.58|0.03|14|42852|42852|443|443|3
16|MOZAMBIQUE|30|16|9032.66|0.0|30|42852|42852|443|443|3
23|UNITED KINGDOM|66|23|17088.45|0.04|66|27106|27106|443|443|3
1|ARGENTINA|71|1|9614.29|0.01|71|27106|27106|443|443|3
15|MOROCCO|14|15|10547.28|0.09|14|27106|27106|443|443|3
12|JAPAN|54|12|26685.4|0.05|54|27106|27106|443|443|3
18|CHINA|27|18|46145.98|0.02|27|27106|27106|443|443|3
5|ETHIOPIA|63|5|19184.28|0.02|63|27106|27106|443|443|3
23|UNITED KINGDOM|66|23|51686.32|0.01|66|6790|6790|146|146|3
18|CHINA|11|18|24370.01|0.09|11|4582|4582|146|146|3
7|GERMANY|44|7|39560.43|0.03|44|18498|18498|146|146|3
24|UNITED STATES|55|24|6362.76|0.03|55|18498|18498|146|146|3
8|INDIA|60|8|5337.72|0.0|60|18498|18498|146|146|3
24|UNITED STATES|10|24|34686.75|0.08|10|17830|17830|146|146|3
23|UNITED KINGDOM|32|23|22463.32|0.1|32|17830|17830|146|146|3
21|VIETNAM|80|21|7037.5|0.04|80|44102|44102|520|520|3
14|KENYA|6|14|27334.98|0.09|6|44102|44102|520|520|3
23|UNITED KINGDOM|66|23|67839.81|0.01|66|44102|44102|520|520|3
15|MOROCCO|14|15|21641.4|0.01|14|44102|44102|520|520|3
14|KENYA|76|14|41264.1|0.09|76|44102|44102|520|520|3
14|KENYA|76|14|21923.8|0.08|76|44102|44102|520|520|3
12|JAPAN|43|12|83927.69|0.03|43|44102|44102|520|520|3
22|RUSSIA|65|22|38726.18|0.04|65|1700|1700|520|520|3
24|UNITED STATES|49|24|56312.76|0.04|49|1700|1700|520|520|3
4|EGYPT|69|4|12942.58|0.08|69|18084|18084|520|520|3
15|MOROCCO|4|15|26053.5|0.08|4|18084|18084|520|520|3
24|UNITED STATES|10|24|19220.4|0.0|10|18084|18084|520|520|3
3|CANADA|20|3|72526.95|0.0|20|18084|18084|520|520|3
20|SAUDI ARABIA|74|20|25773.16|0.04|74|18084|18084|520|520|3
1|ARGENTINA|3|1|67461.76|0.1|3|18084|18084|520|520|3
13|JORDAN|36|13|45875.29|0.0|36|6178|6178|520|520|3
7|GERMANY|33|7|57844.05|0.09|33|835|835|520|520|3
10|IRAN|34|10|38597.16|0.02|34|835|835|520|520|3
18|CHINA|11|18|37401.2|0.09|11|3782|3782|520|520|3
8|INDIA|60|8|11252.2|0.03|60|3782|3782|520|520|3
22|RUSSIA|65|22|62285.62|0.02|65|3782|3782|520|520|3
12|JAPAN|43|12|29492.4|0.06|43|3782|3782|520|520|3
22|RUSSIA|42|22|32341.09|0.01|42|3782|3782|520|520|3
14|KENYA|6|14|37461.96|0.04|6|5312|5312|520|520|3
16|MOZAMBIQUE|30|16|39087.0|0.05|30|5312|5312|520|520|3
5|ETHIOPIA|78|5|26409.52|0.1|78|43040|43040|520|520|3
2|BRAZIL|21|2|51606.72|0.1|21|43040|43040|520|520|3
22|RUSSIA|40|22|21408.95|0.02|40|33472|33472|520|520|3
24|UNITED STATES|55|24|3835.11|0.04|55|33472|33472|520|520|3
1|ARGENTINA|71|1|9880.57|0.1|71|33472|33472|520|520|3
16|MOZAMBIQUE|18|16|46323.64|0.04|18|33472|33472|520|520|3
5|ETHIOPIA|63|5|1521.62|0.07|63|33472|33472|520|520|3
5|ETHIOPIA|63|5|43598.72|0.07|63|33472|33472|520|520|3
16|MOZAMBIQUE|58|16|28080.5|0.04|58|26147|26147|520|520|3
24|UNITED STATES|46|24|40770.0|0.05|46|26147|26147|520|520|3
24|UNITED STATES|19|24|35227.49|0.07|19|26147|26147|520|520|3
19|ROMANIA|17|19|19705.47|0.0|17|26147|26147|520|520|3
19|ROMANIA|52|19|4500.88|0.02|52|26147|26147|520|520|3
21|VIETNAM|80|21|43195.38|0.01|80|16611|16611|520|520|3
14|KENYA|6|14|59997.84|0.03|6|16611|16611|520|520|3
9|INDONESIA|51|9|44655.68|0.07|51|16611|16611|520|520|3
8|INDIA|12|8|24166.35|0.05|12|16611|16611|520|520|3
8|INDIA|12|8|55360.0|0.04|12|16611|16611|520|520|3
12|JAPAN|54|12|15136.1|0.1|54|16611|16611|520|520|3
12|JAPAN|43|12|17518.38|0.06|43|16611|16611|520|520|3
8|INDIA|12|8|37334.02|0.0|12|1191|1191|883|883|3
8|INDIA|61|8|25611.2|0.03|61|45601|45601|883|883|3
10|IRAN|9|10|50532.99|0.06|9|45601|45601|883|883|3
14|KENYA|47|14|42444.44|0.08|47|45601|45601|883|883|3
20|SAUDI ARABIA|74|20|21136.86|0.04|74|45601|45601|883|883|3
7|GERMANY|33|7|8766.45|0.02|33|22854|22854|883|883|3
0|ALGERIA|37|0|43075.5|0.09|37|22854|22854|883|883|3
21|VIETNAM|26|21|31823.88|0.08|26|22854|22854|883|883|3
3|CANADA|13|3|6000.54|0.0|13|22854|22854|883|883|3
10|IRAN|34|10|24205.48|0.03|34|22854|22854|883|883|3
24|UNITED STATES|10|24|15316.44|0.05|10|22854|22854|883|883|3
4|EGYPT|38|4|48674.9|0.09|38|22854|22854|883|883|3
21|VIETNAM|26|21|56040.3|0.08|26|20327|20327|883|883|3
9|INDONESIA|23|9|5886.48|0.1|23|20327|20327|883|883|3
23|UNITED KINGDOM|32|23|60614.05|0.02|32|20327|20327|883|883|3
19|ROMANIA|17|19|14007.12|0.01|17|20327|20327|883|883|3
16|MOZAMBIQUE|30|16|32676.39|0.09|30|20327|20327|883|883|3
17|PERU|8|17|52800.24|0.03|8|9667|9667|883|883|3
8|INDIA|60|8|36038.5|0.09|60|9667|9667|883|883|3
0|ALGERIA|37|0|17186.72|0.03|37|9667|9667|883|883|3
13|JORDAN|36|13|50536.61|0.04|36|9667|9667|883|883|3
13|JORDAN|36|13|15905.44|0.09|36|9667|9667|883|883|3
15|MOROCCO|14|15|9768.43|0.06|14|9667|9667|883|883|3
16|MOZAMBIQUE|18|16|9962.72|0.07|18|9667|9667|883|883|3
18|CHINA|72|18|36225.59|0.09|72|37120|37120|883|883|3
1|ARGENTINA|71|1|37509.04|0.04|71|37120|37120|883|883|3
18|CHINA|27|18|4740.2|0.01|27|37120|37120|883|883|3
18|CHINA|75|18|55210.68|0.05|75|37120|37120|883|883|3
20|SAUDI ARABIA|74|20|21987.63|0.04|74|37120|37120|883|883|3
5|ETHIOPIA|78|5|26235.58|0.09|78|391|391|883|883|3
8|INDIA|12|8|42644.36|0.07|12|37792|37792|883|883|3
18|CHINA|41|18|7417.98|0.04|41|37792|37792|883|883|3
23|UNITED KINGDOM|7|23|28320.59|0.02|7|44771|44771|883|883|3
7|GERMANY|33|7|13074.0|0.06|33|44771|44771|883|883|3
24|UNITED STATES|49|24|30680.88|0.05|49|44771|44771|883|883|3
22|RUSSIA|25|22|45514.0|0.03|25|1089|1089|385|385|3
12|JAPAN|43|12|25350.6|0.1|43|1089|1089|385|385|3
18|CHINA|27|18|51803.4|0.05|27|1089|1089|385|385|3
18|CHINA|27|18|1025.12|0.01|27|1089|1089|385|385|3
14|KENYA|76|14|15905.04|0.09|76|9472|9472|385|385|3
23|UNITED KINGDOM|32|23|23329.68|0.1|32|9472|9472|385|385|3
17|PERU|59|17|71374.67|0.01|59|6631|6631|385|385|3
13|JORDAN|36|13|25479.18|0.06|36|6631|6631|385|385|3
9|INDONESIA|23|9|6637.1|0.09|23|6631|6631|385|385|3
12|JAPAN|43|12|58176.72|0.07|43|6631|6631|385|385|3
16|MOZAMBIQUE|30|16|27133.68|0.03|30|6631|6631|385|385|3
4|EGYPT|67|4|8445.0|0.03|67|5542|5542|385|385|3
1|ARGENTINA|29|1|67076.1|0.01|29|17793|17793|385|385|3
7|GERMANY|44|7|31354.22|0.04|44|46151|46151|385|385|3
18|CHINA|72|18|47510.4|0.0|72|46151|46151|385|385|3
17|PERU|57|17|20526.66|0.02|57|46151|46151|385|385|3
0|ALGERIA|28|0|48378.96|0.03|28|46151|46151|385|385|3
18|CHINA|11|18|44000.58|0.09|11|37664|37664|385|385|3
24|UNITED STATES|49|24|48168.44|0.03|49|37664|37664|385|385|3
17|PERU|59|17|39963.6|0.02|59|43267|43267|242|242|3
24|UNITED STATES|46|24|83393.86|0.01|46|43267|43267|242|242|3
15|MOROCCO|4|15|52838.24|0.06|4|35239|35239|242|242|3
14|KENYA|76|14|21451.54|0.02|76|35239|35239|242|242|3
24|UNITED STATES|49|24|16397.3|0.08|49|35239|35239|242|242|3
3|CANADA|20|3|31113.9|0.01|20|35239|35239|242|242|3
7|GERMANY|44|7|9333.9|0.09|44|35427|35427|242|242|3
8|INDIA|15|8|28086.24|0.08|15|35427|35427|242|242|3
10|IRAN|34|10|4665.15|0.05|34|35427|35427|242|242|3
10|IRAN|34|10|11636.4|0.05|34|35427|35427|242|242|3
21|VIETNAM|26|21|63578.64|0.05|26|35078|35078|242|242|3
17|PERU|59|17|5233.6|0.06|59|35078|35078|242|242|3
24|UNITED STATES|46|24|59190.7|0.01|46|35078|35078|242|242|3
12|JAPAN|54|12|39977.87|0.03|54|35078|35078|242|242|3
2|BRAZIL|21|2|80032.04|0.08|21|35078|35078|242|242|3
21|VIETNAM|80|21|12993.9|0.07|80|34694|34694|242|242|3
22|RUSSIA|40|22|5190.65|0.08|40|34694|34694|242|242|3
8|INDIA|60|8|43598.72|0.0|60|34694|34694|242|242|3
6|FRANCE|70|6|64363.68|0.1|70|34694|34694|242|242|3
9|INDONESIA|23|9|24075.35|0.02|23|34694|34694|242|242|3
4|EGYPT|67|4|30296.64|0.08|67|34694|34694|242|242|3
7|GERMANY|33|7|53385.64|0.09|33|14951|14951|242|242|3
17|PERU|57|17|1173.27|0.06|57|14951|14951|242|242|3
10|IRAN|34|10|61494.8|0.02|34|14951|14951|242|242|3
2|BRAZIL|21|2|7207.7|0.01|21|14951|14951|242|242|3
12|JAPAN|43|12|58106.16|0.05|43|14951|14951|242|242|3
16|MOZAMBIQUE|30|16|9865.71|0.04|30|14951|14951|242|242|3
9|INDONESIA|51|9|3481.68|0.04|51|35654|35654|440|440|3
14|KENYA|79|14|27638.45|0.07|79|35654|35654|440|440|3
16|MOZAMBIQUE|56|16|32154.32|0.01|56|35654|35654|440|440|3
22|RUSSIA|40|22|36801.93|0.1|40|22215|22215|440|440|3
24|UNITED STATES|55|24|41072.85|0.0|55|22215|22215|440|440|3
3|CANADA|13|3|18612.16|0.01|13|22215|22215|440|440|3
16|MOZAMBIQUE|18|16|54390.75|0.05|18|22215|22215|440|440|3
23|UNITED KINGDOM|32|23|16974.12|0.1|32|22215|22215|440|440|3
18|CHINA|11|18|38925.51|0.1|11|8743|8743|440|440|3
8|INDIA|15|8|48726.81|0.1|15|8743|8743|440|440|3
1|ARGENTINA|29|1|24327.22|0.07|29|8743|8743|440|440|3
12|JAPAN|43|12|49457.82|0.06|43|8743|8743|440|440|3
14|KENYA|47|14|25828.25|0.0|47|22339|22339|122|122|3
3|CANADA|13|3|37043.16|0.03|13|22339|22339|122|122|3
21|VIETNAM|80|21|31833.8|0.06|80|10339|10339|122|122|3
11|IRAQ|5|11|31839.63|0.0|5|10339|10339|122|122|3
24|UNITED STATES|46|24|47187.84|0.07|46|10339|10339|122|122|3
19|ROMANIA|62|19|12676.37|0.04|62|34471|34471|122|122|3
24|UNITED STATES|55|24|1774.87|0.08|55|34471|34471|122|122|3
10|IRAN|9|10|14406.3|0.07|9|34471|34471|122|122|3
16|MOZAMBIQUE|73|16|16397.85|0.03|73|23686|23686|430|430|3
23|UNITED KINGDOM|32|23|6517.21|0.01|32|23686|23686|430|430|3
17|PERU|8|17|32855.96|0.05|8|22114|22114|430|430|3
22|RUSSIA|16|22|2951.14|0.07|16|22114|22114|430|430|3
22|RUSSIA|16|22|1607.7|0.08|16|22114|22114|430|430|3
24|UNITED STATES|49|24|30438.66|0.04|49|22114|22114|430|430|3
18|CHINA|41|18|10991.88|0.01|41|22114|22114|430|430|3
21|VIETNAM|80|21|68027.82|0.09|80|24705|24705|430|430|3
4|EGYPT|22|4|15052.2|0.06|22|24705|24705|430|430|3
4|EGYPT|38|4|41553.0|0.03|38|24705|24705|430|430|3
14|KENYA|47|14|24602.0|0.02|47|37248|37248|430|430|3
16|MOZAMBIQUE|30|16|45247.5|0.09|30|37248|37248|430|430|3
9|INDONESIA|51|9|53779.28|0.06|51|38208|38208|23|23|3
22|RUSSIA|25|22|19941.3|0.02|25|38208|38208|23|23|3
24|UNITED STATES|19|24|28596.82|0.01|19|38208|38208|23|23|3
0|ALGERIA|28|0|1825.92|0.03|28|38208|38208|23|23|3
16|MOZAMBIQUE|30|16|43125.36|0.09|30|38208|38208|23|23|3
23|UNITED KINGDOM|32|23|23240.8|0.07|32|33223|33223|13|13|3
24|UNITED STATES|46|24|32375.7|0.07|46|41892|41892|13|13|3
10|IRAN|34|10|44068.69|0.03|34|41892|41892|13|13|3
12|JAPAN|54|12|9994.72|0.02|54|41892|41892|13|13|3
19|ROMANIA|17|19|45372.75|0.1|17|41892|41892|13|13|3
22|RUSSIA|42|22|23419.41|0.05|42|41892|41892|13|13|3
18|CHINA|41|18|43099.47|0.07|41|41892|41892|13|13|3
1|ARGENTINA|3|1|37665.95|0.07|3|41892|41892|13|13|3
16|MOZAMBIQUE|56|16|36647.0|0.02|56|27207|27207|13|13|3
8|INDIA|61|8|16774.94|0.01|61|41413|41413|13|13|3
9|INDONESIA|50|9|29218.86|0.01|50|41413|41413|13|13|3
21|VIETNAM|68|21|11924.64|0.06|68|41413|41413|13|13|3
18|CHINA|27|18|57261.6|0.08|27|41413|41413|13|13|3
18|CHINA|75|18|40336.56|0.1|75|41413|41413|13|13|3
5|ETHIOPIA|63|5|2724.92|0.06|63|41413|41413|13|13|3
19|ROMANIA|52|19|4124.52|0.05|52|41413|41413|13|13|3
16|MOZAMBIQUE|73|16|56256.06|0.07|73|6054|6054|13|13|3
18|CHINA|41|18|39042.0|0.05|41|6054|6054|13|13|3
7|GERMANY|33|7|63330.24|0.03|33|39937|39937|13|13|3
23|UNITED KINGDOM|66|23|54237.4|0.06|66|39937|39937|13|13|3
18|CHINA|11|18|89044.0|0.1|11|39937|39937|13|13|3
10|IRAN|9|10|1236.33|0.05|9|39937|39937|13|13|3
3|CANADA|13|3|35705.34|0.04|13|39937|39937|13|13|3
3|CANADA|13|3|29431.4|0.08|13|39937|39937|13|13|3
5|ETHIOPIA|78|5|42299.88|0.06|78|39937|39937|13|13|3
11|IRAQ|5|11|39018.84|0.02|5|7842|7842|13|13|3
7|GERMANY|44|7|51679.95|0.07|44|26243|26243|13|13|3
9|INDONESIA|50|9|25624.08|0.08|50|26243|26243|13|13|3
17|PERU|59|17|90395.0|0.1|59|26243|26243|13|13|3
14|KENYA|76|14|26736.82|0.0|76|26243|26243|13|13|3
4|EGYPT|22|4|6030.4|0.09|22|9825|9825|22|22|3
18|CHINA|72|18|38320.48|0.04|72|9825|9825|22|22|3
0|ALGERIA|28|0|35237.5|0.02|28|9825|9825|22|22|3
5|ETHIOPIA|2|5|21479.04|0.07|2|9825|9825|22|22|3
18|CHINA|72|18|43633.4|0.03|72|33698|33698|22|22|3
23|UNITED KINGDOM|32|23|23255.53|0.0|32|10149|10149|22|22|3
16|MOZAMBIQUE|73|16|46545.6|0.1|73|4355|4355|22|22|3
4|EGYPT|38|4|80266.6|0.09|38|4355|4355|22|22|3
18|CHINA|75|18|57262.0|0.1|75|4355|4355|22|22|3
24|UNITED STATES|64|24|33763.54|0.04|64|42273|42273|22|22|3
21|VIETNAM|35|21|31858.63|0.05|35|9282|9282|64|64|3
10|IRAN|9|10|41931.63|0.03|9|40771|40771|64|64|3
0|ALGERIA|37|0|50454.4|0.06|37|40771|40771|64|64|3
17|PERU|59|17|16787.7|0.01|59|40771|40771|64|64|3
21|VIETNAM|68|21|35940.57|0.08|68|40771|40771|64|64|3
16|MOZAMBIQUE|18|16|15312.8|0.04|18|40771|40771|64|64|3
18|CHINA|27|18|12754.04|0.02|27|40771|40771|64|64|3
3|CANADA|13|3|5045.5|0.06|13|41728|41728|64|64|3
0|ALGERIA|28|0|67121.55|0.1|28|41728|41728|64|64|3
22|RUSSIA|40|22|38741.7|0.08|40|10722|10722|64|64|3
17|PERU|59|17|44112.48|0.04|59|10722|10722|64|64|3
17|PERU|57|17|10835.4|0.09|57|10722|10722|64|64|3
19|ROMANIA|17|19|39840.39|0.0|17|10722|10722|64|64|3
24|UNITED STATES|49|24|61426.36|0.04|49|10722|10722|64|64|3
18|CHINA|75|18|12003.67|0.06|75|10722|10722|64|64|3
21|VIETNAM|80|21|8078.55|0.07|80|38628|38628|64|64|3
19|ROMANIA|62|19|57821.6|0.03|62|47361|47361|64|64|3
22|RUSSIA|25|22|11464.11|0.03|25|47361|47361|64|64|3
23|UNITED KINGDOM|32|23|62966.6|0.08|32|47361|47361|64|64|3
8|INDIA|61|8|50579.99|0.06|61|27873|27873|64|64|3
20|SAUDI ARABIA|74|20|15521.17|0.07|74|27873|27873|64|64|3
10|IRAN|34|10|28410.2|0.1|34|13702|13702|905|905|3
19|ROMANIA|17|19|19044.64|0.05|17|13702|13702|905|905|3
19|ROMANIA|62|19|4330.62|0.1|62|8995|8995|905|905|3
9|INDONESIA|50|9|1082.18|0.04|50|8995|8995|905|905|3
9|INDONESIA|50|9|22747.92|0.08|50|8995|8995|905|905|3
4|EGYPT|69|4|38418.12|0.01|69|8995|8995|905|905|3
14|KENYA|79|14|66319.05|0.08|79|8995|8995|905|905|3
16|MOZAMBIQUE|18|16|63376.11|0.01|18|8995|8995|905|905|3
22|RUSSIA|25|22|37364.3|0.06|25|13093|13093|905|905|3
24|UNITED STATES|64|24|65394.03|0.08|64|13093|13093|905|905|3
19|ROMANIA|52|19|20316.75|0.03|52|13093|13093|905|905|3
4|EGYPT|22|4|43598.72|0.02|22|20482|20482|905|905|3
14|KENYA|48|14|12753.7|0.0|48|20482|20482|905|905|3
14|KENYA|47|14|21131.99|0.07|47|20482|20482|905|905|3
14|KENYA|79|14|45469.84|0.06|79|20482|20482|905|905|3
16|MOZAMBIQUE|18|16|40932.46|0.02|18|20482|20482|905|905|3
5|ETHIOPIA|2|5|53552.88|0.01|2|20482|20482|905|905|3
7|GERMANY|33|7|15264.8|0.02|33|30085|30085|905|905|3
7|GERMANY|77|7|42381.72|0.09|77|30085|30085|905|905|3
18|CHINA|75|18|24131.67|0.0|75|30085|30085|905|905|3
20|SAUDI ARABIA|74|20|69883.71|0.03|74|30085|30085|905|905|3
21|VIETNAM|80|21|54683.04|0.03|80|31265|31265|1153|1153|3
7|GERMANY|77|7|14260.29|0.0|77|31265|31265|1153|1153|3
18|CHINA|11|18|37610.8|0.04|11|31265|31265|1153|1153|3
4|EGYPT|22|4|58201.54|0.03|22|31265|31265|1153|1153|3
24|UNITED STATES|55|24|58897.73|0.0|55|31265|31265|1153|1153|3
24|UNITED STATES|46|24|11622.6|0.03|46|31265|31265|1153|1153|3
23|UNITED KINGDOM|7|23|29743.92|0.02|7|11652|11652|1153|1153|3
11|IRAQ|5|11|11099.84|0.1|5|11652|11652|1153|1153|3
19|ROMANIA|62|19|12143.1|0.07|62|11652|11652|1153|1153|3
17|PERU|59|17|57781.62|0.07|59|11652|11652|1153|1153|3
8|INDIA|15|8|32563.65|0.03|15|11652|11652|1153|1153|3
14|KENYA|79|14|16495.49|0.06|79|11652|11652|1153|1153|3
18|CHINA|75|18|31758.44|0.08|75|11652|11652|1153|1153|3
23|UNITED KINGDOM|66|23|49123.14|0.06|66|47810|47810|1153|1153|3
24|UNITED STATES|46|24|13918.96|0.1|46|47810|47810|1153|1153|3
12|JAPAN|54|12|34732.38|0.05|54|47810|47810|1153|1153|3
1|ARGENTINA|3|1|57751.76|0.1|3|47810|47810|1153|1153|3
16|MOZAMBIQUE|56|16|23000.48|0.03|56|20802|20802|1153|1153|3
23|UNITED KINGDOM|66|23|48384.46|0.09|66|12262|12262|1153|1153|3
22|RUSSIA|25|22|55003.08|0.05|25|12262|12262|1153|1153|3
15|MOROCCO|14|15|18243.89|0.02|14|12262|12262|1153|1153|3
9|INDONESIA|45|9|10081.89|0.08|45|12262|12262|1153|1153|3
16|MOZAMBIQUE|58|16|21037.5|0.01|58|45890|45890|1153|1153|3
18|CHINA|11|18|26476.31|0.08|11|20262|20262|1153|1153|3
8|INDIA|61|8|57994.91|0.02|61|20262|20262|1153|1153|3
21|VIETNAM|26|21|26380.56|0.02|26|20262|20262|1153|1153|3
21|VIETNAM|35|21|2066.26|0.01|35|20262|20262|1153|1153|3
4|EGYPT|67|4|81715.95|0.03|67|20262|20262|1153|1153|3
1|ARGENTINA|29|1|20900.88|0.02|29|20262|20262|1153|1153|3
5|ETHIOPIA|2|5|11052.24|0.08|2|20262|20262|1153|1153|3
22|RUSSIA|40|22|46979.4|0.1|40|45025|45025|1153|1153|3
16|MOZAMBIQUE|58|16|15312.8|0.06|58|45025|45025|1153|1153|3
12|JAPAN|54|12|30188.13|0.07|54|45025|45025|1153|1153|3
2|BRAZIL|21|2|69303.6|0.06|21|45025|45025|1153|1153|3
14|KENYA|76|14|25436.85|0.1|76|45025|45025|1153|1153|3
0|ALGERIA|28|0|41581.7|0.1|28|45025|45025|1153|1153|3
9|INDONESIA|51|9|45899.35|0.03|51|29317|29317|1153|1153|3
18|CHINA|72|18|63956.64|0.1|72|29317|29317|1153|1153|3
14|KENYA|48|14|4945.32|0.06|48|29317|29317|1153|1153|3
16|MOZAMBIQUE|58|16|53658.5|0.06|58|29317|29317|1153|1153|3
21|VIETNAM|68|21|15493.5|0.05|68|29317|29317|1153|1153|3
1|ARGENTINA|3|1|10106.88|0.03|3|29317|29317|1153|1153|3
17|PERU|1|17|26983.35|0.03|1|18372|18372|757|757|3
9|INDONESIA|51|9|51214.8|0.01|51|18372|18372|757|757|3
7|GERMANY|53|7|43823.5|0.05|53|18372|18372|757|757|3
17|PERU|8|17|2306.5|0.09|8|3458|3458|757|757|3
23|UNITED KINGDOM|7|23|46130.88|0.06|7|3458|3458|757|757|3
16|MOZAMBIQUE|18|16|37372.68|0.01|18|3458|3458|757|757|3
12|JAPAN|43|12|59541.94|0.06|43|3458|3458|757|757|3
22|RUSSIA|65|22|16369.92|0.09|65|3458|3458|757|757|3
4|EGYPT|38|4|6216.78|0.09|38|3458|3458|757|757|3
21|VIETNAM|80|21|71928.36|0.08|80|1411|1411|757|757|3
22|RUSSIA|25|22|45318.3|0.09|25|1411|1411|757|757|3
15|MOROCCO|14|15|41040.4|0.0|14|1411|1411|757|757|3
14|KENYA|79|14|30032.0|0.01|79|1411|1411|757|757|3
21|VIETNAM|35|21|9280.17|0.06|35|1411|1411|757|757|3
7|GERMANY|53|7|45574.1|0.02|53|1411|1411|757|757|3
23|UNITED KINGDOM|7|23|41565.94|0.02|7|36645|36645|757|757|3
23|UNITED KINGDOM|7|23|9260.2|0.0|7|36645|36645|757|757|3
18|CHINA|72|18|44747.0|0.1|72|36645|36645|757|757|3
4|EGYPT|67|4|34716.96|0.01|67|36645|36645|757|757|3
8|INDIA|39|8|10251.2|0.09|39|36645|36645|757|757|3
7|GERMANY|53|7|65988.38|0.05|53|36645|36645|757|757|3
24|UNITED STATES|55|24|5411.7|0.04|55|30497|30497|757|757|3
4|EGYPT|69|4|70634.76|0.05|69|30497|30497|757|757|3
12|JAPAN|43|12|23519.16|0.06|43|30497|30497|757|757|3
24|UNITED STATES|49|24|58733.73|0.07|49|30497|30497|757|757|3
5|ETHIOPIA|2|5|51012.72|0.05|2|30497|30497|757|757|3
21|VIETNAM|80|21|40591.4|0.06|80|34689|34689|757|757|3
12|JAPAN|43|12|17388.75|0.02|43|34689|34689|757|757|3
22|RUSSIA|65|22|11752.7|0.06|65|9953|9953|757|757|3
18|CHINA|75|18|2682.88|0.09|75|9953|9953|757|757|3
17|PERU|8|17|33960.08|0.1|8|13221|13221|757|757|3
7|GERMANY|77|7|34336.2|0.03|77|13221|13221|757|757|3
5|ETHIOPIA|2|5|46119.3|0.0|2|13221|13221|757|757|3
11|IRAQ|5|11|30329.04|0.03|5|45474|45474|757|757|3
9|INDONESIA|23|9|13942.72|0.05|23|45474|45474|757|757|3
7|GERMANY|33|7|14862.12|0.05|33|43008|43008|988|988|3
8|INDIA|61|8|40499.78|0.07|61|43008|43008|988|988|3
18|CHINA|72|18|11716.76|0.09|72|43008|43008|988|988|3
5|ETHIOPIA|2|5|18436.0|0.03|2|43008|43008|988|988|3
8|INDIA|15|8|16313.4|0.08|15|16837|16837|988|988|3
3|CANADA|13|3|12674.75|0.04|13|16837|16837|988|988|3
14|KENYA|6|14|15055.84|0.05|6|38278|38278|988|988|3
14|KENYA|47|14|11249.82|0.08|47|42149|42149|898|898|3
1|ARGENTINA|29|1|32154.32|0.05|29|42149|42149|898|898|3
10|IRAN|34|10|42530.24|0.05|34|2183|2183|898|898|3
24|UNITED STATES|10|24|32735.0|0.06|10|2183|2183|898|898|3
22|RUSSIA|40|22|36398.2|0.08|40|42724|42724|898|898|3
8|INDIA|12|8|4284.68|0.04|12|42724|42724|898|898|3
17|PERU|1|17|19010.4|0.08|1|3430|3430|898|898|3
19|ROMANIA|62|19|2813.0|0.07|62|3430|3430|898|898|3
19|ROMANIA|62|19|49460.48|0.08|62|3430|3430|898|898|3
19|ROMANIA|62|19|30162.43|0.09|62|3430|3430|898|898|3
24|UNITED STATES|46|24|8293.75|0.05|46|3430|3430|898|898|3
7|GERMANY|53|7|68583.57|0.06|53|3430|3430|898|898|3
16|MOZAMBIQUE|73|16|14416.0|0.01|73|26790|26790|898|898|3
15|MOROCCO|14|15|7448.04|0.01|14|26790|26790|898|898|3
0|ALGERIA|24|0|23623.46|0.03|24|26790|26790|898|898|3
16|MOZAMBIQUE|31|16|10002.8|0.04|31|26790|26790|898|898|3
8|INDIA|61|8|50254.0|0.07|61|35136|35136|898|898|3
14|KENYA|76|14|84312.83|0.01|76|35136|35136|898|898|3
3|CANADA|20|3|33969.06|0.02|20|35136|35136|898|898|3
17|PERU|1|17|8132.7|0.07|1|18370|18370|40|40|3
8|INDIA|61|8|5666.94|0.06|61|18370|18370|40|40|3
21|VIETNAM|26|21|58952.79|0.0|26|18370|18370|40|40|3
9|INDONESIA|45|9|40433.75|0.02|45|18370|18370|40|40|3
14|KENYA|6|14|63964.6|0.06|6|40770|40770|40|40|3
5|ETHIOPIA|2|5|48522.17|0.02|2|40770|40770|40|40|3
17|PERU|8|17|43011.88|0.1|8|47429|47429|40|40|3
17|PERU|1|17|13379.22|0.01|1|47429|47429|40|40|3
0|ALGERIA|24|0|50955.94|0.1|24|39717|39717|40|40|3
23|UNITED KINGDOM|7|23|8192.96|0.09|7|36934|36934|40|40|3
14|KENYA|6|14|48099.87|0.04|6|36934|36934|40|40|3
9|INDONESIA|51|9|12783.7|0.02|51|36934|36934|40|40|3
22|RUSSIA|25|22|16913.93|0.02|25|36934|36934|40|40|3
4|EGYPT|38|4|17803.57|0.06|38|36934|36934|40|40|3
24|UNITED STATES|46|24|18120.0|0.09|46|2375|2375|40|40|3
6|FRANCE|70|6|3731.92|0.08|70|47362|47362|40|40|3
24|UNITED STATES|46|24|77961.25|0.1|46|47362|47362|40|40|3
21|VIETNAM|68|21|45002.64|0.08|68|47362|47362|40|40|3
9|INDONESIA|23|9|29313.46|0.05|23|47362|47362|40|40|3
10|IRAN|34|10|16542.19|0.05|34|47362|47362|40|40|3
1|ARGENTINA|29|1|34836.03|0.0|29|47362|47362|40|40|3
12|JAPAN|54|12|34539.54|0.09|54|47362|47362|40|40|3
23|UNITED KINGDOM|66|23|5329.72|0.06|66|20580|20580|677|677|3
14|KENYA|79|14|50229.45|0.02|79|20580|20580|677|677|3
1|ARGENTINA|29|1|25340.0|0.04|29|20580|20580|677|677|3
24|UNITED STATES|55|24|37515.41|0.02|55|3876|3876|226|226|3
13|JORDAN|36|13|12265.44|0.06|36|3876|3876|226|226|3
0|ALGERIA|28|0|37559.07|0.0|28|3876|3876|226|226|3
12|JAPAN|54|12|3832.11|0.02|54|21312|21312|226|226|3
1|ARGENTINA|3|1|47049.24|0.0|3|21312|21312|226|226|3
10|IRAN|9|10|27557.76|0.05|9|8195|8195|226|226|3
10|IRAN|9|10|43006.8|0.0|9|8195|8195|226|226|3
16|MOZAMBIQUE|56|16|26904.25|0.09|56|8195|8195|226|226|3
0|ALGERIA|28|0|13552.84|0.02|28|8195|8195|226|226|3
22|RUSSIA|42|22|54072.72|0.02|42|8195|8195|226|226|3
24|UNITED STATES|46|24|63570.96|0.09|46|31939|31939|226|226|3
5|ETHIOPIA|78|5|41373.36|0.01|78|31939|31939|226|226|3
16|MOZAMBIQUE|58|16|17578.5|0.1|58|42757|42757|226|226|3
22|RUSSIA|42|22|43655.84|0.06|42|42757|42757|226|226|3
21|VIETNAM|80|21|75184.65|0.07|80|2945|2945|226|226|3
9|INDONESIA|51|9|25508.28|0.06|51|2945|2945|226|226|3
9|INDONESIA|51|9|12803.7|0.09|51|2945|2945|226|226|3
16|MOZAMBIQUE|73|16|50781.39|0.0|73|2945|2945|226|226|3
13|JORDAN|36|13|61589.27|0.07|36|2945|2945|226|226|3
8|INDIA|39|8|44147.1|0.05|39|2945|2945|226|226|3
24|UNITED STATES|64|24|47753.0|0.08|64|2945|2945|226|226|3
17|PERU|57|17|37166.66|0.06|57|23907|23907|226|226|3
9|INDONESIA|45|9|15456.96|0.06|45|23907|23907|226|226|3
3|CANADA|20|3|20952.23|0.07|20|23907|23907|226|226|3
19|ROMANIA|52|19|4989.36|0.04|52|23907|23907|226|226|3
5|ETHIOPIA|2|5|9109.8|0.09|2|23907|23907|226|226|3
11|IRAQ|5|11|36904.32|0.04|5|38274|38274|226|226|3
7|GERMANY|33|7|19537.08|0.05|33|38274|38274|226|226|3
21|VIETNAM|35|21|45369.72|0.09|35|38274|38274|226|226|3
3|CANADA|20|3|46093.32|0.01|20|38274|38274|226|226|3
18|CHINA|41|18|63218.0|0.07|41|38274|38274|226|226|3
8|INDIA|15|8|5101.48|0.06|15|37890|37890|226|226|3
12|JAPAN|43|12|50426.88|0.08|43|37890|37890|226|226|3
19|ROMANIA|17|19|58938.73|0.0|17|37890|37890|226|226|3
24|UNITED STATES|64|24|32632.38|0.09|64|37890|37890|226|226|3
21|VIETNAM|80|21|38791.85|0.1|80|16578|16578|226|226|3
1|ARGENTINA|71|1|19553.28|0.05|71|16578|16578|226|226|3
22|RUSSIA|25|22|4681.04|0.07|25|16578|16578|226|226|3
4|EGYPT|67|4|52451.04|0.05|67|16578|16578|226|226|3
18|CHINA|75|18|20570.66|0.0|75|16578|16578|226|226|3
23|UNITED KINGDOM|66|23|6510.88|0.01|66|22244|22244|226|226|3
0|ALGERIA|24|0|20723.78|0.08|24|22244|22244|226|226|3
19|ROMANIA|62|19|5195.49|0.03|62|36677|36677|875|875|3
17|PERU|59|17|16933.53|0.04|59|36677|36677|875|875|3
9|INDONESIA|45|9|37053.99|0.03|45|36677|36677|875|875|3
7|GERMANY|53|7|3840.2|0.07|53|36677|36677|875|875|3
9|INDONESIA|51|9|79689.15|0.08|51|34854|34854|875|875|3
7|GERMANY|77|7|8570.24|0.07|77|34854|34854|875|875|3
24|UNITED STATES|46|24|7342.8|0.02|46|9891|9891|875|875|3
5|ETHIOPIA|63|5|41164.16|0.03|63|9891|9891|875|875|3
18|CHINA|72|18|20362.14|0.05|72|17125|17125|875|875|3
13|JORDAN|36|13|4575.05|0.05|36|17125|17125|875|875|3
4|EGYPT|69|4|27598.45|0.04|69|17125|17125|875|875|3
10|IRAN|34|10|37440.48|0.02|34|17125|17125|875|875|3
18|CHINA|27|18|19545.57|0.0|27|17125|17125|875|875|3
20|SAUDI ARABIA|74|20|38922.8|0.08|74|17125|17125|875|875|3
5|ETHIOPIA|2|5|49129.89|0.03|2|17125|17125|875|875|3
13|JORDAN|36|13|41786.28|0.02|36|21570|21570|875|875|3
5|ETHIOPIA|63|5|15402.8|0.1|63|21570|21570|875|875|3
11|IRAQ|5|11|45361.92|0.04|5|9574|9574|632|632|3
16|MOZAMBIQUE|56|16|48768.44|0.04|56|9574|9574|632|632|3
7|GERMANY|53|7|29599.92|0.04|53|9574|9574|632|632|3
1|ARGENTINA|29|1|82195.48|0.01|29|7555|7555|632|632|3
19|ROMANIA|17|19|62266.0|0.08|17|7555|7555|632|632|3
5|ETHIOPIA|2|5|43026.2|0.0|2|7555|7555|632|632|3
14|KENYA|6|14|25052.5|0.05|6|42373|42373|632|632|3
9|INDONESIA|51|9|45687.29|0.09|51|42373|42373|632|632|3
7|GERMANY|77|7|52301.33|0.1|77|42373|42373|632|632|3
9|INDONESIA|50|9|70156.71|0.07|50|42373|42373|632|632|3
19|ROMANIA|52|19|56130.3|0.1|52|42373|42373|632|632|3
1|ARGENTINA|29|1|36288.75|0.01|29|8901|8901|863|863|3
7|GERMANY|53|7|4766.04|0.0|53|8901|8901|863|863|3
22|RUSSIA|40|22|15922.94|0.08|40|37121|37121|863|863|3
16|MOZAMBIQUE|73|16|5716.2|0.06|73|13155|13155|863|863|3
8|INDIA|60|8|44918.3|0.1|60|13155|13155|863|863|3
22|RUSSIA|25|22|43317.6|0.05|25|13155|13155|863|863|3
3|CANADA|13|3|34354.2|0.08|13|13155|13155|863|863|3
21|VIETNAM|35|21|20822.4|0.04|35|13155|13155|863|863|3
2|BRAZIL|21|2|30484.66|0.08|21|13155|13155|863|863|3
22|RUSSIA|16|22|14271.36|0.1|16|13155|13155|863|863|3
23|UNITED KINGDOM|66|23|10090.88|0.05|66|166|166|863|863|3
3|CANADA|13|3|52559.24|0.09|13|166|166|863|863|3
0|ALGERIA|28|0|69650.39|0.07|28|166|166|863|863|3
19|ROMANIA|52|19|16020.29|0.09|52|166|166|863|863|3
17|PERU|1|17|12965.76|0.04|1|23431|23431|863|863|3
4|EGYPT|22|4|18115.68|0.1|22|23431|23431|863|863|3
0|ALGERIA|28|0|76448.41|0.08|28|23431|23431|863|863|3
4|EGYPT|38|4|11004.12|0.01|38|23431|23431|863|863|3
17|PERU|1|17|47780.7|0.1|1|44034|44034|863|863|3
11|IRAQ|5|11|30036.5|0.1|5|44034|44034|863|863|3
0|ALGERIA|24|0|1056.15|0.05|24|44034|44034|863|863|3
0|ALGERIA|28|0|85890.5|0.08|28|44034|44034|863|863|3
3|CANADA|20|3|34841.52|0.07|20|44034|44034|863|863|3
10|IRAN|9|10|18160.0|0.07|9|35653|35653|863|863|3
8|INDIA|15|8|18499.06|0.02|15|35653|35653|863|863|3
17|PERU|57|17|1053.15|0.01|57|33701|33701|5|5|3
21|VIETNAM|68|21|46372.6|0.02|68|33701|33701|5|5|3
8|INDIA|61|8|47571.75|0.01|61|38759|38759|5|5|3
8|INDIA|15|8|10882.55|0.1|15|38759|38759|5|5|3
4|EGYPT|69|4|71752.12|0.08|69|38759|38759|5|5|3
5|ETHIOPIA|78|5|25676.28|0.0|78|38759|38759|5|5|3
18|CHINA|75|18|3642.93|0.07|75|38759|38759|5|5|3
16|MOZAMBIQUE|58|16|23357.08|0.01|58|35844|35844|5|5|3
21|VIETNAM|68|21|59349.14|0.09|68|35844|35844|5|5|3
8|INDIA|61|8|32264.32|0.01|61|42725|42725|5|5|3
8|INDIA|61|8|11153.7|0.03|61|42725|42725|5|5|3
22|RUSSIA|25|22|47405.75|0.06|25|42725|42725|5|5|3
3|CANADA|20|3|51856.5|0.01|20|42725|42725|5|5|3
13|JORDAN|36|13|52010.87|0.05|36|18435|18435|5|5|3
2|BRAZIL|21|2|52167.17|0.04|21|18435|18435|5|5|3
4|EGYPT|38|4|45700.5|0.07|38|18435|18435|5|5|3
5|ETHIOPIA|63|5|13904.9|0.06|63|18435|18435|5|5|3
24|UNITED STATES|46|24|46322.88|0.0|46|23554|23554|434|434|3
23|UNITED KINGDOM|7|23|38003.44|0.05|7|19172|19172|434|434|3
22|RUSSIA|40|22|28731.36|0.08|40|19172|19172|434|434|3
7|GERMANY|33|7|51235.25|0.07|33|19172|19172|434|434|3
18|CHINA|72|18|33083.28|0.03|72|19172|19172|434|434|3
16|MOZAMBIQUE|18|16|24460.95|0.02|18|19172|19172|434|434|3
3|CANADA|20|3|34324.29|0.09|20|19172|19172|434|434|3
24|UNITED STATES|64|24|52619.76|0.0|64|19172|19172|434|434|3
14|KENYA|47|14|22499.64|0.0|47|4160|4160|434|434|3
2|BRAZIL|21|2|67224.0|0.04|21|4160|4160|434|434|3
1|ARGENTINA|3|1|45022.5|0.1|3|4160|4160|434|434|3
22|RUSSIA|40|22|29066.6|0.03|40|19041|19041|796|796|3
16|MOZAMBIQUE|73|16|19477.28|0.07|73|19041|19041|796|796|3
4|EGYPT|69|4|67202.03|0.0|69|19041|19041|796|796|3
4|EGYPT|69|4|37754.34|0.0|69|19041|19041|796|796|3
4|EGYPT|67|4|36309.41|0.01|67|19041|19041|796|796|3
12|JAPAN|43|12|2634.82|0.01|43|19041|19041|796|796|3
18|CHINA|41|18|19407.06|0.06|41|19041|19041|796|796|3
17|PERU|8|17|19741.6|0.07|8|6721|6721|796|796|3
7|GERMANY|44|7|34442.8|0.02|44|6721|6721|796|796|3
14|KENYA|48|14|54150.72|0.08|48|44449|44449|796|796|3
24|UNITED STATES|49|24|64725.12|0.02|49|44449|44449|796|796|3
14|KENYA|6|14|3972.36|0.1|6|24387|24387|796|796|3
9|INDONESIA|51|9|6222.78|0.0|51|24387|24387|796|796|3
14|KENYA|48|14|9568.44|0.01|48|24387|24387|796|796|3
16|MOZAMBIQUE|58|16|13703.95|0.08|58|24387|24387|796|796|3
0|ALGERIA|24|0|30663.6|0.08|24|24387|24387|796|796|3
10|IRAN|34|10|35588.4|0.04|34|24387|24387|796|796|3
19|ROMANIA|52|19|49192.5|0.08|52|24387|24387|796|796|3
19|ROMANIA|62|19|32616.0|0.09|62|8706|8706|268|268|3
8|INDIA|61|8|63716.16|0.02|61|8706|8706|268|268|3
17|PERU|57|17|42066.2|0.1|57|8706|8706|268|268|3
7|GERMANY|53|7|35739.1|0.04|53|8706|8706|268|268|3
7|GERMANY|53|7|39003.14|0.01|53|8706|8706|268|268|3
7|GERMANY|53|7|35626.36|0.04|53|8706|8706|268|268|3
1|ARGENTINA|3|1|36822.94|0.1|3|8706|8706|268|268|3
9|INDONESIA|51|9|60065.0|0.09|51|38758|38758|268|268|3
8|INDIA|15|8|21597.69|0.05|15|38758|38758|268|268|3
9|INDONESIA|23|9|42417.72|0.0|23|38758|38758|268|268|3
12|JAPAN|43|12|58087.56|0.07|43|38758|38758|268|268|3
24|UNITED STATES|49|24|24251.03|0.06|49|38758|38758|268|268|3
22|RUSSIA|42|22|60964.4|0.01|42|38758|38758|268|268|3
11|IRAQ|5|11|51225.76|0.1|5|33126|33126|268|268|3
9|INDONESIA|51|9|33994.29|0.1|51|33126|33126|268|268|3
1|ARGENTINA|71|1|13889.26|0.01|71|33126|33126|268|268|3
21|VIETNAM|68|21|1449.54|0.08|68|33126|33126|268|268|3
10|IRAN|34|10|1976.16|0.04|34|33126|33126|268|268|3
17|PERU|59|17|28029.51|0.02|59|20323|20323|268|268|3
21|VIETNAM|68|21|6048.6|0.08|68|20323|20323|268|268|3
9|INDONESIA|23|9|82334.48|0.05|23|20323|20323|268|268|3
24|UNITED STATES|55|24|52557.5|0.0|55|7585|7585|268|268|3
15|MOROCCO|14|15|26004.93|0.06|14|7585|7585|268|268|3
0|ALGERIA|24|0|13287.56|0.09|24|7585|7585|268|268|3
24|UNITED STATES|64|24|87019.68|0.04|64|7585|7585|268|268|3
5|ETHIOPIA|78|5|49310.04|0.09|78|29857|29857|235|235|3
17|PERU|8|17|41684.4|0.04|8|43137|43137|235|235|3
5|ETHIOPIA|78|5|23972.52|0.02|78|10912|10912|235|235|3
20|SAUDI ARABIA|74|20|37624.31|0.08|74|32739|32739|235|235|3
14|KENYA|79|14|5525.92|0.07|79|44097|44097|235|235|3
4|EGYPT|38|4|14605.5|0.06|38|44097|44097|235|235|3
8|INDIA|61|8|7363.76|0.02|61|36486|36486|235|235|3
21|VIETNAM|26|21|20784.12|0.03|26|36453|36453|235|235|3
14|KENYA|47|14|30036.62|0.1|47|36453|36453|235|235|3
24|UNITED STATES|10|24|77315.88|0.01|10|36453|36453|235|235|3
7|GERMANY|44|7|14464.0|0.04|44|34178|34178|235|235|3
15|MOROCCO|14|15|35112.26|0.04|14|34178|34178|235|235|3
14|KENYA|76|14|25737.15|0.01|76|34178|34178|235|235|3
3|CANADA|20|3|43114.62|0.02|20|34178|34178|235|235|3
3|CANADA|13|3|77773.25|0.03|13|41511|41511|488|488|3
17|PERU|59|17|22193.55|0.03|59|1891|1891|488|488|3
24|UNITED STATES|64|24|24596.28|0.06|64|1891|1891|488|488|3
3|CANADA|13|3|4339.62|0.05|13|32033|32033|488|488|3
