4481
14628
25958
6274
38916
33702
12835
33889
23879
7143
8199
45219
44933
515
36705
32899
5284
9761
13539
32646
5185
22625
21701
40258
36419
41479
31843
7110
9794
23329
39719
41347
33537
41666
40610
44229
7011
43008
3172
20678
41413
4195
2050
5152
36837
31777
11779
24869
834
45956
20546
25639
39939
42469
14727
44900
22724
35968
9541
33922
21954
22119
46726
46407
7396
8452
22823
30149
30215
45923
33955
14947
31458
1060
22658
30754
28928
40577
9255
42502
10789
45824
46209
34307
10723
30017
40357
20007
25826
6791
31106
32833
30116
38949
37607
10305
41952
11526
34626
47749
37508
32327
900
33735
7495
32932
13605
24803
32866
42018
43778
24418
45318
31425
32800
7330
35429
22944
6373
41831
23527
18819
44999
43239
8166
3040
46979
37409
47969
41127
10657
47617
40775
40544
10822
9574
27905
34912
44768
44834
40324
30853
21921
35649
21536
70
21767
37827
12516
21316
21734
42887
47815
6054
13957
8320
12934
9024
45538
44647
11009
14848
32998
7044
15904
15717
27718
999
36518
44515
41446
15937
24517
47936
23109
45604
33988
10338
27938
43206
11108
867
32448
20326
31238
24704
40742
4162
12615
23846
20832
3073
4294
6560
46946
37728
30886
43877
25859
14529
11427
20645
31205
6021
44801
42821
8353
21635
25507
1280
11746
31557
2083
45505
9893
34406
31942
11878
44966
20898
15618
42304
30721
35715
38817
43943
20359
34439
31139
30567
39906
41798
7682
32514
6692
12769
40038
768
30336
1093
34725
43712
933
16707
6340
42755
10019
5031
42403
8100
9442
33218
21569
43811
37959
20931
20612
11812
43910
40225
28708
43525
31744
27619
24935
46528
13506
5251
32613
41732
18918
7363
7264
45857
42722
35748
5383
4580
3590
41985
11713
44548
5350
41765
12736
21217
20227
8672
34945
35616
22757
30435
33636
21349
20579
40896
41633
10976
31623
416
4096
43745
44416
8133
8870
44449
17829
9189
6241
44614
31524
20128
33504
10503
22306
33669
