8|INDIA|15|8|81386.0|0.09|15|23367|23367|790
24|UNITED STATES|10|24|82278.24|0.04|10|23367|23367|790
3|CANADA|20|3|11524.24|0.04|20|28229|28229|790
4|EGYPT|22|4|15234.52|0.02|22|12422|12422|460
23|UNITED KINGDOM|66|23|31847.51|0.02|66|12422|12422|460
24|UNITED STATES|46|24|67461.76|0.09|46|12422|12422|460
15|MOROCCO|4|15|19824.84|0.05|4|12422|12422|460
14|KENYA|76|14|15601.12|0.02|76|12422|12422|460
18|CHINA|27|18|31879.98|0.08|27|12422|12422|460
14|KENYA|6|14|22013.4|0.1|6|19173|19173|284
14|KENYA|6|14|42706.08|0.08|6|1765|1765|581
8|INDIA|60|8|67635.06|0.09|60|1127|1127|460
13|JORDAN|36|13|9074.73|0.07|36|1127|1127|460
14|KENYA|79|14|30686.35|0.09|79|1127|1127|460
24|UNITED STATES|46|24|43446.9|0.02|46|1127|1127|460
22|RUSSIA|40|22|91199.52|0.02|40|6439|6439|790
22|RUSSIA|25|22|67416.0|0.01|25|6439|6439|790
10|IRAN|34|10|62814.78|0.08|34|6439|6439|790
8|INDIA|39|8|14640.16|0.1|39|6439|6439|790
1|ARGENTINA|3|1|2296.48|0.05|3|6439|6439|790
14|KENYA|6|14|35663.0|0.04|6|36546|36546|680
24|UNITED STATES|55|24|21283.99|0.04|55|36546|36546|680
8|INDIA|61|8|15845.94|0.02|61|36546|36546|680
6|FRANCE|70|6|40267.2|0.03|70|36546|36546|680
23|UNITED KINGDOM|32|23|50839.25|0.0|32|36546|36546|680
0|ALGERIA|28|0|61138.74|0.09|28|36546|36546|680
7|GERMANY|53|7|17959.35|0.07|53|36546|36546|680
9|INDONESIA|50|9|20405.7|0.07|50|11873|11873|691
19|ROMANIA|62|19|17674.05|0.08|62|26437|26437|262
4|EGYPT|22|4|32434.2|0.02|22|26437|26437|262
8|INDIA|61|8|1493.59|0.04|61|26437|26437|262
0|ALGERIA|37|0|1736.83|0.01|37|26437|26437|262
8|INDIA|15|8|39813.39|0.01|15|26437|26437|262
4|EGYPT|67|4|19232.4|0.05|67|26437|26437|262
9|INDONESIA|23|9|48638.02|0.01|23|26437|26437|262
8|INDIA|15|8|32948.04|0.08|15|14887|14887|196
22|RUSSIA|25|22|25097.37|0.05|25|14887|14887|196
8|INDIA|39|8|32027.27|0.06|39|14887|14887|196
18|CHINA|75|18|15570.94|0.02|75|14887|14887|196
21|VIETNAM|80|21|75520.04|0.03|80|13831|13831|592
9|INDONESIA|51|9|22320.72|0.08|51|13831|13831|592
18|CHINA|72|18|33066.0|0.07|72|13831|13831|592
24|UNITED STATES|64|24|35277.2|0.03|64|13831|13831|592
18|CHINA|75|18|39030.56|0.08|75|13831|13831|592
16|MOZAMBIQUE|31|16|18799.92|0.01|31|13831|13831|592
16|MOZAMBIQUE|58|16|13118.42|0.0|58|30980|30980|196
17|PERU|57|17|7336.08|0.05|57|30980|30980|196
9|INDONESIA|23|9|75804.08|0.02|23|30980|30980|196
4|EGYPT|22|4|65964.5|0.09|22|23654|23654|350
24|UNITED STATES|19|24|39784.29|0.02|19|23654|23654|350
22|RUSSIA|42|22|17550.72|0.06|42|23556|23556|592
1|ARGENTINA|3|1|27177.26|0.02|3|23556|23556|592
14|KENYA|6|14|47283.84|0.07|6|24326|24326|185
16|MOZAMBIQUE|73|16|62119.74|0.08|73|24326|24326|185
16|MOZAMBIQUE|73|16|63822.65|0.01|73|24326|24326|185
14|KENYA|48|14|77785.84|0.01|48|24326|24326|185
16|MOZAMBIQUE|58|16|29047.46|0.09|58|24326|24326|185
8|INDIA|61|8|7360.16|0.0|61|13315|13315|361
0|ALGERIA|37|0|37624.31|0.03|37|13315|13315|361
14|KENYA|79|14|32132.32|0.1|79|13315|13315|361
17|PERU|57|17|18849.8|0.07|57|13315|13315|361
7|GERMANY|53|7|58155.35|0.07|53|13315|13315|361
17|PERU|8|17|62225.45|0.03|8|27428|27428|592
10|IRAN|9|10|70354.0|0.06|9|12677|12677|152
21|VIETNAM|26|21|19650.93|0.03|26|12677|12677|152
0|ALGERIA|37|0|70799.62|0.07|37|12677|12677|152
3|CANADA|13|3|22378.97|0.05|13|12677|12677|152
22|RUSSIA|65|22|25521.51|0.01|65|12677|12677|152
0|ALGERIA|28|0|30453.3|0.1|28|12677|12677|152
23|UNITED KINGDOM|7|23|5901.4|0.01|7|4257|4257|130
16|MOZAMBIQUE|58|16|30294.33|0.03|58|4257|4257|130
21|VIETNAM|35|21|4249.53|0.1|35|4257|4257|130
21|VIETNAM|80|21|38733.82|0.06|80|2662|2662|295
7|GERMANY|44|7|73693.83|0.09|44|2662|2662|295
8|INDIA|61|8|7368.16|0.02|61|2662|2662|295
16|MOZAMBIQUE|30|16|5454.0|0.02|30|2662|2662|295
23|UNITED KINGDOM|7|23|48274.64|0.01|7|6369|6369|680
23|UNITED KINGDOM|7|23|36726.12|0.07|7|6369|6369|680
8|INDIA|39|8|47553.09|0.09|39|6369|6369|680
16|MOZAMBIQUE|30|16|33989.12|0.05|30|6369|6369|680
16|MOZAMBIQUE|30|16|40002.9|0.07|30|38915|38915|361
1|ARGENTINA|71|1|58213.0|0.04|71|20512|20512|262
14|KENYA|47|14|38892.84|0.06|47|20512|20512|262
1|ARGENTINA|29|1|40832.88|0.09|29|20512|20512|262
24|UNITED STATES|10|24|33966.37|0.04|10|20512|20512|262
0|ALGERIA|28|0|44355.88|0.01|28|20512|20512|262
7|GERMANY|53|7|21630.29|0.0|53|20512|20512|262
18|CHINA|72|18|17394.88|0.04|72|22019|22019|482
3|CANADA|13|3|53330.94|0.08|13|22019|22019|482
17|PERU|1|17|17988.9|0.04|1|21667|21667|130
15|MOROCCO|14|15|19108.64|0.05|14|21667|21667|130
3|CANADA|13|3|31731.48|0.0|13|21667|21667|130
17|PERU|57|17|32109.5|0.02|57|21667|21667|130
14|KENYA|79|14|28759.32|0.05|79|21667|21667|130
14|KENYA|76|14|23593.92|0.1|76|21667|21667|130
24|UNITED STATES|64|24|70225.0|0.02|64|21667|21667|130
7|GERMANY|44|7|25950.34|0.08|44|10689|10689|163
1|ARGENTINA|71|1|43758.41|0.06|71|10689|10689|163
12|JAPAN|43|12|13379.41|0.09|43|10689|10689|163
7|GERMANY|33|7|47331.2|0.07|33|23427|23427|394
18|CHINA|11|18|35043.26|0.02|11|23427|23427|394
2|BRAZIL|21|2|16658.24|0.05|21|23427|23427|394
18|CHINA|41|18|3769.96|0.0|41|23427|23427|394
3|CANADA|13|3|27217.96|0.03|13|41446|41446|251
22|RUSSIA|16|22|42791.53|0.01|16|6340|6340|185
23|UNITED KINGDOM|7|23|74046.72|0.04|7|34758|34758|394
19|ROMANIA|62|19|36794.12|0.03|62|34758|34758|394
8|INDIA|60|8|30369.43|0.05|60|34758|34758|394
24|UNITED STATES|46|24|5710.08|0.07|46|34758|34758|394
14|KENYA|79|14|40932.46|0.01|79|34758|34758|394
4|EGYPT|67|4|18944.04|0.09|67|34758|34758|394
1|ARGENTINA|29|1|26818.69|0.04|29|34758|34758|394
23|UNITED KINGDOM|7|23|73090.97|0.1|7|46528|46528|262
16|MOZAMBIQUE|73|16|33966.9|0.03|73|46528|46528|262
7|GERMANY|53|7|53198.44|0.0|53|46528|46528|262
21|VIETNAM|80|21|33560.72|0.0|80|32324|32324|152
16|MOZAMBIQUE|73|16|53944.96|0.05|73|32324|32324|152
16|MOZAMBIQUE|18|16|54580.11|0.06|18|32324|32324|152
4|EGYPT|38|4|36650.68|0.09|38|32324|32324|152
13|JORDAN|36|13|15280.8|0.09|36|22149|22149|163
17|PERU|57|17|57010.18|0.02|57|22149|22149|163
12|JAPAN|54|12|48388.06|0.0|54|22149|22149|163
16|MOZAMBIQUE|73|16|63387.2|0.06|73|33798|33798|350
12|JAPAN|54|12|59859.8|0.01|54|33798|33798|350
23|UNITED KINGDOM|7|23|48202.7|0.03|7|44039|44039|295
3|CANADA|13|3|50853.94|0.07|13|44039|44039|295
6|FRANCE|70|6|41537.76|0.0|70|7493|7493|163
10|IRAN|34|10|15548.61|0.02|34|7493|7493|163
19|ROMANIA|62|19|7069.62|0.02|62|10468|10468|460
21|VIETNAM|80|21|6771.16|0.06|80|33216|33216|691
17|PERU|1|17|20812.2|0.05|1|33216|33216|691
9|INDONESIA|50|9|17442.48|0.01|50|33216|33216|691
1|ARGENTINA|29|1|52980.68|0.05|29|33216|33216|691
2|BRAZIL|21|2|14113.4|0.1|21|33216|33216|691
8|INDIA|61|8|7003.4|0.02|61|44579|44579|680
18|CHINA|72|18|2048.24|0.04|72|44579|44579|680
6|FRANCE|70|6|39840.39|0.01|70|44579|44579|680
10|IRAN|34|10|27606.0|0.03|34|44579|44579|680
23|UNITED KINGDOM|32|23|14581.05|0.05|32|44579|44579|680
18|CHINA|75|18|10274.33|0.1|75|44579|44579|680
5|ETHIOPIA|2|5|61414.15|0.09|2|44579|44579|680
21|VIETNAM|80|21|45154.64|0.04|80|45921|45921|251
0|ALGERIA|24|0|56106.86|0.03|24|45921|45921|251
16|MOZAMBIQUE|30|16|39944.1|0.09|30|43715|43715|691
6|FRANCE|70|6|930.02|0.08|70|22849|22849|460
21|VIETNAM|26|21|6991.56|0.08|26|22849|22849|460
0|ALGERIA|24|0|58922.28|0.07|24|22849|22849|460
24|UNITED STATES|46|24|31127.1|0.0|46|22849|22849|460
9|INDONESIA|23|9|31978.32|0.08|23|22849|22849|460
16|MOZAMBIQUE|18|16|60965.1|0.04|18|22849|22849|460
2|BRAZIL|21|2|22571.76|0.02|21|22849|22849|460
0|ALGERIA|24|0|37744.44|0.07|24|9696|9696|460
9|INDONESIA|23|9|53980.05|0.07|23|9696|9696|460
16|MOZAMBIQUE|56|16|36859.48|0.03|56|9696|9696|460
24|UNITED STATES|49|24|54301.8|0.01|49|9696|9696|460
4|EGYPT|67|4|45023.3|0.04|67|40039|40039|592
4|EGYPT|22|4|35029.53|0.05|22|7046|7046|691
22|RUSSIA|42|22|61211.36|0.02|42|7046|7046|691
16|MOZAMBIQUE|31|16|73178.0|0.07|31|7046|7046|691
24|UNITED STATES|64|24|63572.16|0.06|64|7046|7046|691
17|PERU|8|17|47461.95|0.01|8|41536|41536|581
8|INDIA|60|8|82796.85|0.09|60|41536|41536|581
17|PERU|59|17|55364.85|0.0|59|41536|41536|581
3|CANADA|13|3|44177.1|0.08|13|41536|41536|581
24|UNITED STATES|10|24|3579.76|0.08|10|41536|41536|581
4|EGYPT|38|4|24337.45|0.02|38|41536|41536|581
14|KENYA|6|14|32370.09|0.09|6|44418|44418|592
16|MOZAMBIQUE|58|16|38295.23|0.1|58|44418|44418|592
3|CANADA|13|3|44148.3|0.07|13|44418|44418|592
8|INDIA|39|8|70154.88|0.05|39|44418|44418|592
7|GERMANY|53|7|19281.35|0.07|53|44418|44418|592
19|ROMANIA|52|19|15768.83|0.04|52|44418|44418|592
10|IRAN|9|10|4657.04|0.01|9|11715|11715|691
7|GERMANY|44|7|7820.47|0.0|44|2978|2978|350
24|UNITED STATES|55|24|37231.26|0.09|55|2978|2978|350
10|IRAN|9|10|38514.42|0.01|9|2978|2978|350
15|MOROCCO|14|15|4953.32|0.08|14|2978|2978|350
14|KENYA|79|14|46942.59|0.0|79|2978|2978|350
19|ROMANIA|17|19|32352.84|0.07|17|2978|2978|350
21|VIETNAM|80|21|66850.98|0.07|80|13280|13280|251
7|GERMANY|77|7|48268.07|0.05|77|13280|13280|251
13|JORDAN|36|13|47695.6|0.08|36|17890|17890|295
17|PERU|8|17|16673.76|0.06|8|3936|3936|251
2|BRAZIL|21|2|33684.0|0.1|21|3936|3936|251
16|MOZAMBIQUE|30|16|54938.1|0.02|30|3936|3936|251
19|ROMANIA|52|19|24802.25|0.06|52|3936|3936|251
17|PERU|57|17|27949.44|0.1|57|24709|24709|383
6|FRANCE|70|6|48915.84|0.1|70|15909|15909|262
23|UNITED KINGDOM|7|23|12496.32|0.03|7|40934|40934|790
0|ALGERIA|24|0|8505.36|0.01|24|40934|40934|790
24|UNITED STATES|19|24|29583.19|0.1|19|40934|40934|790
16|MOZAMBIQUE|18|16|67662.0|0.0|18|40934|40934|790
19|ROMANIA|52|19|42762.53|0.08|52|40934|40934|790
17|PERU|1|17|47787.48|0.08|1|31936|31936|680
7|GERMANY|77|7|51040.39|0.03|77|31936|31936|680
8|INDIA|61|8|55228.34|0.08|61|31936|31936|680
17|PERU|57|17|41388.84|0.07|57|31936|31936|680
24|UNITED STATES|19|24|69280.98|0.03|19|31936|31936|680
0|ALGERIA|28|0|12036.87|0.1|28|31936|31936|680
0|ALGERIA|28|0|11496.54|0.05|28|31936|31936|680
18|CHINA|41|18|36908.1|0.05|41|31617|31617|350
17|PERU|1|17|3099.39|0.1|1|43717|43717|251
1|ARGENTINA|3|1|82014.73|0.02|3|43717|43717|251
17|PERU|57|17|9170.1|0.04|57|2243|2243|383
18|CHINA|27|18|65409.52|0.03|27|3046|3046|251
16|MOZAMBIQUE|31|16|61199.78|0.03|31|3046|3046|251
20|SAUDI ARABIA|74|20|28303.31|0.03|74|3046|3046|251
17|PERU|1|17|34615.74|0.05|1|10916|10916|262
13|JORDAN|36|13|48132.15|0.09|36|10916|10916|262
14|KENYA|47|14|13074.0|0.09|47|10916|10916|262
21|VIETNAM|68|21|56251.2|0.08|68|10916|10916|262
17|PERU|57|17|36219.0|0.01|57|10916|10916|262
12|JAPAN|54|12|53057.55|0.0|54|10916|10916|262
18|CHINA|27|18|2652.84|0.01|27|10916|10916|262
11|IRAQ|5|11|2933.12|0.06|5|28099|28099|592
7|GERMANY|77|7|24097.67|0.08|77|28099|28099|592
14|KENYA|47|14|22124.0|0.1|47|28099|28099|592
4|EGYPT|67|4|18469.4|0.03|67|28099|28099|592
14|KENYA|76|14|41456.08|0.09|76|28099|28099|592
18|CHINA|27|18|24146.0|0.03|27|28099|28099|592
18|CHINA|11|18|72253.93|0.01|11|36581|36581|284
5|ETHIOPIA|78|5|19605.25|0.03|78|36581|36581|284
10|IRAN|34|10|44785.44|0.1|34|36581|36581|284
24|UNITED STATES|49|24|19809.42|0.0|49|36581|36581|284
19|ROMANIA|52|19|61445.56|0.02|52|18695|18695|130
17|PERU|8|17|58274.16|0.0|8|15297|15297|163
1|ARGENTINA|71|1|42714.87|0.01|71|15297|15297|163
10|IRAN|9|10|5025.5|0.1|9|15297|15297|163
9|INDONESIA|23|9|3797.98|0.05|23|15297|15297|163
3|CANADA|20|3|64808.64|0.03|20|15297|15297|163
9|INDONESIA|23|9|25013.56|0.1|23|38595|38595|592
18|CHINA|72|18|52302.88|0.09|72|28640|28640|460
0|ALGERIA|28|0|25166.37|0.1|28|28640|28640|460
1|ARGENTINA|3|1|55596.0|0.07|3|28640|28640|460
16|MOZAMBIQUE|73|16|40423.2|0.07|73|18663|18663|130
19|ROMANIA|62|19|60866.93|0.0|62|18663|18663|130
6|FRANCE|70|6|34886.16|0.07|70|18663|18663|130
17|PERU|59|17|33275.52|0.04|59|18663|18663|130
24|UNITED STATES|19|24|12181.32|0.05|19|18663|18663|130
22|RUSSIA|65|22|5942.32|0.1|65|18663|18663|130
5|ETHIOPIA|2|5|29381.75|0.01|2|18663|18663|130
1|ARGENTINA|71|1|57217.16|0.0|71|15462|15462|361
0|ALGERIA|28|0|35226.76|0.05|28|15462|15462|361
8|INDIA|15|8|10811.8|0.05|15|46692|46692|383
19|ROMANIA|62|19|48127.34|0.02|62|35494|35494|581
17|PERU|57|17|35882.57|0.01|57|35494|35494|581
22|RUSSIA|65|22|40151.66|0.03|65|35494|35494|581
18|CHINA|41|18|7512.19|0.02|41|35494|35494|581
8|INDIA|60|8|53151.35|0.05|60|26496|26496|383
24|UNITED STATES|46|24|25605.51|0.01|46|26496|26496|383
9|INDONESIA|45|9|14536.73|0.03|45|26496|26496|383
24|UNITED STATES|64|24|2973.16|0.06|64|26496|26496|383
18|CHINA|41|18|54818.8|0.02|41|26496|26496|383
7|GERMANY|53|7|43202.25|0.01|53|19973|19973|130
23|UNITED KINGDOM|66|23|72616.44|0.0|66|38564|38564|262
19|ROMANIA|17|19|22549.14|0.04|17|38564|38564|262
7|GERMANY|53|7|16683.15|0.02|53|38564|38564|262
23|UNITED KINGDOM|7|23|27491.67|0.01|7|35077|35077|163
21|VIETNAM|68|21|36014.4|0.04|68|35077|35077|163
18|CHINA|75|18|72827.5|0.04|75|35077|35077|163
18|CHINA|11|18|55829.67|0.03|11|44130|44130|394
7|GERMANY|33|7|35127.18|0.01|33|44130|44130|394
8|INDIA|60|8|61986.22|0.09|60|44130|44130|394
10|IRAN|9|10|53943.96|0.1|9|44130|44130|394
8|INDIA|15|8|21178.32|0.0|15|44130|44130|394
1|ARGENTINA|29|1|73451.28|0.07|29|44130|44130|394
1|ARGENTINA|3|1|32945.7|0.01|3|44130|44130|394
8|INDIA|15|8|46748.45|0.02|15|16388|16388|482
24|UNITED STATES|19|24|14031.12|0.07|19|16388|16388|482
23|UNITED KINGDOM|32|23|36022.48|0.1|32|295|295|152
22|RUSSIA|65|22|8184.96|0.1|65|295|295|152
3|CANADA|13|3|56076.48|0.07|13|26277|26277|482
19|ROMANIA|17|19|21543.04|0.05|17|26277|26277|482
23|UNITED KINGDOM|7|23|21693.76|0.1|7|35650|35650|130
4|EGYPT|22|4|40219.56|0.06|22|35650|35650|130
1|ARGENTINA|71|1|40250.09|0.07|71|35650|35650|130
0|ALGERIA|37|0|19130.44|0.09|37|35650|35650|130
2|BRAZIL|21|2|41243.02|0.06|21|35650|35650|130
8|INDIA|39|8|2598.78|0.06|39|35650|35650|130
20|SAUDI ARABIA|74|20|6625.2|0.07|74|35650|35650|130
0|ALGERIA|37|0|17252.62|0.09|37|197|197|262
8|INDIA|15|8|10547.28|0.09|15|197|197|262
1|ARGENTINA|29|1|1748.84|0.07|29|197|197|262
16|MOZAMBIQUE|18|16|65862.42|0.02|18|197|197|262
18|CHINA|27|18|26103.5|0.04|27|197|197|262
1|ARGENTINA|3|1|19520.08|0.06|3|197|197|262
23|UNITED KINGDOM|7|23|27894.24|0.07|7|29028|29028|295
12|JAPAN|43|12|86641.5|0.06|43|29028|29028|295
22|RUSSIA|65|22|47527.92|0.04|65|29028|29028|295
5|ETHIOPIA|63|5|23788.96|0.02|63|29028|29028|295
13|JORDAN|36|13|10715.44|0.1|36|17159|17159|163
4|EGYPT|38|4|13784.7|0.05|38|17159|17159|163
24|UNITED STATES|49|24|54090.08|0.1|49|17159|17159|163
16|MOZAMBIQUE|30|16|19325.09|0.03|30|17159|17159|163
11|IRAQ|5|11|8811.36|0.05|5|46881|46881|196
9|INDONESIA|50|9|22771.84|0.1|50|46881|46881|196
8|INDIA|15|8|8378.94|0.06|15|46881|46881|196
10|IRAN|34|10|83795.36|0.03|34|46881|46881|196
7|GERMANY|44|7|49818.28|0.02|44|14883|14883|691
23|UNITED KINGDOM|66|23|17371.08|0.02|66|14883|14883|691
17|PERU|57|17|9898.64|0.04|57|14883|14883|691
14|KENYA|76|14|10523.34|0.1|76|14883|14883|691
22|RUSSIA|65|22|30806.89|0.0|65|14883|14883|691
24|UNITED STATES|64|24|8667.54|0.01|64|14883|14883|691
5|ETHIOPIA|78|5|51360.74|0.08|78|45056|45056|460
1|ARGENTINA|29|1|54418.5|0.02|29|45056|45056|460
17|PERU|8|17|64169.0|0.0|8|24486|24486|581
17|PERU|59|17|52724.8|0.04|59|24486|24486|581
22|RUSSIA|25|22|46299.87|0.09|25|24486|24486|581
23|UNITED KINGDOM|32|23|20021.6|0.1|32|24486|24486|581
4|EGYPT|38|4|12893.8|0.06|38|24486|24486|581
22|RUSSIA|16|22|55559.2|0.01|16|24486|24486|581
19|ROMANIA|52|19|12532.41|0.01|52|24486|24486|581
21|VIETNAM|80|21|17729.04|0.1|80|34243|34243|394
8|INDIA|15|8|68228.6|0.1|15|34243|34243|394
21|VIETNAM|26|21|50707.02|0.0|26|34243|34243|394
14|KENYA|76|14|50884.06|0.04|76|34243|34243|394
23|UNITED KINGDOM|32|23|17223.6|0.1|32|34243|34243|394
8|INDIA|39|8|17757.04|0.1|39|34243|34243|394
7|GERMANY|33|7|3276.57|0.07|33|25058|25058|592
18|CHINA|11|18|39017.72|0.05|11|25058|25058|592
9|INDONESIA|23|9|3387.58|0.02|23|25058|25058|592
15|MOROCCO|4|15|13630.4|0.07|4|25058|25058|592
4|EGYPT|38|4|23017.2|0.0|38|23045|23045|284
24|UNITED STATES|64|24|1753.85|0.02|64|23045|23045|284
18|CHINA|41|18|25678.0|0.1|41|23045|23045|284
24|UNITED STATES|55|24|50029.65|0.07|55|45574|45574|493
2|BRAZIL|21|2|50868.37|0.02|21|16259|16259|295
24|UNITED STATES|10|24|35949.2|0.01|10|16259|16259|295
16|MOZAMBIQUE|31|16|43866.48|0.01|31|16259|16259|295
5|ETHIOPIA|63|5|12823.8|0.02|63|16259|16259|295
24|UNITED STATES|46|24|71579.44|0.04|46|44452|44452|460
14|KENYA|76|14|62367.0|0.03|76|44452|44452|460
0|ALGERIA|28|0|16197.1|0.09|28|44452|44452|460
24|UNITED STATES|64|24|6985.56|0.06|64|44452|44452|460
17|PERU|1|17|68834.32|0.04|1|47136|47136|295
3|CANADA|13|3|57092.09|0.07|13|47136|47136|295
21|VIETNAM|35|21|21033.1|0.03|35|12134|12134|284
21|VIETNAM|68|21|29793.97|0.08|68|12134|12134|284
1|ARGENTINA|71|1|18989.9|0.04|71|33892|33892|460
7|GERMANY|44|7|4929.32|0.02|44|43044|43044|295
9|INDONESIA|45|9|82007.48|0.03|45|43044|43044|295
19|ROMANIA|52|19|41644.8|0.01|52|43044|43044|295
8|INDIA|61|8|54892.46|0.03|61|37314|37314|284
21|VIETNAM|26|21|55049.69|0.06|26|37314|37314|284
12|JAPAN|54|12|51222.94|0.0|54|37314|37314|284
4|EGYPT|22|4|57441.23|0.01|22|26787|26787|185
16|MOZAMBIQUE|18|16|20251.93|0.03|18|26787|26787|185
23|UNITED KINGDOM|32|23|29815.48|0.0|32|26787|26787|185
4|EGYPT|38|4|4721.01|0.01|38|26787|26787|185
11|IRAQ|5|11|1624.72|0.02|5|16128|16128|790
6|FRANCE|70|6|45922.29|0.1|70|16128|16128|790
8|INDIA|39|8|26202.29|0.0|39|16128|16128|790
7|GERMANY|33|7|77060.83|0.1|33|26402|26402|196
9|INDONESIA|45|9|52002.76|0.1|45|26402|26402|196
4|EGYPT|22|4|64044.2|0.04|22|24455|24455|790
18|CHINA|72|18|48771.52|0.01|72|24455|24455|790
