11905
12708
30627
41924
7588
64
6565
1153
21607
8644
8963
6785
33828
97
8039
3111
20419
5157
9733
20804
30913
42848
43937
6631
5124
7687
9986
6950
43904
7522
8259
4453
4321
5861
4673
2242
46819
6246
6983
8545
2660
20837
34818
1252
32519
30759
9667
5443
6400
31969
1890
1120
33927
10915
42529
8006
6433
40901
4002
22949
42628
42727
30308
8864
7236
21827
40549
7269
4354
9348
7137
21508
5410
30726
1186
1472
40868
12609
8996
30979
5344
3430
30528
6114
3397
7104
42914
41605
21409
10948
9315
7874
22916
9029
47908
4068
7940
40516
41319
4640
40934
41957
5575
3650
5025
47809
6752
608
9568
11718
41858
7841
9216
7335
42309
6884
6598
20705
707
40736
41638
40417
9799
2341
4035
9414
31617
31815
35808
8358
40769
21728
4101
8226
42947
4288
8930
7973
6048
3298
21926
8512
23939
30407
33729
2275
6213
24929
12807
2374
5542
20738
