43485.84|0.04|45|8802
29368.29|0.03|12|40034
28906.25|0.01|56|8064
31757.88|0.02|23|42752
25708.08|0.1|56|4803
19252.8|0.0|23|29986
37891.92|0.03|34|15205
50933.7|0.06|56|16708
45451.56|0.03|67|24545
55004.4|0.0|34|995
33010.74|0.05|67|2436
10514.34|0.01|23|23781
4402.68|0.0|45|47424
60453.69|0.07|34|46759
56556.96|0.06|23|46113
4785.16|0.02|23|18562
60972.66|0.09|12|34919
26904.25|0.09|56|8195
25272.81|0.09|12|36322
7014.7|0.0|23|17796
85640.5|0.04|23|15553
15581.61|0.1|34|4773
31702.44|0.03|67|46311
33366.3|0.1|12|29830
36786.42|0.08|56|21476
49642.49|0.09|12|16133
81573.24|0.05|23|645
47374.75|0.06|67|37826
41612.48|0.02|34|46147
33220.38|0.0|78|27364
18974.7|0.03|34|3554
44507.88|0.04|56|39968
28995.46|0.08|78|46759
36894.42|0.08|67|6662
2268.46|0.1|34|33794
13196.43|0.08|78|45248
84957.67|0.09|34|44547
59357.48|0.09|67|30565
26409.52|0.1|78|43040
23524.41|0.07|45|29920
45584.64|0.03|45|44194
57391.23|0.03|12|5443
28335.03|0.0|78|39111
10076.11|0.1|56|33639
26003.5|0.06|23|16865
29511.68|0.05|67|41987
37114.5|0.07|23|805
4284.68|0.0|56|41664
23876.5|0.08|23|11842
38121.3|0.05|23|40322
11379.24|0.09|45|16800
28750.6|0.04|56|25159
5490.95|0.03|78|16802
9811.62|0.04|12|9062
43407.2|0.05|12|47106
25051.14|0.0|23|38148
15456.96|0.06|45|23907
53097.11|0.08|23|19808
28839.2|0.0|34|26915
50862.46|0.07|45|33669
1077.17|0.04|45|13541
7288.08|0.06|12|40356
75804.08|0.02|23|30980
12393.3|0.06|12|29958
17321.59|0.1|23|23142
6687.15|0.06|34|30658
9269.75|0.02|56|46916
70164.39|0.08|12|21601
16142.55|0.1|78|40096
77448.18|0.03|45|1731
53145.6|0.07|34|26241
15018.25|0.05|45|36196
33460.75|0.01|78|47105
83191.71|0.07|78|44965
26235.58|0.09|78|391
58362.48|0.07|23|8323
15448.56|0.09|12|39651
19533.24|0.09|12|34533
30479.02|0.04|56|16805
1608.7|0.02|45|3110
5035.5|0.09|67|31749
55995.66|0.02|12|28324
54482.75|0.0|45|5186
55860.86|0.04|56|13638
20507.1|0.05|56|24640
33412.48|0.05|12|24582
33356.75|0.05|34|35748
14862.12|0.06|78|1095
42815.08|0.09|34|40197
18648.89|0.09|12|22306
29080.28|0.08|78|21894
1589.68|0.1|78|24996
9810.8|0.0|23|43302
44633.1|0.03|67|47586
2436.62|0.09|45|24929
24614.28|0.1|23|41445
91046.0|0.07|23|17153
8415.0|0.02|23|24038
62716.15|0.1|12|6435
41558.88|0.08|78|17058
55360.89|0.05|12|40806
14019.12|0.1|23|37344
54436.14|0.03|12|9824
9069.55|0.04|34|16450
17178.46|0.05|12|10914
23776.25|0.06|12|5606
75560.54|0.08|45|19456
32196.58|0.08|67|17573
82104.48|0.0|67|27520
39222.0|0.01|78|10145
47729.43|0.04|67|40198
54165.6|0.0|45|486
49310.04|0.09|78|29857
34716.96|0.01|67|36645
26786.43|0.05|34|43558
39342.3|0.05|45|20646
11256.36|0.02|78|22211
45506.62|0.07|78|10278
61904.64|0.1|34|35367
36760.32|0.08|34|36994
24534.62|0.08|78|2342
11772.7|0.09|67|7204
11045.64|0.0|12|44965
41489.01|0.0|78|28550
51360.74|0.08|78|45056
6741.42|0.06|23|21188
32785.25|0.02|12|18116
15108.17|0.1|67|21281
69899.48|0.02|45|46820
50034.88|0.08|67|10752
48040.43|0.07|23|6977
45058.3|0.06|12|16515
41373.36|0.01|78|31939
31651.29|0.05|56|41349
35017.8|0.05|12|37283
20623.68|0.03|45|11040
56620.4|0.02|34|8996
5348.64|0.02|34|39878
30423.3|0.08|56|4354
11662.6|0.1|56|42913
62005.74|0.0|12|7361
41399.96|0.0|56|7527
56039.4|0.05|45|15654
38562.4|0.08|45|16550
32796.05|0.06|78|37383
43908.16|0.1|67|37511
82334.48|0.05|23|20323
42029.55|0.01|45|47490
33705.54|0.05|12|24519
16938.12|0.06|67|36039
17056.34|0.04|45|33633
69869.26|0.05|23|10656
18965.4|0.04|78|4546
37246.95|0.1|56|15136
45078.64|0.04|34|13569
71616.44|0.0|78|38881
30322.76|0.01|56|17668
41315.96|0.07|12|18688
42745.87|0.02|78|34051
26460.0|0.01|12|23590
19605.25|0.03|78|36581
5141.52|0.08|34|38530
16730.55|0.05|12|17058
29768.16|0.05|45|44195
23972.52|0.02|78|10912
7448.24|0.08|23|40290
7092.55|0.01|78|19619
14816.32|0.03|67|29953
40776.01|0.03|23|27204
36419.78|0.0|78|13605
44576.84|0.02|34|11425
23050.5|0.04|78|32421
46971.52|0.01|34|33665
13164.1|0.0|67|25479
74460.54|0.01|23|35623
47548.66|0.08|45|23687
44246.8|0.01|12|21511
67436.55|0.05|78|45059
16301.4|0.08|56|37252
40985.12|0.06|67|13317
13196.43|0.04|78|19621
15040.2|0.07|34|5122
23485.76|0.03|34|16130
1321.42|0.02|12|42785
6390.96|0.1|45|44135
3768.16|0.06|23|3137
79013.25|0.0|56|31399
7407.8|0.04|23|16678
91151.52|0.07|23|21926
26068.84|0.08|23|995
12542.64|0.1|45|3200
27677.34|0.01|78|32737
15217.11|0.02|78|44932
19537.08|0.03|56|11105
67940.38|0.0|12|47841
58107.51|0.09|12|18528
40524.9|0.05|23|47107
8895.48|0.09|23|47717
38743.74|0.05|78|36259
9946.5|0.09|67|40896
9510.5|0.06|12|23300
39395.05|0.09|56|21799
47812.32|0.09|56|29378
32154.32|0.01|56|35654
6943.5|0.0|12|45376
24075.35|0.02|23|34694
8433.9|0.1|67|36513
74250.12|0.1|78|38854
10505.55|0.02|56|25281
59439.84|0.09|67|20641
50743.2|0.01|78|18308
17410.04|0.0|45|25156
52817.8|0.05|34|8580
3624.9|0.04|56|18309
14983.76|0.09|45|2016
46670.05|0.0|34|20416
20902.35|0.08|12|5955
34957.2|0.09|23|39745
61169.76|0.05|23|33157
44284.12|0.04|45|17346
14415.4|0.0|34|18209
43328.58|0.02|23|6337
55661.16|0.07|34|8704
57131.14|0.0|45|31716
12102.09|0.04|34|43171
76881.5|0.05|78|5217
19273.54|0.05|23|33958
30560.88|0.1|78|8003
29313.46|0.05|23|47362
53980.05|0.07|23|9696
18944.04|0.09|67|34758
29230.72|0.01|78|21057
43937.25|0.1|67|28965
31113.36|0.0|67|7109
64602.47|0.04|12|36516
55889.9|0.05|23|47525
46305.0|0.04|34|17765
18686.23|0.07|67|43235
46298.75|0.09|23|5478
42181.95|0.05|34|21252
41709.78|0.07|56|29506
53142.62|0.1|12|17378
39122.16|0.05|67|42657
39786.39|0.1|12|14021
51456.0|0.03|12|24965
19956.45|0.07|56|8449
42567.98|0.04|45|43458
23580.83|0.09|34|3365
66966.3|0.05|12|5281
10658.52|0.08|45|11235
22591.94|0.04|78|28807
5778.36|0.02|23|11524
56065.86|0.04|23|10342
36647.0|0.02|56|27207
29880.24|0.09|56|46530
51023.2|0.02|34|41445
43240.47|0.04|12|4710
54818.46|0.07|23|22595
27928.74|0.04|56|11809
39634.28|0.04|34|28325
3967.26|0.06|23|2532
52108.32|0.03|34|12132
46849.8|0.03|78|15040
17418.9|0.1|45|24901
42417.72|0.0|23|38758
89494.0|0.0|23|10884
21899.04|0.08|45|6470
73437.2|0.02|56|26722
44427.04|0.01|23|38374
37598.34|0.09|45|20835
30818.76|0.08|45|1539
2258.44|0.1|56|31526
40832.28|0.01|34|37382
60364.8|0.07|12|27844
13695.15|0.0|34|4387
24370.8|0.05|34|37223
27141.88|0.03|45|44960
4174.47|0.0|12|47206
33705.54|0.0|12|43812
16198.27|0.05|67|35649
40171.2|0.08|67|40390
36615.68|0.06|34|30592
7315.86|0.0|67|19490
46201.68|0.09|23|17027
43341.55|0.02|67|34818
52451.04|0.01|67|19938
46426.6|0.02|23|24519
52628.16|0.03|45|9344
24705.27|0.02|56|11329
35030.52|0.0|34|44837
27606.67|0.05|12|29760
2434.62|0.07|78|18020
67178.68|0.09|78|37223
4116.48|0.03|12|24070
84857.28|0.06|78|6566
2444.64|0.08|78|6918
22101.38|0.08|67|42240
8445.0|0.03|67|5542
8521.28|0.06|67|44961
5886.48|0.1|23|20327
43406.4|0.0|12|42148
28556.09|0.0|67|38438
8619.31|0.06|12|771
10392.06|0.04|23|40487
16766.64|0.07|67|27463
19232.4|0.05|67|26437
3964.36|0.07|12|10338
81715.95|0.03|67|20262
51337.44|0.01|34|19780
16103.5|0.09|34|14947
57881.25|0.09|12|14434
33468.12|0.07|56|30662
53566.31|0.0|34|26212
49373.74|0.07|23|21699
35188.85|0.08|12|1281
9802.62|0.01|23|3298
24581.9|0.05|56|43808
18450.33|0.09|12|43175
69855.26|0.09|12|21063
54983.34|0.04|56|39079
56123.2|0.07|34|19811
44898.75|0.0|12|14049
46298.02|0.06|56|6496
31589.81|0.01|67|42050
19761.6|0.03|67|24130
40152.9|0.06|34|27174
21074.8|0.07|34|33858
6582.05|0.03|67|23520
7543.0|0.0|23|30944
12051.26|0.06|67|47906
54873.92|0.05|45|1538
40718.0|0.1|67|38881
26517.9|0.03|78|5636
2170.36|0.0|12|28614
9538.32|0.0|12|46657
48291.84|0.09|67|12355
1262.36|0.07|67|16800
37029.69|0.03|67|20967
9650.4|0.07|56|9286
50366.32|0.08|34|43302
1500.59|0.02|78|39169
44410.73|0.0|12|34401
1066.16|0.06|34|18308
22494.57|0.07|12|28003
47426.12|0.03|23|43175
48003.43|0.07|78|32901
5938.32|0.05|23|2277
45281.28|0.08|12|11074
9850.8|0.06|45|17058
16542.19|0.05|34|47362
23705.6|0.01|12|16096
64651.09|0.04|45|5924
23000.48|0.01|56|742
22704.48|0.02|34|37826
17893.62|0.01|78|44996
18579.5|0.03|78|41795
13890.3|0.02|67|46531
2356.54|0.04|23|21412
20992.68|0.05|56|4006
36898.73|0.03|12|7521
2070.26|0.08|56|21412
88557.12|0.09|78|45959
5546.0|0.07|34|36835
12820.68|0.06|45|1733
23992.22|0.02|45|5511
32337.34|0.06|23|27266
22824.32|0.06|45|24901
67611.72|0.06|78|21732
39275.86|0.09|78|5989
33152.07|0.08|67|37060
56818.31|0.1|23|13734
40845.01|0.09|56|17345
6498.88|0.0|12|24641
14866.35|0.06|12|37223
3585.87|0.08|56|1220
11892.8|0.05|45|17092
17112.48|0.06|34|24674
82007.48|0.03|45|43044
4665.15|0.05|34|35427
25125.98|0.1|23|28128
37700.95|0.04|45|13186
57501.2|0.07|56|1283
66378.4|0.07|23|30725
18469.4|0.03|67|28099
18055.2|0.0|45|12323
5730.3|0.01|34|23012
10178.96|0.07|45|36006
44400.3|0.04|78|45314
2748.94|0.01|45|37283
56607.25|0.05|45|19719
61966.5|0.07|12|2208
47301.24|0.07|67|36327
23353.68|0.07|34|26311
73806.24|0.07|78|36903
2592.78|0.01|45|5573
75905.1|0.0|45|31457
31859.02|0.02|78|33253
59935.04|0.05|45|34881
46029.78|0.09|67|26597
38415.75|0.07|78|29126
12914.04|0.09|56|33604
27641.34|0.05|23|36610
12788.44|0.07|78|18375
58430.88|0.01|78|34978
18121.46|0.1|67|15552
32217.84|0.02|23|44293
32286.32|0.02|45|37639
27164.64|0.1|78|11111
68713.44|0.01|78|13664
55581.8|0.08|12|3588
25332.3|0.04|67|31268
34785.52|0.06|23|25312
16254.55|0.08|23|17892
33655.6|0.08|12|5696
10311.3|0.0|45|36261
49533.2|0.05|67|5444
17046.24|0.0|67|6469
43694.5|0.04|23|36896
19809.9|0.08|34|21476
44881.56|0.1|12|21189
25195.28|0.03|45|4995
46879.8|0.09|23|34818
5033.4|0.02|78|545
53162.19|0.02|56|17153
14381.4|0.08|78|27200
26908.35|0.07|45|4769
47477.98|0.09|34|33475
36537.6|0.0|12|27271
5261.55|0.06|34|28517
44213.26|0.01|34|25957
69801.48|0.1|45|23943
20504.66|0.04|56|39201
8379.27|0.08|12|26180
2742.94|0.01|67|37283
57525.6|0.02|78|9027
19971.85|0.05|34|32933
21592.95|0.1|56|39329
90383.04|0.0|23|46178
11460.6|0.05|34|15333
40083.4|0.07|45|35398
44966.74|0.0|67|16320
10262.16|0.08|45|32647
28607.26|0.02|12|13446
40744.4|0.09|23|5892
2186.38|0.0|34|12897
14067.24|0.05|56|1766
88989.6|0.08|56|20487
21911.75|0.0|78|32710
37128.66|0.05|56|39076
14865.95|0.1|45|8900
85677.24|0.0|56|30086
42768.74|0.06|23|14503
22826.05|0.0|56|42918
16748.06|0.05|23|39076
19957.44|0.05|23|11461
43024.74|0.0|67|38882
5838.2|0.02|78|42659
48723.22|0.03|78|37927
20817.96|0.07|45|33062
43446.54|0.03|45|19458
36470.5|0.03|67|16262
57613.92|0.08|12|45377
32044.1|0.03|23|31431
25676.28|0.0|78|38759
4961.25|0.09|34|42081
9135.99|0.04|78|35879
22080.24|0.1|12|8836
51506.5|0.1|34|7586
72456.56|0.09|56|18659
13554.5|0.0|56|39461
60922.68|0.06|67|14503
33893.64|0.05|23|30725
58107.51|0.1|56|36770
45303.65|0.06|67|33540
54626.22|0.07|23|42117
62987.32|0.01|78|10566
34687.0|0.05|34|26052
77257.4|0.08|56|29699
50070.72|0.03|45|26529
41890.2|0.09|78|30726
26122.71|0.08|78|24642
63923.4|0.02|67|33734
38350.18|0.04|23|6435
13114.1|0.02|12|3111
6566.21|0.09|78|6951
1448.54|0.05|67|18820
12506.78|0.01|23|24932
40167.5|0.0|67|29665
61337.78|0.09|34|35745
2048.24|0.04|45|47878
39950.02|0.02|67|2657
50818.39|0.1|67|4801
57352.23|0.05|12|11203
11989.08|0.05|45|20644
36172.86|0.07|67|928
41925.95|0.01|23|3110
37115.99|0.0|45|5765
33136.92|0.06|12|16737
78562.8|0.06|56|41797
49633.28|0.01|67|47424
22493.8|0.07|67|21890
1844.04|0.02|23|2721
40903.8|0.08|23|27169
43498.8|0.0|56|101
40433.75|0.02|45|18370
18729.7|0.1|45|15780
2922.21|0.07|67|8612
57590.04|0.06|45|16262
14575.96|0.06|45|7744
21693.88|0.04|78|10055
38042.0|0.08|12|38594
41799.78|0.1|56|37764
45108.0|0.09|45|10624
34620.74|0.04|34|6562
32340.7|0.03|45|2946
56300.0|0.1|67|35232
27940.83|0.07|12|28613
62659.2|0.04|45|6055
32873.36|0.01|78|10820
51769.38|0.05|78|11459
43951.04|0.1|67|20068
920.01|0.01|12|26050
30869.68|0.02|34|24230
47116.88|0.06|34|41795
54398.14|0.0|78|21063
18300.2|0.04|56|47170
62719.16|0.0|23|33764
27669.6|0.06|56|26370
5497.88|0.02|45|26240
33375.2|0.07|56|12961
40759.16|0.1|56|23943
51097.46|0.06|67|26240
7382.85|0.07|56|46116
38495.18|0.06|23|31618
16176.42|0.05|56|40578
46376.4|0.06|67|9700
12168.39|0.04|12|20259
12677.44|0.03|45|31271
47538.12|0.07|78|43458
18950.4|0.06|12|11968
42528.98|0.06|23|38305
44068.69|0.03|34|41892
2778.06|0.09|67|30848
11478.33|0.0|56|4387
49032.91|0.01|78|46816
3087.36|0.1|12|774
37375.78|0.05|56|38594
47634.56|0.06|56|7649
75805.8|0.0|56|29798
64969.08|0.01|56|38467
57781.62|0.02|23|8288
29971.8|0.06|78|40579
9193.92|0.1|56|2465
42644.36|0.07|12|37792
23641.92|0.04|45|38311
18934.3|0.07|12|36903
23908.65|0.03|34|14662
11672.6|0.09|12|29509
32418.54|0.08|12|29827
61890.24|0.09|23|5765
38814.12|0.07|12|10497
22753.31|0.0|34|46052
32723.04|0.03|23|10790
53291.94|0.06|12|40454
20437.45|0.03|78|3425
32227.2|0.05|67|35364
3054.33|0.06|78|14754
68693.32|0.06|78|15686
14685.57|0.04|12|25504
44297.1|0.03|56|39649
58628.78|0.01|23|26983
48741.6|0.07|34|32928
34056.72|0.09|34|9344
22273.13|0.05|56|8996
65188.82|0.09|12|21315
38218.77|0.04|34|903
79295.72|0.08|34|6724
26433.12|0.03|45|27298
33321.75|0.1|45|29444
58190.16|0.1|45|31488
25563.51|0.09|78|1924
5549.92|0.07|34|25159
24842.84|0.08|12|2658
52002.76|0.1|45|26402
18319.3|0.01|34|46757
24446.4|0.1|78|36454
65086.78|0.0|23|34468
33821.54|0.05|56|12326
66809.54|0.08|23|774
37141.52|0.02|45|45669
55378.69|0.04|78|46531
52373.87|0.06|34|4354
10101.0|0.0|56|3910
21208.86|0.01|23|4325
20166.76|0.07|34|4871
39942.25|0.0|34|36033
3071.26|0.08|23|44293
54792.29|0.02|45|8673
56316.96|0.06|23|29862
32963.84|0.06|78|21314
39443.47|0.02|45|29952
35892.22|0.05|78|24512
34096.66|0.08|12|41827
20840.12|0.04|56|28545
38082.0|0.08|12|45312
71876.5|0.1|56|25412
62322.72|0.03|23|25282
25778.25|0.03|45|16100
17118.24|0.06|45|17251
19952.85|0.06|12|25317
7923.4|0.0|45|26177
49328.55|0.07|23|28965
32858.98|0.07|34|46944
57162.0|0.07|78|31747
7177.74|0.1|23|12995
31377.6|0.0|78|40069
83795.36|0.07|34|2180
18661.89|0.03|56|33955
51469.95|0.02|12|36421
8676.54|0.08|45|15686
15613.47|0.0|45|40806
22566.14|0.1|78|6566
43425.84|0.08|45|10051
58445.01|0.06|78|3264
26089.14|0.1|23|37414
59817.94|0.05|34|17190
62268.36|0.03|23|6725
15187.38|0.04|23|44576
83795.36|0.03|34|46881
55059.4|0.04|56|23265
39015.34|0.0|78|16708
22728.32|0.02|67|4995
38760.92|0.1|12|30276
5786.25|0.02|12|10695
12024.67|0.06|78|22560
38597.16|0.02|34|835
34267.2|0.04|67|36001
19101.0|0.01|56|43841
34982.08|0.0|78|27334
7435.98|0.1|12|47809
9955.0|0.1|45|39527
5892.48|0.09|45|998
46096.6|0.0|23|19811
12900.58|0.08|45|32385
15172.32|0.01|45|3525
40273.2|0.05|78|24679
65053.88|0.01|23|43108
48408.36|0.09|34|25221
53913.24|0.08|34|45602
24344.1|0.09|23|8704
12643.6|0.08|78|17383
51444.3|0.1|45|19747
32207.0|0.02|34|22787
32407.83|0.06|12|11590
43922.58|0.02|67|11270
87982.59|0.03|12|41127
32847.36|0.06|34|38849
53866.56|0.06|12|21414
52159.77|0.07|34|15684
15929.04|0.08|67|30022
63912.2|0.02|45|43591
49824.0|0.03|12|24230
8865.72|0.09|78|36356
26571.31|0.04|45|22021
23551.0|0.07|23|23936
19264.91|0.08|23|26149
25430.17|0.02|34|18182
28530.4|0.07|45|29569
13790.56|0.07|34|14754
42530.24|0.05|34|2183
78743.26|0.04|12|742
43372.11|0.03|34|11075
44396.75|0.07|56|26241
17903.55|0.07|67|18178
31208.94|0.06|34|38403
62106.44|0.04|67|45314
27510.3|0.09|78|18948
31970.88|0.08|45|7077
59647.08|0.07|34|8805
28422.94|0.06|78|40643
8907.48|0.02|23|33633
27867.51|0.01|12|10597
43498.58|0.02|56|21252
37334.02|0.0|12|1191
32705.97|0.06|12|5636
60407.84|0.01|78|37060
17778.96|0.02|23|20487
30712.6|0.09|23|3750
68228.6|0.05|67|40035
19928.59|0.0|56|24229
31978.32|0.08|23|22849
28305.75|0.02|67|12614
3908.28|0.06|56|43298
35449.96|0.02|23|260
26274.38|0.02|78|10214
77207.83|0.06|12|28128
9901.71|0.0|34|6594
39395.05|0.08|56|4994
61031.78|0.08|56|2208
38344.88|0.04|67|28322
3486.78|0.02|12|22597
37802.82|0.07|78|32069
51615.2|0.03|67|46848
20864.44|0.09|56|38339
45023.3|0.04|67|40039
12613.6|0.09|34|34947
13164.1|0.1|56|33538
31002.87|0.08|12|20068
50559.02|0.01|12|13920
999.09|0.09|78|42694
50909.25|0.01|34|3173
45800.44|0.0|23|23301
20352.23|0.04|34|8451
1071.17|0.03|56|20257
14705.99|0.06|56|42694
26939.56|0.03|45|25095
51615.2|0.02|67|27108
39308.05|0.07|56|11232
25100.82|0.08|12|24099
7263.64|0.02|67|39175
50313.55|0.04|56|38400
20028.85|0.04|56|45669
29411.98|0.08|56|33540
49516.11|0.02|67|11616
21341.18|0.03|23|30532
51855.6|0.06|67|11138
28410.2|0.1|34|13702
12363.3|0.04|56|39781
70391.1|0.06|56|6048
49714.7|0.1|12|16608
2676.86|0.09|34|14945
59343.08|0.09|78|1958
10667.52|0.0|12|13986
15555.17|0.04|56|39111
39830.63|0.02|67|13953
10901.79|0.02|67|17026
31596.6|0.04|45|18624
54108.75|0.02|12|30725
15151.92|0.01|34|29767
53994.72|0.03|78|39138
49453.2|0.09|56|28870
8247.89|0.05|23|1317
36326.92|0.05|78|9921
25972.06|0.08|34|40871
22196.94|0.0|23|41506
52198.77|0.02|34|31424
37784.32|0.04|45|12038
20884.61|0.03|67|6502
47753.0|0.06|23|4769
46464.6|0.07|23|38919
48268.07|0.03|67|4262
17699.38|0.06|45|31748
1970.16|0.06|45|13189
12550.41|0.04|12|21669
44785.44|0.1|34|36581
60990.78|0.07|67|20487
48768.44|0.04|56|9574
30752.6|0.08|78|19938
33270.42|0.08|67|1025
30801.12|0.05|56|928
18716.52|0.06|45|21348
8346.03|0.03|12|20000
15834.83|0.0|56|13091
14996.38|0.06|78|3362
51741.9|0.06|23|44194
71910.44|0.07|45|26214
22196.94|0.03|23|15621
24846.52|0.02|56|14662
19758.42|0.03|23|35072
13995.45|0.0|34|1633
29280.32|0.03|56|44322
24812.46|0.06|34|7778
13053.3|0.0|67|26752
65321.52|0.0|23|5186
8345.12|0.08|23|15269
56263.76|0.06|78|13795
60922.68|0.06|67|46531
29854.86|0.04|23|12836
55548.59|0.07|12|22561
26599.86|0.0|56|21639
24777.25|0.06|12|13506
18974.7|0.09|56|18951
5794.16|0.0|67|43875
31226.94|0.01|45|36738
66671.5|0.07|67|16898
39002.8|0.03|56|46402
21238.72|0.08|23|12773
20671.98|0.09|56|35875
23984.84|0.04|67|18624
11595.65|0.03|34|47108
39443.47|0.07|12|20737
2592.78|0.05|67|2626
32409.75|0.1|67|3200
38665.82|0.0|78|33762
9820.8|0.06|45|6566
36309.41|0.01|67|19041
35024.42|0.07|34|25568
3688.08|0.06|78|32388
28690.6|0.04|12|32481
37083.69|0.03|67|40420
14536.73|0.03|45|26496
73637.6|0.05|12|12482
42286.0|0.02|78|43328
31723.02|0.04|34|16199
47620.32|0.04|34|37636
24133.48|0.03|34|47654
47133.24|0.1|12|5958
3896.28|0.09|34|38790
33696.96|0.1|34|21155
34837.8|0.01|45|2215
13714.7|0.08|67|41923
55889.9|0.08|23|47751
13215.86|0.08|12|3392
16055.05|0.07|78|9824
73436.22|0.0|23|1607
25955.3|0.0|56|4960
17946.11|0.06|78|20263
25082.82|0.08|12|29381
39947.09|0.05|67|1728
44757.94|0.04|67|35875
5540.82|0.0|67|45506
48955.41|0.08|45|9255
12684.0|0.05|78|6055
38470.53|0.03|34|22051
12837.51|0.02|67|26144
27981.03|0.0|23|2343
27928.74|0.03|56|32709
11424.6|0.1|45|3814
56088.26|0.02|23|27526
10041.71|0.01|12|13891
22851.78|0.06|56|34913
82007.48|0.1|45|25184
58093.62|0.0|67|14374
32191.83|0.06|12|10979
2164.36|0.0|67|31200
1874.06|0.03|78|18944
28278.36|0.07|34|44644
85004.1|0.04|45|42598
67347.72|0.0|45|44134
42986.74|0.02|56|17248
12453.2|0.1|45|8418
8696.38|0.07|23|40550
54814.5|0.04|23|35782
35567.43|0.06|12|30466
40559.03|0.1|23|768
25013.56|0.1|23|38595
14727.52|0.04|12|11237
43426.8|0.01|67|41863
15191.92|0.04|23|39111
5990.36|0.1|12|47142
54296.75|0.02|45|40550
37679.6|0.0|56|18688
47954.03|0.04|56|26887
55815.3|0.05|45|9511
31329.98|0.08|45|28931
6559.21|0.0|78|45893
18880.8|0.07|23|8419
83042.42|0.06|67|135
25301.7|0.01|45|16966
22513.79|0.07|12|44960
35588.4|0.04|34|24387
59931.36|0.05|45|45313
34982.08|0.01|56|43878
77208.78|0.07|23|39360
70923.36|0.05|45|39623
6018.6|0.06|45|514
34260.34|0.09|67|32003
42794.57|0.1|78|18528
6106.48|0.08|67|37286
10505.55|0.1|34|33442
10081.89|0.08|45|12262
42299.88|0.06|78|39937
30692.76|0.05|78|19110
64793.08|0.08|67|41956
4183.47|0.05|12|45958
45600.1|0.08|34|31942
60095.04|0.01|34|12772
33135.3|0.05|67|40453
63768.6|0.04|78|6147
70374.1|0.03|23|45794
37877.4|0.01|56|39041
68087.76|0.1|56|39586
46381.92|0.07|45|6274
1864.06|0.08|56|24964
71882.36|0.04|23|8516
31383.75|0.01|23|41573
14711.73|0.04|34|47076
1976.16|0.04|34|33126
47284.92|0.08|56|4963
36488.75|0.03|78|2977
26812.32|0.1|34|11910
23000.48|0.03|56|20802
14751.84|0.05|34|3488
1347.44|0.06|45|4293
28770.61|0.06|34|25191
41765.6|0.04|12|11073
15460.5|0.1|23|22560
41611.92|0.1|34|41539
7462.95|0.03|34|42372
13187.86|0.01|56|20097
15476.4|0.07|12|41956
31674.44|0.07|56|41735
67166.55|0.03|34|36197
32969.97|0.05|45|12775
5910.28|0.09|45|44357
67495.38|0.02|34|43591
32275.34|0.03|45|47075
15977.4|0.0|45|34051
3797.98|0.05|23|15297
72036.0|0.07|34|15619
27696.45|0.03|34|36193
56687.73|0.09|78|39268
25323.6|0.05|23|10914
51602.32|0.02|45|6918
9761.43|0.01|12|7843
43406.4|0.05|12|42179
31176.18|0.02|23|6918
62591.96|0.08|12|514
3235.42|0.07|78|9763
73249.44|0.08|23|39748
9487.35|0.0|34|34726
9060.73|0.02|34|47586
35191.17|0.08|56|9697
15857.25|0.1|78|11623
8064.8|0.06|12|3425
18771.4|0.07|45|40513
54202.56|0.03|56|33700
36056.18|0.02|56|27364
10739.52|0.09|78|21445
8409.2|0.06|34|40835
1432.53|0.01|12|20164
8088.55|0.09|78|4576
43727.6|0.03|56|10023
49357.05|0.09|12|21475
52451.04|0.05|67|16578
25680.37|0.09|78|5889
27606.0|0.03|34|44579
52387.33|0.03|45|32385
28490.4|0.04|45|41025
91824.53|0.09|78|2311
36447.64|0.06|45|44198
43754.48|0.06|23|11744
34137.72|0.01|78|18181
15548.61|0.02|34|7493
48638.02|0.01|23|26437
19452.72|0.02|45|35106
20047.85|0.06|23|23267
21758.1|0.05|67|47587
13791.12|0.07|78|24483
19413.46|0.0|45|26050
10937.52|0.08|56|10338
69262.89|0.01|12|18787
40896.9|0.05|12|43463
35348.61|0.06|78|8133
40482.72|0.01|67|15685
17045.91|0.05|34|20068
10514.34|0.09|23|11493
40724.28|0.05|56|38214
33531.25|0.0|56|15042
61024.8|0.08|67|4929
1268.36|0.01|45|44673
38759.31|0.05|56|43298
52732.33|0.05|78|4227
18687.89|0.02|56|43011
44625.43|0.05|56|45764
13942.72|0.05|23|45474
33780.0|0.06|67|19458
35461.68|0.07|45|4614
17857.62|0.03|34|44932
59508.9|0.08|56|10369
24057.6|0.0|45|4963
31178.34|0.02|78|3110
3799.98|0.09|56|10338
61138.74|0.07|56|9537
53747.05|0.06|23|7
9097.84|0.03|78|18916
2026.22|0.07|34|31136
27357.96|0.08|56|1095
45840.96|0.08|12|28614
27353.97|0.08|12|31815
32975.7|0.01|67|31396
17358.75|0.01|12|39268
17551.26|0.03|56|23968
6837.3|0.09|23|30918
38265.75|0.07|45|27782
44392.6|0.06|45|26083
62310.36|0.02|78|37952
6637.1|0.09|23|6631
43328.58|0.08|45|16803
29071.24|0.05|12|47809
45302.62|0.03|23|11616
42818.25|0.01|12|29699
30296.64|0.08|67|34694
26052.45|0.06|67|23270
31251.22|0.02|34|13638
36718.6|0.03|56|41795
58575.02|0.0|78|486
31625.66|0.0|56|25061
24076.5|0.05|23|24133
45100.0|0.08|23|34401
15654.94|0.05|45|11876
22957.7|0.1|12|2596
43061.2|0.02|78|40324
38288.88|0.09|23|16033
24890.14|0.0|23|31046
45575.76|0.0|23|35296
45818.21|0.06|67|41764
35226.76|0.0|67|44514
34764.96|0.01|67|17766
41690.88|0.1|12|36388
33961.11|0.01|56|38308
14743.52|0.06|45|9159
49414.82|0.04|34|23943
21317.04|0.08|34|32293
39338.24|0.1|34|29862
17253.75|0.01|34|36736
46791.74|0.08|56|46565
35626.44|0.02|56|36738
53048.52|0.09|12|4773
15395.64|0.04|45|16001
48807.15|0.08|12|37283
45786.84|0.04|34|1380
28002.03|0.02|67|44609
52157.0|0.05|45|22433
43570.17|0.08|78|42372
53449.81|0.0|78|39622
26596.26|0.09|45|18563
36230.74|0.0|12|41639
8871.42|0.08|56|23267
5072.37|0.0|78|17985
3469.66|0.09|45|23426
44142.54|0.05|78|38755
54814.22|0.0|56|19811
52589.04|0.03|78|12614
23797.83|0.06|23|11072
4284.68|0.04|12|42724
46333.78|0.03|23|46565
38291.48|0.09|67|15334
25261.28|0.07|78|11939
45938.36|0.03|67|15427
14018.07|0.09|45|35232
39936.87|0.07|34|31362
9622.2|0.06|12|3588
23365.99|0.06|45|18535
7267.86|0.06|67|2436
16671.71|0.0|56|18375
49187.08|0.07|23|8133
4472.84|0.09|23|21346
59013.45|0.0|45|32544
29609.74|0.01|12|14340
44039.58|0.0|34|35458
66671.5|0.05|34|928
14863.6|0.05|78|4579
9990.9|0.02|12|11621
48562.5|0.03|56|37573
5866.35|0.08|34|39585
54385.11|0.02|12|17764
24205.48|0.03|34|22854
58621.02|0.1|23|44451
1200.29|0.09|12|15172
53909.55|0.1|12|1733
5894.28|0.03|12|20804
10912.99|0.0|34|43714
36817.56|0.02|45|2049
27770.82|0.04|56|9026
36859.48|0.03|56|9696
39905.7|0.07|12|19110
14393.6|0.09|12|26433
30917.6|0.07|67|44003
32459.75|0.05|23|23426
1682.78|0.01|12|41954
11636.4|0.05|34|35427
19435.08|0.04|78|1
53897.6|0.07|45|7075
1873.97|0.03|78|34883
37440.48|0.02|34|17125
56999.7|0.1|56|40480
34929.48|0.09|23|20164
41285.2|0.02|34|23655
25074.14|0.0|12|11271
11727.76|0.08|34|41893
28021.13|0.03|45|21606
41516.01|0.02|78|19111
30303.0|0.0|56|46433
39341.75|0.06|34|21412
59102.21|0.04|34|7522
13298.13|0.03|45|6336
36470.64|0.03|34|39395
9520.5|0.07|78|45764
41657.88|0.08|67|36069
22433.85|0.09|34|25414
39633.29|0.1|78|10145
84467.18|0.1|34|21477
2268.46|0.02|34|44481
26668.6|0.05|34|31298
47284.92|0.09|56|29666
32270.7|0.03|23|18689
39942.25|0.0|34|42656
48350.07|0.04|34|44997
1861.96|0.08|34|41031
49114.54|0.1|78|36387
50583.63|0.04|12|16608
70433.73|0.04|78|29154
67481.55|0.09|67|8192
14566.05|0.02|12|11207
57374.05|0.05|67|6086
58022.1|0.05|23|33795
40779.84|0.1|23|16096
23229.82|0.03|67|27332
27095.64|0.05|56|9923
56008.8|0.09|23|2469
37851.42|0.03|56|2277
52226.1|0.04|34|35619
29533.68|0.06|78|8229
65751.7|0.08|12|42918
48501.68|0.05|45|43584
13833.12|0.04|34|1574
10406.25|0.02|56|6017
28961.02|0.05|67|29249
41988.21|0.06|12|39462
45850.5|0.05|78|44257
44148.6|0.08|23|6433
53417.96|0.04|45|37060
27557.76|0.02|78|35619
37272.69|0.05|78|36961
74218.32|0.09|45|24769
23558.92|0.1|12|22306
7757.4|0.04|78|37894
2616.8|0.03|34|43491
20782.2|0.03|45|20070
24166.35|0.05|12|16611
12172.05|0.04|23|35745
39822.6|0.02|78|5925
30062.12|0.01|12|4672
8198.76|0.0|12|40803
72058.11|0.09|34|22658
2170.36|0.05|12|18562
51379.93|0.06|34|19557
32854.8|0.08|23|40000
33445.88|0.03|67|18563
2142.34|0.03|12|33540
43892.36|0.08|34|5570
17929.62|0.06|56|28806
61494.8|0.02|34|14951
66966.3|0.0|12|37507
48252.0|0.01|67|4994
2632.82|0.09|67|19040
30273.28|0.0|67|25697
24462.0|0.08|67|15814
12244.14|0.02|56|36135
65420.0|0.05|34|1731
56588.73|0.05|45|44068
9614.29|0.05|67|12130
57702.04|0.03|45|45381
20915.44|0.05|78|33088
46601.45|0.06|12|45313
22521.8|0.08|45|47492
5245.64|0.04|12|38118
20518.47|0.02|56|29255
39570.84|0.06|67|24037
6916.56|0.02|34|9570
42745.36|0.04|67|35238
4330.62|0.04|23|4295
43805.58|0.05|23|5856
31834.08|0.07|23|20864
11452.24|0.1|78|44483
43052.82|0.08|23|23558
38495.82|0.08|67|40163
18935.4|0.09|67|35463
37357.04|0.07|67|46918
22513.79|0.06|12|35296
18115.68|0.09|67|2849
29516.2|0.06|56|13479
6973.56|0.02|23|40324
20240.22|0.03|12|14496
35150.28|0.09|45|993
3585.87|0.0|45|44322
60324.86|0.06|45|25253
2704.9|0.03|12|37991
55235.4|0.07|67|10817
63260.88|0.09|23|1760
37210.2|0.02|45|40096
32795.7|0.06|78|14692
33208.96|0.08|78|6791
66464.65|0.05|23|12611
19972.05|0.0|12|14113
49186.82|0.0|67|30626
56468.72|0.1|23|9474
31504.5|0.05|12|30151
17587.26|0.05|56|25248
48022.07|0.1|78|27238
37053.99|0.03|45|36677
46890.8|0.03|56|18659
55618.5|0.0|56|34791
12829.6|0.07|12|45861
35686.72|0.05|78|9316
2800.98|0.0|56|22116
4033.32|0.02|45|12037
69488.06|0.03|78|10562
42489.09|0.06|34|20643
29841.9|0.01|12|17892
7656.4|0.02|78|18530
55289.22|0.0|67|29153
45938.36|0.02|67|13126
29807.36|0.04|67|46433
29471.4|0.03|12|23558
17802.96|0.04|78|24640
13224.2|0.02|23|35623
54218.0|0.04|56|1924
2913.1|0.06|34|33958
83896.32|0.0|78|20165
46598.04|0.02|67|24929
18235.98|0.1|34|32709
32678.65|0.04|56|35618
59001.45|0.0|23|46501
28170.24|0.01|12|16582
71040.15|0.09|67|31303
17718.84|0.03|56|29538
44608.4|0.04|78|6692
57340.48|0.07|12|47010
22101.38|0.07|67|42181
38964.51|0.05|12|43204
62814.78|0.08|34|6439
3387.58|0.02|23|25058
51278.72|0.01|45|3975
2738.92|0.04|67|17026
16866.54|0.1|78|8322
16308.0|0.01|67|38818
51890.3|0.06|23|11649
906.0|0.07|78|30725
54443.04|0.04|34|2436
8836.52|0.0|67|18562
42172.2|0.03|67|17026
34293.1|0.01|56|38311
29571.4|0.06|56|9345
58328.01|0.07|34|29891
74903.72|0.09|78|35875
23785.56|0.09|12|23169
41540.58|0.08|12|19490
40903.8|0.1|34|16356
68281.01|0.06|12|29158
72636.4|0.0|67|29095
46705.6|0.08|78|37764
62803.2|0.01|34|31686
51222.94|0.1|78|17094
41205.36|0.05|23|43686
44944.0|0.0|23|31075
31789.51|0.03|23|40485
5706.08|0.07|45|26948
18607.8|0.01|67|2723
6142.52|0.01|23|14533
28573.82|0.02|23|39232
23641.92|0.07|78|6304
36077.59|0.1|56|3141
14775.96|0.03|12|37122
12773.86|0.1|45|28741
7177.65|0.02|56|26406
72077.0|0.04|34|20259
23365.99|0.1|45|42368
7368.16|0.0|45|871
55360.0|0.04|12|16611
44254.76|0.09|23|39329
12620.3|0.06|23|26050
41535.56|0.05|12|8704
30657.35|0.1|78|46113
16938.3|0.0|34|9955
34533.24|0.08|45|19300
38042.0|0.04|12|26375
55262.83|0.06|34|28963
47380.7|0.06|12|22850
67559.06|0.05|78|20804
15633.12|0.07|56|33958
26975.43|0.03|45|3525
50855.39|0.03|45|16679
2588.78|0.09|67|18692
43750.08|0.08|56|17733
47480.6|0.1|67|24416
47801.82|0.01|67|17252
11500.24|0.01|56|45671
17433.9|0.1|23|42531
17571.04|0.01|78|9345
