7|GERMANY|44|7|11752.0|0.06|44|9062|9062|881
8|INDIA|60|8|7067.55|0.0|60|9062|9062|881
16|MOZAMBIQUE|58|16|52807.5|0.08|58|9062|9062|881
0|ALGERIA|24|0|40095.18|0.09|24|9062|9062|881
8|INDIA|12|8|9811.62|0.04|12|9062|9062|881
18|CHINA|41|18|61660.24|0.04|41|9062|9062|881
16|MOZAMBIQUE|73|16|16397.85|0.03|73|23686|23686|430
23|UNITED KINGDOM|32|23|6517.21|0.01|32|23686|23686|430
0|ALGERIA|37|0|23512.96|0.0|37|23653|23653|100
24|UNITED STATES|19|24|4916.19|0.09|19|23653|23653|100
18|CHINA|27|18|22508.64|0.03|27|23653|23653|100
11|IRAQ|5|11|1704.8|0.0|5|34048|34048|892
23|UNITED KINGDOM|66|23|48227.07|0.02|66|34048|34048|892
17|PERU|59|17|67704.91|0.01|59|34048|34048|892
16|MOZAMBIQUE|58|16|35125.44|0.0|58|34048|34048|892
2|BRAZIL|21|2|80193.28|0.0|21|34048|34048|892
4|EGYPT|38|4|63594.08|0.04|38|34048|34048|892
7|GERMANY|44|7|58698.0|0.01|44|45059|45059|100
4|EGYPT|22|4|7003.56|0.04|22|45059|45059|100
21|VIETNAM|26|21|9770.56|0.03|26|45059|45059|100
4|EGYPT|69|4|12493.4|0.0|69|45059|45059|100
5|ETHIOPIA|78|5|67436.55|0.05|78|45059|45059|100
1|ARGENTINA|29|1|39952.0|0.06|29|45059|45059|100
5|ETHIOPIA|78|5|38743.74|0.05|78|36259|36259|353
9|INDONESIA|51|9|52495.17|0.04|51|44674|44674|100
14|KENYA|48|14|32352.32|0.0|48|44674|44674|100
14|KENYA|76|14|23815.2|0.1|76|44674|44674|100
22|RUSSIA|42|22|50034.88|0.0|42|44674|44674|100
16|MOZAMBIQUE|58|16|36367.9|0.1|58|45543|45543|485
22|RUSSIA|25|22|57833.23|0.06|25|45543|45543|485
16|MOZAMBIQUE|18|16|66011.5|0.06|18|45543|45543|485
8|INDIA|61|8|26025.3|0.04|61|21442|21442|980
22|RUSSIA|25|22|50517.96|0.04|25|21442|21442|980
16|MOZAMBIQUE|58|16|49283.55|0.05|58|21442|21442|980
4|EGYPT|69|4|12018.87|0.08|69|21442|21442|980
24|UNITED STATES|10|24|8385.12|0.0|10|21442|21442|980
18|CHINA|27|18|35744.22|0.02|27|21442|21442|980
16|MOZAMBIQUE|73|16|51139.04|0.05|73|23235|23235|166
7|GERMANY|33|7|8999.45|0.01|33|23235|23235|166
4|EGYPT|22|4|28480.75|0.03|22|23235|23235|166
8|INDIA|15|8|30166.5|0.0|15|23235|23235|166
1|ARGENTINA|29|1|4935.4|0.03|29|23235|23235|166
12|JAPAN|43|12|41975.55|0.05|43|23235|23235|166
8|INDIA|39|8|44090.76|0.07|39|23235|23235|166
9|INDONESIA|50|9|58302.0|0.08|50|42144|42144|166
9|INDONESIA|51|9|46421.31|0.02|51|37061|37061|155
9|INDONESIA|50|9|30127.92|0.1|50|37061|37061|155
17|PERU|57|17|62141.94|0.03|57|37061|37061|155
22|RUSSIA|16|22|39567.47|0.03|16|37061|37061|155
16|MOZAMBIQUE|30|16|68740.32|0.1|30|37061|37061|155
19|ROMANIA|52|19|5117.48|0.09|52|37061|37061|155
9|INDONESIA|51|9|2964.24|0.0|51|34080|34080|496
22|RUSSIA|40|22|65779.56|0.03|40|34080|34080|496
2|BRAZIL|21|2|62346.13|0.05|21|34080|34080|496
22|RUSSIA|65|22|65094.3|0.07|65|34080|34080|496
22|RUSSIA|16|22|30036.5|0.03|16|34080|34080|496
19|ROMANIA|52|19|57746.04|0.03|52|34080|34080|496
18|CHINA|41|18|26545.12|0.1|41|34080|34080|496
18|CHINA|27|18|41004.8|0.09|27|19395|19395|452
6|FRANCE|70|6|22031.94|0.06|70|1634|1634|551
8|INDIA|15|8|56116.28|0.05|15|1634|1634|551
17|PERU|59|17|24489.18|0.08|59|1634|1634|551
16|MOZAMBIQUE|58|16|26824.77|0.0|58|1634|1634|551
21|VIETNAM|35|21|13852.85|0.01|35|1634|1634|551
24|UNITED STATES|49|24|3017.2|0.07|49|1634|1634|551
22|RUSSIA|42|22|35003.5|0.06|42|1634|1634|551
4|EGYPT|22|4|26846.98|0.1|22|5825|5825|485
2|BRAZIL|21|2|18189.1|0.07|21|9959|9959|551
19|ROMANIA|17|19|7754.34|0.0|17|9959|9959|551
1|ARGENTINA|71|1|24380.4|0.01|71|4646|4646|661
8|INDIA|15|8|20974.68|0.01|15|4646|4646|661
3|CANADA|13|3|34382.92|0.07|13|4646|4646|661
22|RUSSIA|42|22|34164.48|0.02|42|4646|4646|661
20|SAUDI ARABIA|74|20|46105.78|0.08|74|4646|4646|661
21|VIETNAM|26|21|33076.4|0.08|26|6977|6977|782
9|INDONESIA|23|9|48040.43|0.07|23|6977|6977|782
2|BRAZIL|21|2|34036.5|0.05|21|6977|6977|782
7|GERMANY|53|7|35813.25|0.02|53|6977|6977|782
1|ARGENTINA|3|1|11370.24|0.09|3|6977|6977|782
19|ROMANIA|62|19|47045.7|0.05|62|7846|7846|397
24|UNITED STATES|55|24|20366.58|0.05|55|7846|7846|397
8|INDIA|61|8|2482.68|0.01|61|7846|7846|397
21|VIETNAM|26|21|32354.2|0.01|26|7846|7846|397
24|UNITED STATES|64|24|12690.37|0.08|64|7846|7846|397
9|INDONESIA|51|9|13766.56|0.02|51|4931|4931|397
21|VIETNAM|26|21|20922.8|0.09|26|4931|4931|397
0|ALGERIA|24|0|1446.54|0.08|24|4931|4931|397
4|EGYPT|22|4|39192.05|0.04|22|31431|31431|793
8|INDIA|61|8|77890.56|0.01|61|31431|31431|793
0|ALGERIA|37|0|7568.16|0.0|37|31431|31431|793
9|INDONESIA|23|9|32044.1|0.03|23|31431|31431|793
2|BRAZIL|21|2|46008.9|0.02|21|31431|31431|793
3|CANADA|20|3|16319.38|0.1|20|31431|31431|793
17|PERU|8|17|32855.96|0.05|8|22114|22114|430
22|RUSSIA|16|22|2951.14|0.07|16|22114|22114|430
22|RUSSIA|16|22|1607.7|0.08|16|22114|22114|430
24|UNITED STATES|49|24|30438.66|0.04|49|22114|22114|430
18|CHINA|41|18|10991.88|0.01|41|22114|22114|430
9|INDONESIA|51|9|42111.39|0.07|51|10597|10597|496
21|VIETNAM|68|21|10607.16|0.06|68|10597|10597|496
8|INDIA|12|8|27867.51|0.01|12|10597|10597|496
11|IRAQ|5|11|58274.16|0.01|5|5092|5092|166
8|INDIA|15|8|13209.43|0.06|15|5092|5092|166
21|VIETNAM|68|21|58413.0|0.1|68|5092|5092|166
3|CANADA|13|3|14546.62|0.03|13|5092|5092|166
16|MOZAMBIQUE|18|16|36189.0|0.06|18|5092|5092|166
18|CHINA|75|18|18696.02|0.04|75|5092|5092|166
16|MOZAMBIQUE|31|16|42783.9|0.04|31|5092|5092|166
17|PERU|8|17|48103.0|0.05|8|15107|15107|991
17|PERU|1|17|54784.8|0.04|1|15107|15107|991
7|GERMANY|77|7|50705.5|0.07|77|15107|15107|991
4|EGYPT|38|4|42919.5|0.09|38|15107|15107|991
20|SAUDI ARABIA|74|20|21092.4|0.07|74|15107|15107|991
7|GERMANY|77|7|11288.97|0.04|77|22631|22631|133
8|INDIA|60|8|44399.36|0.1|60|22631|22631|133
14|KENYA|48|14|3255.54|0.05|48|22631|22631|133
8|INDIA|15|8|47580.75|0.0|15|22631|22631|133
3|CANADA|13|3|20602.67|0.1|13|22631|22631|133
24|UNITED STATES|19|24|1660.76|0.02|19|22631|22631|133
18|CHINA|27|18|18475.56|0.0|27|22631|22631|133
22|RUSSIA|25|22|30752.6|0.07|25|11909|11909|694
3|CANADA|20|3|9402.16|0.07|20|11909|11909|694
1|ARGENTINA|71|1|33763.54|0.07|71|3555|3555|364
0|ALGERIA|37|0|17784.57|0.0|37|3555|3555|364
4|EGYPT|69|4|22929.3|0.03|69|3555|3555|364
24|UNITED STATES|10|24|30933.25|0.09|10|3555|3555|364
0|ALGERIA|28|0|8136.0|0.07|28|3555|3555|364
4|EGYPT|38|4|13489.52|0.05|38|3555|3555|364
5|ETHIOPIA|2|5|36933.93|0.04|2|3555|3555|364
16|MOZAMBIQUE|58|16|7720.48|0.07|58|8934|8934|496
1|ARGENTINA|29|1|17855.11|0.02|29|8934|8934|496
22|RUSSIA|65|22|33624.18|0.08|65|8934|8934|496
0|ALGERIA|28|0|68613.14|0.02|28|8934|8934|496
9|INDONESIA|51|9|44648.4|0.06|51|3841|3841|463
7|GERMANY|53|7|33112.96|0.09|53|3841|3841|463
21|VIETNAM|26|21|47076.3|0.02|26|6404|6404|254
7|GERMANY|33|7|45369.72|0.1|33|225|225|265
22|RUSSIA|25|22|2838.12|0.0|25|225|225|265
21|VIETNAM|35|21|11472.6|0.0|35|225|225|265
15|MOROCCO|4|15|25683.84|0.0|4|225|225|265
22|RUSSIA|65|22|66941.1|0.06|65|225|225|265
19|ROMANIA|17|19|5109.48|0.09|17|225|225|265
22|RUSSIA|42|22|29792.86|0.04|42|225|225|265
16|MOZAMBIQUE|73|16|66622.97|0.1|73|643|643|463
17|PERU|57|17|27629.9|0.05|57|643|643|463
16|MOZAMBIQUE|31|16|49075.65|0.08|31|643|643|463
1|ARGENTINA|3|1|27974.52|0.0|3|643|643|463
1|ARGENTINA|3|1|62515.2|0.01|3|643|643|463
7|GERMANY|44|7|60865.5|0.01|44|7040|7040|452
17|PERU|59|17|22330.13|0.01|59|7040|7040|452
18|CHINA|11|18|48912.15|0.0|11|32224|32224|793
14|KENYA|76|14|31644.51|0.04|76|32224|32224|793
18|CHINA|27|18|4344.72|0.04|27|32224|32224|793
24|UNITED STATES|64|24|75632.16|0.08|64|22753|22753|221
14|KENYA|6|14|47948.49|0.06|6|30662|30662|188
0|ALGERIA|37|0|18039.0|0.09|37|30662|30662|188
13|JORDAN|36|13|17358.3|0.02|36|30662|30662|188
13|JORDAN|36|13|55460.0|0.09|36|30662|30662|188
16|MOZAMBIQUE|56|16|33468.12|0.07|56|30662|30662|188
22|RUSSIA|16|22|57052.16|0.01|16|30662|30662|188
7|GERMANY|44|7|46896.3|0.06|44|25701|25701|782
18|CHINA|72|18|57877.2|0.1|72|25701|25701|782
4|EGYPT|69|4|33300.3|0.02|69|25701|25701|782
24|UNITED STATES|46|24|38915.0|0.08|46|25701|25701|782
0|ALGERIA|28|0|15722.1|0.0|28|25701|25701|782
19|ROMANIA|52|19|1978.16|0.02|52|25701|25701|782
1|ARGENTINA|71|1|19439.28|0.04|71|22885|22885|892
17|PERU|59|17|12148.88|0.04|59|22885|22885|892
14|KENYA|79|14|50819.37|0.09|79|22885|22885|892
18|CHINA|75|18|33950.89|0.02|75|22885|22885|892
0|ALGERIA|37|0|31623.3|0.09|37|7811|7811|199
1|ARGENTINA|29|1|29728.48|0.01|29|7811|7811|199
24|UNITED STATES|10|24|13089.72|0.0|10|7811|7811|199
24|UNITED STATES|10|24|9135.72|0.01|10|7811|7811|199
3|CANADA|20|3|21814.92|0.08|20|7811|7811|199
19|ROMANIA|52|19|36915.48|0.1|52|7811|7811|199
21|VIETNAM|80|21|34341.44|0.05|80|8966|8966|980
9|INDONESIA|51|9|56514.85|0.05|51|8966|8966|980
17|PERU|59|17|20745.84|0.05|59|8966|8966|980
22|RUSSIA|42|22|10937.79|0.05|42|8966|8966|980
1|ARGENTINA|3|1|50747.2|0.0|3|8966|8966|980
7|GERMANY|33|7|38911.34|0.04|33|9604|9604|496
22|RUSSIA|40|22|30399.84|0.0|40|5314|5314|265
17|PERU|59|17|18389.3|0.07|59|5314|5314|265
17|PERU|1|17|68382.68|0.1|1|6215|6215|496
3|CANADA|13|3|68330.01|0.1|13|6215|6215|496
24|UNITED STATES|49|24|23372.57|0.08|49|6215|6215|496
4|EGYPT|38|4|51806.5|0.08|38|6215|6215|496
24|UNITED STATES|64|24|12913.9|0.03|64|30948|30948|584
18|CHINA|11|18|60508.86|0.02|11|7843|7843|320
9|INDONESIA|50|9|53747.05|0.1|50|7843|7843|320
8|INDIA|12|8|9761.43|0.01|12|7843|7843|320
24|UNITED STATES|64|24|7264.0|0.02|64|7843|7843|320
19|ROMANIA|52|19|35137.8|0.04|52|7843|7843|320
5|ETHIOPIA|63|5|16427.85|0.01|63|7843|7843|320
17|PERU|1|17|9418.08|0.1|1|998|998|254
9|INDONESIA|45|9|5892.48|0.09|45|998|998|254
18|CHINA|75|18|1480.58|0.04|75|998|998|254
9|INDONESIA|51|9|19480.86|0.04|51|40774|40774|232
23|UNITED KINGDOM|66|23|52885.34|0.03|66|40774|40774|232
21|VIETNAM|35|21|4372.65|0.05|35|40774|40774|232
24|UNITED STATES|19|24|27385.96|0.05|19|40774|40774|232
16|MOZAMBIQUE|30|16|29319.92|0.09|30|40774|40774|232
17|PERU|1|17|19486.08|0.09|1|43975|43975|265
8|INDIA|60|8|67581.81|0.07|60|43975|43975|265
0|ALGERIA|24|0|29583.48|0.01|24|43975|43975|265
24|UNITED STATES|49|24|16907.9|0.01|49|43975|43975|265
7|GERMANY|77|7|63680.98|0.03|77|32007|32007|485
9|INDONESIA|50|9|27786.24|0.01|50|32007|32007|485
7|GERMANY|53|7|35330.42|0.04|53|32964|32964|661
16|MOZAMBIQUE|30|16|24693.35|0.04|30|32964|32964|661
13|JORDAN|36|13|53338.08|0.0|36|32579|32579|782
14|KENYA|47|14|2398.58|0.07|47|33734|33734|452
21|VIETNAM|35|21|22021.63|0.07|35|33734|33734|452
21|VIETNAM|68|21|18184.65|0.08|68|33734|33734|452
21|VIETNAM|35|21|32992.74|0.09|35|33734|33734|452
4|EGYPT|67|4|63923.4|0.02|67|33734|33734|452
12|JAPAN|43|12|25641.36|0.04|43|33734|33734|452
20|SAUDI ARABIA|74|20|30691.89|0.07|74|33734|33734|452
17|PERU|1|17|39543.12|0.06|1|30533|30533|221
9|INDONESIA|51|9|37740.0|0.02|51|30533|30533|221
14|KENYA|47|14|76730.64|0.02|47|30533|30533|221
0|ALGERIA|24|0|30399.84|0.04|24|30533|30533|221
14|KENYA|79|14|20305.34|0.08|79|10656|10656|298
9|INDONESIA|23|9|69869.26|0.05|23|10656|10656|298
5|ETHIOPIA|63|5|1156.25|0.0|63|10656|10656|298
1|ARGENTINA|71|1|7161.84|0.09|71|21701|21701|661
24|UNITED STATES|10|24|48857.41|0.0|10|21701|21701|661
23|UNITED KINGDOM|7|23|56935.2|0.09|7|31777|31777|584
7|GERMANY|77|7|4138.41|0.09|77|31777|31777|584
0|ALGERIA|37|0|30432.75|0.02|37|31777|31777|584
17|PERU|57|17|1462.56|0.01|57|31777|31777|584
14|KENYA|6|14|9999.64|0.0|6|34978|34978|188
24|UNITED STATES|55|24|43095.9|0.09|55|34978|34978|188
17|PERU|59|17|39271.26|0.01|59|34978|34978|188
14|KENYA|79|14|18868.32|0.0|79|34978|34978|188
5|ETHIOPIA|78|5|58430.88|0.01|78|34978|34978|188
8|INDIA|39|8|51040.39|0.01|39|34978|34978|188
8|INDIA|39|8|48365.68|0.06|39|34978|34978|188
14|KENYA|47|14|25828.25|0.0|47|22339|22339|122
3|CANADA|13|3|37043.16|0.03|13|22339|22339|122
8|INDIA|39|8|5628.18|0.0|39|548|548|991
5|ETHIOPIA|63|5|18942.0|0.03|63|548|548|991
0|ALGERIA|37|0|24932.88|0.1|37|20898|20898|232
0|ALGERIA|24|0|43310.4|0.09|24|20898|20898|232
24|UNITED STATES|19|24|20402.2|0.02|19|20898|20898|232
24|UNITED STATES|49|24|15981.16|0.05|49|20898|20898|232
1|ARGENTINA|3|1|7435.12|0.1|3|20898|20898|232
22|RUSSIA|25|22|36832.32|0.06|25|6692|6692|199
5|ETHIOPIA|78|5|44608.4|0.04|78|6692|6692|199
15|MOROCCO|4|15|54519.13|0.08|4|6692|6692|199
16|MOZAMBIQUE|18|16|31592.41|0.1|18|6692|6692|199
12|JAPAN|43|12|48294.87|0.07|43|6692|6692|199
8|INDIA|39|8|23450.75|0.0|39|6692|6692|199
7|GERMANY|53|7|40813.47|0.05|53|6692|6692|199
8|INDIA|15|8|14751.52|0.03|15|20612|20612|485
3|CANADA|13|3|44328.0|0.04|13|20612|20612|485
16|MOZAMBIQUE|18|16|55679.85|0.1|18|20612|20612|485
23|UNITED KINGDOM|7|23|34778.16|0.01|7|10566|10566|463
17|PERU|1|17|22199.94|0.1|1|10566|10566|463
7|GERMANY|33|7|10153.98|0.0|33|10566|10566|463
5|ETHIOPIA|78|5|62987.32|0.01|78|10566|10566|463
8|INDIA|39|8|1629.72|0.01|39|10566|10566|463
24|UNITED STATES|49|24|58651.32|0.06|49|10566|10566|463
14|KENYA|48|14|33594.72|0.05|48|13734|13734|100
9|INDONESIA|23|9|56818.31|0.1|23|13734|13734|100
1|ARGENTINA|29|1|42453.26|0.03|29|13734|13734|100
7|GERMANY|33|7|45975.6|0.09|33|32962|32962|166
16|MOZAMBIQUE|31|16|16727.7|0.0|31|32962|32962|166
18|CHINA|11|18|12589.68|0.02|11|6084|6084|496
24|UNITED STATES|19|24|26532.9|0.09|19|6084|6084|496
17|PERU|1|17|26290.08|0.04|1|47878|47878|397
9|INDONESIA|45|9|2048.24|0.04|45|47878|47878|397
16|MOZAMBIQUE|18|16|17000.34|0.03|18|47878|47878|397
18|CHINA|75|18|85740.5|0.02|75|47878|47878|397
0|ALGERIA|28|0|17082.72|0.04|28|24129|24129|386
0|ALGERIA|28|0|26137.62|0.01|28|47812|47812|991
14|KENYA|79|14|56844.9|0.07|79|23426|23426|397
3|CANADA|13|3|34404.72|0.04|13|23426|23426|397
9|INDONESIA|45|9|3469.66|0.09|45|23426|23426|397
9|INDONESIA|23|9|32459.75|0.05|23|23426|23426|397
12|JAPAN|54|12|6811.49|0.1|54|23426|23426|397
7|GERMANY|53|7|32291.0|0.02|53|23426|23426|397
24|UNITED STATES|55|24|6411.9|0.04|55|12899|12899|694
3|CANADA|13|3|20938.68|0.1|13|12899|12899|694
16|MOZAMBIQUE|30|16|10153.78|0.03|30|12899|12899|694
1|ARGENTINA|71|1|39882.24|0.1|71|21699|21699|199
17|PERU|59|17|61119.66|0.05|59|21699|21699|199
14|KENYA|79|14|21443.4|0.02|79|21699|21699|199
9|INDONESIA|23|9|49373.74|0.07|23|21699|21699|199
21|VIETNAM|80|21|13261.43|0.06|80|13669|13669|364
14|KENYA|48|14|72596.4|0.03|48|13669|13669|364
8|INDIA|15|8|19012.48|0.06|15|13669|13669|364
14|KENYA|48|14|14295.2|0.08|48|13669|13669|364
1|ARGENTINA|29|1|24732.84|0.07|29|13669|13669|364
3|CANADA|20|3|7841.47|0.04|20|13669|13669|364
1|ARGENTINA|3|1|47058.88|0.05|3|13669|13669|364
23|UNITED KINGDOM|66|23|64966.45|0.0|66|42148|42148|254
8|INDIA|12|8|43406.4|0.0|12|42148|42148|254
23|UNITED KINGDOM|32|23|44928.18|0.08|32|42148|42148|254
18|CHINA|41|18|27027.88|0.01|41|42148|42148|254
1|ARGENTINA|3|1|39867.25|0.02|3|42148|42148|254
24|UNITED STATES|55|24|47775.66|0.01|55|9792|9792|892
7|GERMANY|77|7|42244.5|0.03|77|9792|9792|892
14|KENYA|79|14|20149.6|0.07|79|9792|9792|892
24|UNITED STATES|49|24|33124.96|0.06|49|9792|9792|892
16|MOZAMBIQUE|30|16|7311.68|0.06|30|9792|9792|892
3|CANADA|13|3|27889.8|0.09|13|513|513|485
16|MOZAMBIQUE|31|16|82498.68|0.01|31|513|513|485
4|EGYPT|38|4|65981.96|0.08|38|41730|41730|650
17|PERU|8|17|51757.86|0.09|8|33348|33348|782
19|ROMANIA|62|19|12123.1|0.01|62|10407|10407|353
1|ARGENTINA|29|1|2132.32|0.04|29|10407|10407|353
24|UNITED STATES|49|24|10487.34|0.1|49|10407|10407|353
24|UNITED STATES|49|24|17688.6|0.06|49|10407|10407|353
19|ROMANIA|52|19|14968.08|0.06|52|10407|10407|353
5|ETHIOPIA|2|5|36978.8|0.0|2|10407|10407|353
22|RUSSIA|65|22|70950.15|0.09|65|10528|10528|133
17|PERU|1|17|45552.64|0.0|1|22727|22727|694
23|UNITED KINGDOM|32|23|25799.37|0.04|32|22727|22727|694
9|INDONESIA|51|9|47533.43|0.06|51|10308|10308|331
1|ARGENTINA|71|1|39901.68|0.04|71|10308|10308|331
0|ALGERIA|24|0|7599.96|0.04|24|10308|10308|331
24|UNITED STATES|19|24|32380.83|0.06|19|10308|10308|331
0|ALGERIA|28|0|60990.78|0.04|28|10308|10308|331
19|ROMANIA|17|19|55709.64|0.08|17|10308|10308|331
16|MOZAMBIQUE|73|16|17546.9|0.03|73|46916|46916|881
1|ARGENTINA|71|1|8268.96|0.03|71|46916|46916|881
6|FRANCE|70|6|48818.17|0.01|70|46916|46916|881
16|MOZAMBIQUE|56|16|9269.75|0.02|56|46916|46916|881
12|JAPAN|54|12|1743.84|0.09|54|46916|46916|881
20|SAUDI ARABIA|74|20|36263.36|0.06|74|46916|46916|881
17|PERU|57|17|59583.2|0.02|57|9126|9126|298
8|INDIA|39|8|38316.88|0.05|39|9126|9126|298
1|ARGENTINA|71|1|32982.38|0.01|71|5221|5221|100
10|IRAN|9|10|41491.68|0.07|9|5221|5221|100
23|UNITED KINGDOM|32|23|21366.88|0.04|32|5221|5221|100
5|ETHIOPIA|63|5|33341.88|0.01|63|40899|40899|287
10|IRAN|9|10|40469.21|0.07|9|9863|9863|199
0|ALGERIA|37|0|46706.04|0.04|37|9863|9863|199
22|RUSSIA|25|22|47192.7|0.06|25|9863|9863|199
17|PERU|57|17|37840.5|0.07|57|9863|9863|199
8|INDIA|39|8|22830.48|0.01|39|9863|9863|199
18|CHINA|41|18|74425.69|0.03|41|9863|9863|199
20|SAUDI ARABIA|74|20|76112.64|0.06|74|9863|9863|199
14|KENYA|6|14|11532.42|0.01|6|41318|41318|133
16|MOZAMBIQUE|73|16|49415.2|0.02|73|41318|41318|133
16|MOZAMBIQUE|73|16|33050.96|0.09|73|41318|41318|133
9|INDONESIA|51|9|2462.66|0.03|51|41318|41318|133
0|ALGERIA|37|0|51050.72|0.03|37|41318|41318|133
12|JAPAN|54|12|39141.5|0.0|54|41318|41318|133
24|UNITED STATES|49|24|33191.64|0.07|49|41318|41318|133
24|UNITED STATES|55|24|26633.22|0.01|55|6663|6663|463
15|MOROCCO|14|15|18440.4|0.09|14|6663|6663|463
19|ROMANIA|17|19|56304.5|0.07|17|6663|6663|463
0|ALGERIA|28|0|15097.17|0.07|28|6663|6663|463
16|MOZAMBIQUE|73|16|45360.32|0.03|73|10914|10914|551
4|EGYPT|22|4|32434.8|0.04|22|10914|10914|551
8|INDIA|12|8|17178.46|0.05|12|10914|10914|551
9|INDONESIA|23|9|25323.6|0.05|23|10914|10914|551
22|RUSSIA|65|22|21474.18|0.09|65|10914|10914|551
19|ROMANIA|17|19|38401.16|0.07|17|10914|10914|551
23|UNITED KINGDOM|7|23|17362.88|0.07|7|6564|6564|452
9|INDONESIA|51|9|44742.95|0.09|51|6564|6564|452
17|PERU|59|17|13334.22|0.01|59|6564|6564|452
3|CANADA|13|3|16607.92|0.1|13|6564|6564|452
18|CHINA|75|18|41728.88|0.06|75|6564|6564|452
13|JORDAN|36|13|26835.38|0.03|36|4262|4262|694
14|KENYA|47|14|8333.8|0.02|47|4262|4262|694
24|UNITED STATES|46|24|45168.0|0.01|46|4262|4262|694
24|UNITED STATES|46|24|5951.4|0.08|46|4262|4262|694
4|EGYPT|67|4|48268.07|0.03|67|4262|4262|694
1|ARGENTINA|29|1|66941.1|0.02|29|4262|4262|694
19|ROMANIA|52|19|47426.12|0.06|52|4262|4262|694
14|KENYA|6|14|17266.26|0.05|6|10944|10944|254
4|EGYPT|22|4|61811.6|0.07|22|10944|10944|254
24|UNITED STATES|19|24|10730.61|0.05|19|10944|10944|254
18|CHINA|27|18|30804.0|0.01|27|10944|10944|254
14|KENYA|47|14|5931.4|0.04|47|11648|11648|760
16|MOZAMBIQUE|18|16|39905.32|0.1|18|11648|11648|760
4|EGYPT|38|4|2140.32|0.05|38|11648|11648|760
3|CANADA|20|3|46811.31|0.01|20|11648|11648|760
18|CHINA|75|18|30128.4|0.07|75|11648|11648|760
18|CHINA|41|18|68700.2|0.02|41|11648|11648|760
1|ARGENTINA|3|1|29863.9|0.03|3|11648|11648|760
21|VIETNAM|80|21|31833.8|0.06|80|10339|10339|122
11|IRAQ|5|11|31839.63|0.0|5|10339|10339|122
24|UNITED STATES|46|24|47187.84|0.07|46|10339|10339|122
21|VIETNAM|80|21|68027.82|0.09|80|24705|24705|430
4|EGYPT|22|4|15052.2|0.06|22|24705|24705|430
4|EGYPT|38|4|41553.0|0.03|38|24705|24705|430
18|CHINA|11|18|32523.34|0.0|11|418|418|760
5|ETHIOPIA|63|5|3537.81|0.04|63|418|418|760
16|MOZAMBIQUE|30|16|909.0|0.04|30|418|418|760
15|MOROCCO|14|15|56907.06|0.0|14|40964|40964|595
22|RUSSIA|16|22|29281.75|0.04|16|40964|40964|595
9|INDONESIA|51|9|57554.86|0.05|51|35937|35937|386
19|ROMANIA|62|19|72989.76|0.09|62|35937|35937|386
4|EGYPT|22|4|55709.64|0.09|22|35937|35937|386
4|EGYPT|69|4|23705.6|0.1|69|35937|35937|386
3|CANADA|13|3|2634.82|0.06|13|35937|35937|386
24|UNITED STATES|19|24|48543.84|0.01|19|35937|35937|386
18|CHINA|41|18|27929.13|0.07|41|35937|35937|386
24|UNITED STATES|19|24|8433.0|0.09|19|836|836|551
17|PERU|1|17|36778.94|0.08|1|34727|34727|221
4|EGYPT|38|4|26347.72|0.1|38|34727|34727|221
18|CHINA|27|18|37508.31|0.0|27|34727|34727|221
17|PERU|59|17|30140.5|0.01|59|1317|1317|793
9|INDONESIA|23|9|8247.89|0.05|23|1317|1317|793
24|UNITED STATES|19|24|39498.84|0.02|19|1317|1317|793
23|UNITED KINGDOM|32|23|33050.38|0.08|32|1317|1317|793
7|GERMANY|53|7|60999.4|0.05|53|1317|1317|793
8|INDIA|61|8|43804.92|0.05|61|26370|26370|287
16|MOZAMBIQUE|56|16|27669.6|0.06|56|26370|26370|287
12|JAPAN|54|12|40138.84|0.03|54|26370|26370|287
24|UNITED STATES|10|24|22343.84|0.02|10|26370|26370|287
16|MOZAMBIQUE|31|16|19914.66|0.08|31|26370|26370|287
5|ETHIOPIA|78|5|30692.76|0.05|78|19110|19110|980
8|INDIA|12|8|39905.7|0.07|12|19110|19110|980
7|GERMANY|77|7|24580.95|0.07|77|12192|12192|221
8|INDIA|39|8|57980.72|0.1|39|39010|39010|452
22|RUSSIA|16|22|25672.83|0.02|16|39010|39010|452
24|UNITED STATES|64|24|22052.94|0.08|64|39010|39010|452
5|ETHIOPIA|63|5|47102.0|0.01|63|39010|39010|452
8|INDIA|61|8|38640.84|0.01|61|7907|7907|452
22|RUSSIA|25|22|45801.4|0.03|25|7907|7907|452
22|RUSSIA|25|22|45200.0|0.09|25|7907|7907|452
21|VIETNAM|68|21|51742.32|0.1|68|26052|26052|221
10|IRAN|34|10|34687.0|0.05|34|26052|26052|221
24|UNITED STATES|19|24|84489.0|0.0|19|26052|26052|221
18|CHINA|11|18|38598.42|0.08|11|1538|1538|232
8|INDIA|15|8|38759.31|0.05|15|1538|1538|232
9|INDONESIA|45|9|54873.92|0.05|45|1538|1538|232
12|JAPAN|54|12|17165.33|0.01|54|1538|1538|232
22|RUSSIA|16|22|33841.08|0.08|16|1538|1538|232
18|CHINA|41|18|48463.24|0.1|41|1538|1538|232
23|UNITED KINGDOM|32|23|17430.6|0.01|32|40868|40868|320
18|CHINA|41|18|20285.93|0.01|41|40868|40868|320
0|ALGERIA|28|0|30272.2|0.0|28|11718|11718|551
22|RUSSIA|40|22|6937.5|0.07|40|42849|42849|881
22|RUSSIA|25|22|47666.53|0.1|25|42849|42849|881
3|CANADA|20|3|49289.24|0.05|20|42849|42849|881
5|ETHIOPIA|63|5|22746.78|0.02|63|42849|42849|881
5|ETHIOPIA|2|5|14836.12|0.09|2|42849|42849|881
14|KENYA|6|14|1385.48|0.07|6|21927|21927|353
7|GERMANY|44|7|23161.44|0.06|44|21927|21927|353
8|INDIA|61|8|57811.25|0.08|61|21927|21927|353
6|FRANCE|70|6|66863.3|0.04|70|21927|21927|353
24|UNITED STATES|19|24|60158.35|0.08|19|21927|21927|353
16|MOZAMBIQUE|18|16|42166.35|0.07|18|21927|21927|353
4|EGYPT|22|4|1692.79|0.01|22|14470|14470|760
16|MOZAMBIQUE|58|16|33555.4|0.0|58|14470|14470|760
16|MOZAMBIQUE|18|16|37728.32|0.1|18|14470|14470|760
22|RUSSIA|65|22|47627.3|0.04|65|14470|14470|760
13|JORDAN|36|13|38027.73|0.1|36|18342|18342|760
24|UNITED STATES|49|24|9775.62|0.06|49|18342|18342|760
10|IRAN|9|10|25503.5|0.08|9|37284|37284|188
12|JAPAN|43|12|18548.0|0.04|43|37284|37284|188
24|UNITED STATES|46|24|52107.0|0.07|46|38692|38692|793
18|CHINA|27|18|48919.65|0.05|27|17220|17220|353
23|UNITED KINGDOM|66|23|2891.08|0.02|66|17891|17891|595
14|KENYA|47|14|30811.0|0.0|47|17891|17891|595
15|MOROCCO|4|15|23830.99|0.07|4|17891|17891|595
18|CHINA|41|18|52633.24|0.06|41|17891|17891|595
11|IRAQ|5|11|7335.72|0.1|5|18023|18023|265
1|ARGENTINA|71|1|39103.26|0.09|71|18023|18023|265
4|EGYPT|38|4|7219.6|0.04|38|18023|18023|265
22|RUSSIA|42|22|2616.8|0.01|42|18023|18023|265
7|GERMANY|44|7|5586.05|0.07|44|37186|37186|353
7|GERMANY|44|7|48100.8|0.01|44|37186|37186|353
15|MOROCCO|14|15|38364.82|0.07|14|37186|37186|353
0|ALGERIA|28|0|22542.3|0.06|28|37186|37186|353
21|VIETNAM|80|21|33107.28|0.01|80|2849|2849|364
4|EGYPT|69|4|43516.5|0.06|69|2849|2849|364
0|ALGERIA|24|0|33576.3|0.1|24|2849|2849|364
4|EGYPT|67|4|18115.68|0.09|67|2849|2849|364
19|ROMANIA|52|19|54463.11|0.1|52|2849|2849|364
16|MOZAMBIQUE|30|16|64052.64|0.05|30|2849|2849|364
19|ROMANIA|62|19|55299.83|0.05|62|39046|39046|287
0|ALGERIA|37|0|52104.9|0.1|37|39046|39046|287
22|RUSSIA|25|22|41168.1|0.1|25|39046|39046|287
21|VIETNAM|35|21|45809.6|0.1|35|24130|24130|287
4|EGYPT|67|4|19761.6|0.03|67|24130|24130|287
0|ALGERIA|28|0|30888.99|0.03|28|24130|24130|287
1|ARGENTINA|3|1|40904.79|0.02|3|24130|24130|287
22|RUSSIA|25|22|19145.55|0.09|25|21281|21281|892
4|EGYPT|67|4|15108.17|0.1|67|21281|21281|892
16|MOZAMBIQUE|18|16|54283.5|0.01|18|21281|21281|892
18|CHINA|41|18|17308.3|0.01|41|21281|21281|892
4|EGYPT|69|4|43546.4|0.1|69|35680|35680|364
16|MOZAMBIQUE|30|16|12749.52|0.04|30|35680|35680|364
14|KENYA|6|14|1315.41|0.03|6|28035|28035|133
17|PERU|1|17|18500.0|0.1|1|28035|28035|133
16|MOZAMBIQUE|73|16|57554.86|0.08|73|28035|28035|133
14|KENYA|47|14|40353.21|0.01|47|28035|28035|133
19|ROMANIA|52|19|42864.47|0.1|52|28035|28035|133
18|CHINA|11|18|62662.05|0.04|11|11271|11271|595
4|EGYPT|22|4|25027.5|0.09|22|11271|11271|595
7|GERMANY|77|7|28845.43|0.08|77|11271|11271|595
8|INDIA|60|8|2774.96|0.0|60|11271|11271|595
3|CANADA|13|3|27055.98|0.04|13|11271|11271|595
0|ALGERIA|24|0|63001.83|0.09|24|11271|11271|595
8|INDIA|12|8|25074.14|0.0|12|11271|11271|595
23|UNITED KINGDOM|32|23|44288.0|0.04|32|10083|10083|452
22|RUSSIA|40|22|88547.06|0.09|40|46372|46372|485
18|CHINA|11|18|22118.55|0.05|11|46372|46372|485
16|MOZAMBIQUE|58|16|8449.2|0.05|58|46372|46372|485
1|ARGENTINA|29|1|19986.45|0.01|29|46372|46372|485
3|CANADA|20|3|45503.76|0.1|20|46372|46372|485
1|ARGENTINA|3|1|1436.53|0.02|3|46372|46372|485
21|VIETNAM|26|21|5856.35|0.02|26|28773|28773|562
0|ALGERIA|37|0|62674.65|0.07|37|28773|28773|562
22|RUSSIA|16|22|60031.04|0.03|16|28773|28773|562
18|CHINA|27|18|29335.68|0.03|27|28773|28773|562
24|UNITED STATES|64|24|35437.75|0.08|64|28773|28773|562
5|ETHIOPIA|63|5|1624.72|0.0|63|28773|28773|562
5|ETHIOPIA|2|5|1268.36|0.04|2|46087|46087|298
14|KENYA|79|14|54040.35|0.06|79|16673|16673|166
21|VIETNAM|35|21|93148.0|0.1|35|38343|38343|331
7|GERMANY|44|7|43685.88|0.08|44|2818|2818|386
6|FRANCE|70|6|32836.98|0.06|70|2818|2818|386
15|MOROCCO|14|15|11387.04|0.06|14|2818|2818|386
21|VIETNAM|68|21|38985.92|0.08|68|2818|2818|386
21|VIETNAM|35|21|13797.85|0.01|35|2818|2818|386
2|BRAZIL|21|2|22379.52|0.1|21|2818|2818|386
3|CANADA|20|3|28771.5|0.05|20|33030|33030|397
11|IRAQ|5|11|20241.6|0.02|5|10183|10183|199
21|VIETNAM|26|21|43904.19|0.02|26|10183|10183|199
8|INDIA|15|8|3625.82|0.03|15|10183|10183|199
24|UNITED STATES|46|24|34445.29|0.05|46|10183|10183|199
0|ALGERIA|28|0|42973.74|0.08|28|40070|40070|1
0|ALGERIA|37|0|7484.12|0.02|37|47363|47363|760
8|INDIA|39|8|48231.48|0.05|39|47363|47363|760
5|ETHIOPIA|2|5|13145.79|0.03|2|47363|47363|760
19|ROMANIA|62|19|12676.37|0.04|62|34471|34471|122
24|UNITED STATES|55|24|1774.87|0.08|55|34471|34471|122
10|IRAN|9|10|14406.3|0.07|9|34471|34471|122
14|KENYA|48|14|25338.88|0.06|48|28741|28741|221
9|INDONESIA|45|9|12773.86|0.1|45|28741|28741|221
15|MOROCCO|4|15|5000.5|0.09|4|28741|28741|221
23|UNITED KINGDOM|32|23|54403.13|0.1|32|28741|28741|221
19|ROMANIA|17|19|33175.0|0.03|17|28741|28741|221
18|CHINA|27|18|48645.22|0.08|27|28741|28741|221
17|PERU|8|17|55331.22|0.05|8|37222|37222|397
16|MOZAMBIQUE|18|16|38841.94|0.1|18|37222|37222|397
8|INDIA|39|8|52001.48|0.05|39|37222|37222|397
5|ETHIOPIA|2|5|16380.0|0.06|2|37222|37222|397
13|JORDAN|36|13|37156.68|0.1|36|17345|17345|683
14|KENYA|79|14|91396.0|0.03|79|17345|17345|683
16|MOZAMBIQUE|56|16|40845.01|0.09|56|17345|17345|683
14|KENYA|76|14|19963.19|0.0|76|17345|17345|683
4|EGYPT|38|4|5951.4|0.06|38|17345|17345|683
16|MOZAMBIQUE|30|16|4940.4|0.09|30|17345|17345|683
24|UNITED STATES|64|24|74086.32|0.02|64|15168|15168|452
17|PERU|59|17|35210.52|0.05|59|38246|38246|397
14|KENYA|47|14|8030.68|0.05|47|38246|38246|397
22|RUSSIA|25|22|10604.66|0.06|25|38246|38246|397
0|ALGERIA|28|0|6328.0|0.0|28|38246|38246|397
23|UNITED KINGDOM|66|23|55218.45|0.01|66|18754|18754|782
21|VIETNAM|35|21|42276.33|0.06|35|18754|18754|782
24|UNITED STATES|49|24|74779.2|0.01|49|18534|18534|980
21|VIETNAM|35|21|43120.5|0.09|35|27620|27620|760
1|ARGENTINA|71|1|78924.79|0.0|71|29666|29666|892
14|KENYA|47|14|59392.56|0.0|47|29666|29666|892
16|MOZAMBIQUE|56|16|47284.92|0.09|56|29666|29666|892
19|ROMANIA|17|19|54738.75|0.04|17|29666|29666|892
11|IRAQ|5|11|12854.04|0.08|5|42371|42371|892
10|IRAN|9|10|8633.31|0.05|9|385|385|265
14|KENYA|76|14|60969.32|0.08|76|385|385|265
11|IRAQ|5|11|17827.92|0.05|5|40260|40260|199
9|INDONESIA|51|9|7478.04|0.01|51|40260|40260|199
4|EGYPT|22|4|38260.88|0.07|22|40260|40260|199
6|FRANCE|70|6|42036.66|0.03|70|40260|40260|199
22|RUSSIA|25|22|28339.08|0.01|25|40260|40260|199
21|VIETNAM|68|21|22748.84|0.09|68|40260|40260|199
11|IRAQ|5|11|4633.92|0.06|5|42372|42372|463
8|INDIA|61|8|70394.88|0.07|61|42372|42372|463
10|IRAN|34|10|7462.95|0.03|34|42372|42372|463
5|ETHIOPIA|78|5|43570.17|0.08|78|42372|42372|463
22|RUSSIA|65|22|32180.83|0.0|65|42372|42372|463
19|ROMANIA|62|19|51126.08|0.02|62|45155|45155|595
7|GERMANY|44|7|14331.48|0.06|44|45155|45155|595
6|FRANCE|70|6|36147.44|0.07|70|45155|45155|595
18|CHINA|75|18|36405.15|0.0|75|45155|45155|595
1|ARGENTINA|3|1|35410.85|0.03|3|45155|45155|595
7|GERMANY|33|7|40207.92|0.03|33|18624|18624|760
9|INDONESIA|45|9|31596.6|0.04|45|18624|18624|760
4|EGYPT|67|4|23984.84|0.04|67|18624|18624|760
16|MOZAMBIQUE|18|16|57781.62|0.05|18|18624|18624|760
24|UNITED STATES|10|24|56761.2|0.04|10|18624|18624|760
9|INDONESIA|51|9|65913.48|0.04|51|39205|39205|100
4|EGYPT|22|4|66429.65|0.08|22|20263|20263|199
18|CHINA|72|18|49654.5|0.07|72|20263|20263|199
5|ETHIOPIA|78|5|17946.11|0.06|78|20263|20263|199
16|MOZAMBIQUE|30|16|41499.36|0.02|30|20263|20263|199
1|ARGENTINA|3|1|12353.3|0.02|3|20263|20263|199
18|CHINA|72|18|74138.66|0.04|72|23200|23200|265
16|MOZAMBIQUE|58|16|2074.26|0.05|58|23200|23200|265
8|INDIA|39|8|24954.79|0.01|39|23200|23200|265
8|INDIA|61|8|30084.12|0.07|61|24641|24641|188
8|INDIA|12|8|6498.88|0.0|12|24641|24641|188
5|ETHIOPIA|2|5|48299.8|0.07|2|24641|24641|188
1|ARGENTINA|3|1|36551.68|0.02|3|24641|24641|188
7|GERMANY|44|7|66905.44|0.1|44|24960|24960|298
4|EGYPT|22|4|17766.96|0.05|22|24960|24960|298
18|CHINA|72|18|5910.28|0.04|72|24960|24960|298
0|ALGERIA|37|0|41969.25|0.04|37|24960|24960|298
21|VIETNAM|26|21|69024.0|0.07|26|24960|24960|298
4|EGYPT|69|4|57767.92|0.0|69|24960|24960|298
12|JAPAN|54|12|16683.94|0.06|54|24960|24960|298
17|PERU|8|17|33146.4|0.02|8|37632|37632|661
18|CHINA|11|18|50453.4|0.03|11|37632|37632|661
21|VIETNAM|35|21|32165.1|0.0|35|37632|37632|661
23|UNITED KINGDOM|32|23|28079.75|0.1|32|37632|37632|661
24|UNITED STATES|64|24|42092.4|0.01|64|37632|37632|661
0|ALGERIA|28|0|65657.16|0.06|28|15489|15489|232
7|GERMANY|44|7|5801.3|0.1|44|36675|36675|364
17|PERU|59|17|68152.68|0.1|59|36675|36675|364
24|UNITED STATES|46|24|26909.28|0.01|46|36675|36675|364
2|BRAZIL|21|2|37600.5|0.07|21|36675|36675|364
16|MOZAMBIQUE|73|16|36998.12|0.08|73|18789|18789|595
4|EGYPT|69|4|46417.6|0.04|69|18789|18789|595
24|UNITED STATES|46|24|45040.64|0.02|46|18789|18789|595
14|KENYA|76|14|6547.14|0.0|76|18789|18789|595
18|CHINA|27|18|19477.28|0.07|27|18789|18789|595
16|MOZAMBIQUE|30|16|67800.48|0.03|30|18789|18789|595
11|IRAQ|5|11|10164.22|0.0|5|34981|34981|892
7|GERMANY|33|7|62934.62|0.08|33|34981|34981|892
8|INDIA|60|8|39946.88|0.1|60|34981|34981|892
14|KENYA|48|14|29535.04|0.06|48|34981|34981|892
17|PERU|57|17|2456.64|0.05|57|34981|34981|892
21|VIETNAM|68|21|83682.2|0.0|68|34981|34981|892
16|MOZAMBIQUE|18|16|31237.93|0.06|18|34981|34981|892
17|PERU|1|17|49659.04|0.06|1|37665|37665|881
18|CHINA|27|18|26908.35|0.06|27|37665|37665|881
23|UNITED KINGDOM|66|23|49408.92|0.04|66|26215|26215|496
10|IRAN|9|10|17632.38|0.07|9|26215|26215|496
21|VIETNAM|68|21|42646.4|0.1|68|26215|26215|496
0|ALGERIA|28|0|65409.52|0.02|28|26215|26215|496
16|MOZAMBIQUE|31|16|10101.1|0.07|31|26215|26215|496
7|GERMANY|33|7|59231.21|0.03|33|46565|46565|364
13|JORDAN|36|13|37156.68|0.03|36|46565|46565|364
22|RUSSIA|25|22|60796.68|0.04|25|46565|46565|364
16|MOZAMBIQUE|56|16|46791.74|0.08|56|46565|46565|364
9|INDONESIA|23|9|46333.78|0.03|23|46565|46565|364
23|UNITED KINGDOM|32|23|59904.24|0.08|32|46565|46565|364
19|ROMANIA|52|19|9399.85|0.09|52|46565|46565|364
17|PERU|8|17|30163.77|0.01|8|20385|20385|892
18|CHINA|72|18|39006.16|0.03|72|20385|20385|892
16|MOZAMBIQUE|31|16|32935.56|0.01|31|20385|20385|892
16|MOZAMBIQUE|30|16|52020.32|0.08|30|20385|20385|892
20|SAUDI ARABIA|74|20|66742.2|0.02|74|20385|20385|892
1|ARGENTINA|3|1|50225.65|0.07|3|20385|20385|892
23|UNITED KINGDOM|7|23|27129.5|0.02|7|20231|20231|463
7|GERMANY|44|7|31327.02|0.0|44|20231|20231|463
7|GERMANY|77|7|41484.48|0.06|77|20231|20231|463
18|CHINA|41|18|33969.06|0.1|41|20231|20231|463
14|KENYA|48|14|3655.84|0.04|48|21760|21760|364
0|ALGERIA|37|0|50832.6|0.05|37|21760|21760|364
21|VIETNAM|26|21|45225.18|0.01|26|30560|30560|661
21|VIETNAM|35|21|56023.16|0.0|35|30560|30560|661
14|KENYA|79|14|63450.88|0.0|79|30560|30560|661
2|BRAZIL|21|2|12396.09|0.05|21|30560|30560|661
0|ALGERIA|28|0|23783.06|0.01|28|30560|30560|661
14|KENYA|48|14|34308.48|0.0|48|27425|27425|463
4|EGYPT|69|4|20307.96|0.07|69|45861|45861|980
8|INDIA|12|8|12829.6|0.07|12|45861|45861|980
16|MOZAMBIQUE|31|16|49420.7|0.06|31|45861|45861|980
5|ETHIOPIA|63|5|17233.0|0.07|63|45861|45861|980
23|UNITED KINGDOM|7|23|62947.68|0.07|7|47236|47236|463
16|MOZAMBIQUE|73|16|32543.39|0.08|73|47236|47236|463
21|VIETNAM|68|21|66983.52|0.08|68|47236|47236|463
7|GERMANY|53|7|34790.03|0.0|53|47236|47236|463
16|MOZAMBIQUE|31|16|46999.04|0.06|31|47236|47236|463
20|SAUDI ARABIA|74|20|69270.96|0.07|74|47236|47236|463
19|ROMANIA|62|19|17499.38|0.09|62|40581|40581|793
22|RUSSIA|25|22|40120.29|0.07|25|40581|40581|793
19|ROMANIA|52|19|3375.66|0.01|52|40581|40581|793
14|KENYA|47|14|24602.0|0.02|47|37248|37248|430
16|MOZAMBIQUE|30|16|45247.5|0.09|30|37248|37248|430
10|IRAN|9|10|24778.24|0.06|9|44134|44134|661
9|INDONESIA|45|9|67347.72|0.0|45|44134|44134|661
23|UNITED KINGDOM|32|23|21968.4|0.04|32|44134|44134|661
18|CHINA|75|18|72827.5|0.03|75|44134|44134|661
24|UNITED STATES|55|24|48212.0|0.08|55|45443|45443|353
16|MOZAMBIQUE|58|16|51403.44|0.08|58|45443|45443|353
11|IRAQ|5|11|41250.1|0.0|5|11651|11651|551
18|CHINA|41|18|9210.0|0.08|41|11651|11651|551
5|ETHIOPIA|78|5|26122.71|0.08|78|24642|24642|397
24|UNITED STATES|19|24|42015.0|0.04|19|24642|24642|397
16|MOZAMBIQUE|31|16|55282.89|0.03|31|24642|24642|397
7|GERMANY|33|7|20626.27|0.07|33|30692|30692|694
1|ARGENTINA|71|1|63696.85|0.1|71|30692|30692|694
17|PERU|59|17|2318.5|0.01|59|30692|30692|694
1|ARGENTINA|3|1|47665.3|0.1|3|30692|30692|694
