23867.2|0.04|41637
13469.31|0.08|2791
58273.56|0.02|44706
52050.6|0.01|21958
50768.9|0.04|6278
18440.4|0.09|6663
37767.61|0.08|6179
30629.55|0.1|20704
3507.78|0.05|41505
4072.35|0.08|34817
47331.84|0.1|41637
37921.6|0.08|2054
7412.9|0.02|3011
72617.54|0.05|30208
18289.6|0.1|41637
41075.24|0.04|2274
56687.18|0.05|8258
44984.02|0.08|4485
1276.37|0.05|46917
33423.27|0.03|21639
16167.85|0.02|4166
32196.58|0.1|7015
48470.46|0.03|22948
42595.41|0.04|21639
59942.39|0.04|7840
27581.76|0.04|2791
18872.04|0.06|46917
17178.46|0.05|10914
51490.8|0.05|42528
36309.37|0.02|24708
3612.0|0.08|9347
49544.43|0.01|7488
79894.18|0.05|9347
15292.44|0.06|10309
20910.26|0.01|24609
59382.18|0.05|32903
28230.5|0.03|43936
1830.02|0.1|5893
29385.98|0.06|2791
30235.86|0.08|24609
39978.88|0.03|1350
24242.4|0.09|20704
45725.4|0.08|7686
64151.71|0.08|2593
68084.52|0.03|7686
9474.15|0.08|12608
8673.44|0.04|31847
16998.12|0.05|1185
46810.83|0.07|44706
53979.38|0.09|21925
64561.0|0.02|46917
22463.32|0.06|1383
51305.35|0.05|6850
28240.68|0.09|4166
16022.05|0.08|45927
8689.38|0.07|23619
16176.16|0.03|41219
44228.88|0.08|4485
87410.12|0.01|44706
48688.5|0.06|5794
24197.25|0.0|41703
47437.6|0.07|36709
4093.38|0.1|32705
34670.16|0.08|31847
12991.65|0.05|30307
71663.68|0.05|5376
58456.35|0.07|7015
25137.81|0.0|2560
20982.8|0.04|6498
33966.4|0.0|22948
51604.35|0.05|3330
45360.32|0.03|10914
4555.83|0.09|43815
61659.15|0.08|8225
87892.5|0.04|32837
46986.3|0.03|30208
22679.76|0.0|31715
20218.22|0.04|42209
66599.04|0.1|30912
36898.73|0.03|7521
33380.48|0.05|40647
10294.86|0.04|4166
35823.24|0.07|7169
36147.44|0.0|40801
66378.4|0.07|30725
44312.97|0.08|46917
3932.32|0.0|2054
15768.83|0.0|2593
3625.82|0.0|41703
18899.8|0.06|42308
84074.69|0.05|34949
49372.2|0.01|26919
43516.17|0.1|31715
42242.2|0.08|2791
29167.44|0.04|27909
5569.96|0.1|12608
20986.08|0.05|40647
39072.17|0.05|9952
50747.2|0.04|23718
18227.68|0.05|7653
18659.52|0.02|20704
14325.75|0.09|5794
33893.64|0.05|30725
1436.53|0.02|8324
47017.52|0.04|4485
61169.76|0.0|33959
44591.68|0.03|8225
62934.62|0.05|4870
41925.95|0.01|3110
62634.88|0.01|1031
6194.56|0.09|30912
65619.92|0.05|3143
4024.32|0.04|42308
47208.92|0.06|22629
64788.4|0.05|42726
62478.36|0.0|8610
11190.83|0.03|1031
10487.34|0.09|31616
26957.04|0.07|9248
27270.0|0.05|8005
50166.72|0.1|32903
31234.2|0.04|20803
44408.4|0.09|9347
28410.2|0.07|10727
45462.14|0.08|27909
4965.45|0.06|4771
27997.83|0.01|8005
31624.06|0.01|30626
42235.33|0.02|5189
29131.0|0.1|10309
7504.24|0.05|6278
2784.06|0.09|6278
15016.5|0.0|40416
53371.0|0.01|43936
13902.64|0.02|2791
48855.54|0.01|21958
11604.42|0.01|4771
5711.2|0.05|4870
29138.97|0.03|32804
57871.91|0.01|7653
26565.22|0.01|4067
16553.81|0.01|27909
39179.36|0.05|32903
7682.28|0.06|27909
33901.06|0.01|20517
29552.4|0.01|96
30407.94|0.0|6531
34547.8|0.04|12707
55873.77|0.01|4485
25478.74|0.09|5794
10244.92|0.07|4034
26245.0|0.04|44706
3150.45|0.01|43936
11604.72|0.07|9314
47452.0|0.0|21606
80690.26|0.05|5189
60836.33|0.01|8005
16776.54|0.03|2274
1352.45|0.06|6531
50083.65|0.09|45927
1427.52|0.03|4485
26599.86|0.0|21639
2949.24|0.08|2373
11572.32|0.05|45927
3078.36|0.07|33959
40653.71|0.05|31616
47858.88|0.06|3396
85018.3|0.08|36709
8133.6|0.1|2373
58077.12|0.0|7301
24182.84|0.02|2373
58922.28|0.07|22849
41756.01|0.05|5893
9520.08|0.02|40933
23325.75|0.0|2241
40148.24|0.02|2241
13951.21|0.1|7840
62138.34|0.1|40647
36647.68|0.09|41505
64748.4|0.07|4067
1468.56|0.1|42528
38134.11|0.1|40647
73437.2|0.02|7136
12703.59|0.07|14819
63186.8|0.05|7873
57966.04|0.0|22629
21485.52|0.09|4771
49948.38|0.1|5574
51735.48|0.07|10727
10921.9|0.03|32903
39312.5|0.05|21639
20066.85|0.1|30406
7748.34|0.0|41824
21798.01|0.02|12707
39729.8|0.1|10727
45955.98|0.0|41505
27551.34|0.07|6531
42813.87|0.0|45509
35142.08|0.02|42528
56199.5|0.05|30945
6882.35|0.06|8610
75048.96|0.04|30626
38201.76|0.05|32903
29996.12|0.03|22816
25695.36|0.1|6531
59688.9|0.06|9028
24302.25|0.05|45509
11300.08|0.09|6278
23068.36|0.09|5574
51346.35|0.07|2560
21114.23|0.08|43936
43610.19|0.04|30406
6156.72|0.05|32804
7022.5|0.03|21606
9018.9|0.01|3396
3666.96|0.01|7686
21272.95|0.09|12707
17768.7|0.01|34817
18665.1|0.1|9952
23292.64|0.0|4067
39597.58|0.07|30912
25894.35|0.06|45927
22447.14|0.08|9985
48594.81|0.03|41637
56592.48|0.04|6179
7712.28|0.02|33827
48674.9|0.05|41989
19009.57|0.02|10727
34651.8|0.09|30307
47098.7|0.1|21958
27244.8|0.04|42528
28917.02|0.09|32804
82887.36|0.06|30725
18758.52|0.0|36709
17803.44|0.04|2274
11397.24|0.08|7873
13271.13|0.03|30912
28021.13|0.03|21606
58813.45|0.04|10309
38200.56|0.08|9600
2739.03|0.01|9600
25254.6|0.02|8610
33604.48|0.05|8258
38401.16|0.07|10914
12854.04|0.08|7488
37986.9|0.07|4452
37022.99|0.04|34916
11045.88|0.02|45927
42444.75|0.04|1152
19336.35|0.02|20803
49588.92|0.07|7169
60750.22|0.06|7653
63612.15|0.05|23619
42582.0|0.04|7873
62542.13|0.06|20704
9568.14|0.04|23718
40894.46|0.06|21925
57084.48|0.06|4166
19798.79|0.03|2054
23767.38|0.03|33409
71223.95|0.04|8005
49186.82|0.0|30626
44392.76|0.06|40647
15823.08|0.02|8324
37732.23|0.07|1031
28828.61|0.03|26919
56802.9|0.09|26919
40993.8|0.01|32903
35130.13|0.06|42528
20380.14|0.0|40933
9244.08|0.05|20517
33035.2|0.01|36929
52077.5|0.03|26919
46781.32|0.09|6850
33262.92|0.05|41824
59494.56|0.01|41637
986.08|0.03|36709
22571.76|0.02|22849
16607.92|0.1|6564
9546.32|0.02|9248
75138.43|0.1|31847
6991.56|0.08|22849
18107.46|0.1|2054
24380.1|0.09|8610
21474.18|0.09|10914
1954.14|0.07|8005
