6915
29570
15270
29031
27392
14082
37281
26182
4737
17250
46180
29284
17030
17063
25093
5408
1635
3109
18240
1921
27040
39492
2405
7938
16161
25060
4704
4935
27491
15490
2944
24290
4803
2625
36192
19010
19142
18273
5606
25280
1954
13191
6816
29152
39393
1888
37061
1569
5639
19681
15171
38084
4418
47170
8928
8807
19461
33090
1217
7718
28481
2339
4902
28162
27271
19076
5925
38150
19043
1668
16480
4869
18691
34080
7619
18471
7905
46081
1536
19175
17382
19395
5958
29383
3714
38051
4517
27073
3648
3527
39140
2977
1415
6948
27590
27172
3428
16194
2658
28261
14181
5507
17283
28195
1602
39360
