8120.7|0.07|13607
37251.76|0.06|13409
45191.79|0.08|5121
72568.44|0.05|21604
21816.56|0.0|12804
26748.6|0.06|7398
28711.5|0.01|30118
44267.52|0.09|3680
32931.84|0.08|10439
50558.9|0.1|21538
2620.82|0.07|3075
40522.03|0.01|22407
55615.28|0.04|7783
9003.54|0.08|10659
83093.71|0.02|9312
23335.02|0.02|36707
34477.8|0.06|34309
32073.27|0.01|33924
29147.9|0.08|33319
33443.76|0.1|14817
44424.59|0.08|32901
1586.68|0.04|14949
45796.53|0.0|20449
71210.88|0.06|11814
65917.5|0.02|42306
32375.64|0.06|11429
1352.45|0.05|30789
39083.58|0.05|8641
38915.85|0.02|30118
36249.0|0.06|8388
25528.0|0.09|9411
28498.58|0.04|45859
42439.02|0.0|32835
39071.16|0.03|9796
27289.2|0.05|12903
56131.63|0.0|32901
39588.12|0.03|10659
5934.32|0.01|44517
30242.11|0.02|22946
60780.93|0.08|16709
11342.3|0.09|1282
18211.68|0.08|21703
52773.04|0.03|12804
53357.4|0.09|5088
18394.8|0.04|40007
41097.68|0.01|41316
32660.38|0.03|42944
43373.99|0.04|7299
42670.25|0.07|21219
28410.4|0.06|40612
23365.99|0.01|22407
47306.49|0.04|47905
38857.0|0.06|20933
4885.35|0.01|44737
32971.19|0.08|20966
47283.25|0.02|40832
16462.68|0.07|10978
83335.56|0.03|13959
18703.4|0.0|43879
26974.62|0.08|46915
40039.23|0.03|7750
26452.8|0.01|5572
60753.92|0.07|41569
13678.4|0.08|43109
56907.06|0.0|40964
63768.6|0.01|21703
26187.6|0.08|14817
14935.9|0.0|21989
58063.0|0.1|6694
19382.72|0.0|42823
23958.22|0.1|41734
21317.31|0.09|40128
60881.28|0.06|8256
25675.02|0.08|20966
16406.28|0.08|11814
48661.41|0.05|41316
54040.72|0.06|40359
22112.2|0.08|31108
79371.6|0.08|42405
46995.84|0.09|22308
30145.28|0.07|4483
41657.88|0.01|3361
71251.03|0.0|8289
24489.18|0.04|21857
36255.6|0.08|33319
32515.52|0.02|11429
77121.6|0.01|44935
46642.6|0.02|40678
36896.12|0.1|5572
25620.28|0.06|11429
22387.13|0.01|1282
34431.12|0.03|12903
35636.76|0.01|22913
34343.74|0.04|3042
17778.96|0.02|7398
11559.42|0.03|5473
63778.08|0.05|37829
52388.84|0.04|10659
11190.06|0.07|33924
69753.6|0.07|7398
30813.6|0.06|30789
32242.32|0.09|33605
14955.84|0.07|15906
71154.8|0.09|40711
82610.94|0.04|42823
66575.97|0.04|21219
18944.71|0.05|33605
37660.5|0.07|40007
3351.63|0.02|31911
22504.4|0.04|6562
12593.5|0.02|21219
16411.78|0.09|21703
29567.04|0.1|7200
42484.88|0.08|9664
55631.84|0.03|32901
27118.8|0.04|23936
12478.32|0.03|5891
65277.52|0.1|34628
15152.64|0.01|31427
34390.62|0.0|21604
28567.32|0.1|26818
51144.99|0.04|41415
41876.52|0.01|4230
66171.56|0.06|8454
8135.82|0.09|21505
46616.31|0.03|7684
39305.52|0.04|41316
6306.9|0.02|3361
53297.64|0.07|43846
19637.12|0.0|46948
39883.6|0.01|12705
36183.6|0.02|41921
39578.86|0.09|22946
42595.41|0.06|41921
63572.11|0.07|21505
33456.3|0.08|40711
53817.96|0.07|15906
20553.72|0.04|42306
70154.88|0.05|44418
19523.57|0.01|7750
24180.78|0.05|7431
58445.01|0.05|15906
48898.92|0.06|42823
53508.5|0.07|25509
1198.29|0.01|44737
14711.44|0.06|902
28983.02|0.07|40128
39733.68|0.02|33924
23553.16|0.04|44517
1802.0|0.04|5121
53897.6|0.0|45408
8836.52|0.06|31427
15136.1|0.1|42823
47861.1|0.07|9312
11082.0|0.05|43329
33531.63|0.09|5473
44929.44|0.08|32516
36434.88|0.07|40612
29046.78|0.05|40359
43477.5|0.01|30305
19490.85|0.09|10659
47791.92|0.08|12837
13274.2|0.06|33924
33966.9|0.05|30789
8481.06|0.0|10659
24602.88|0.05|44737
66743.52|0.1|44737
20460.66|0.02|32901
1051.15|0.04|22759
14367.48|0.03|37829
51673.86|0.01|20966
13781.95|0.06|40128
16401.92|0.03|41415
9570.5|0.02|3493
12463.4|0.06|12804
34461.99|0.1|44935
73908.2|0.03|5121
7217.91|0.1|20933
6942.4|0.06|22407
64138.37|0.02|4230
29406.75|0.05|41316
14865.8|0.1|40128
55610.59|0.1|22627
11401.04|0.08|11715
8577.36|0.0|12837
69308.96|0.09|44869
64769.5|0.07|45859
57562.5|0.03|8388
26921.43|0.05|10439
5441.73|0.02|44517
63606.96|0.05|40711
30277.43|0.03|44836
43662.72|0.05|5792
60940.6|0.04|20768
5085.55|0.08|41316
7771.4|0.01|13607
55468.2|0.09|16929
47860.32|0.03|37829
5459.73|0.05|7398
13834.8|0.03|42405
14391.12|0.06|21604
15122.52|0.04|1282
51099.94|0.07|22407
35066.26|0.06|5088
16916.2|0.01|43109
36927.73|0.05|22946
67832.16|0.01|5990
34922.38|0.05|12837
49192.5|0.03|44517
22163.55|0.08|47938
29511.68|0.01|22627
27260.8|0.1|22308
54209.0|0.02|12804
19141.0|0.05|12903
80785.5|0.09|32835
72434.82|0.04|7431
4196.56|0.06|40997
57121.2|0.1|6562
28432.58|0.07|21604
63043.68|0.0|3680
4829.1|0.05|20900
41780.16|0.08|20548
22177.94|0.05|43109
36828.12|0.03|47938
45875.29|0.09|6243
46872.84|0.0|21538
29088.0|0.1|10978
17688.6|0.04|5088
12824.14|0.09|44517
1870.06|0.07|22913
13800.3|0.0|24706
36579.44|0.04|42658
44098.12|0.06|3361
49013.1|0.05|44737
15481.95|0.02|7398
62190.45|0.06|8960
51702.72|0.01|43846
38602.4|0.03|6980
34774.96|0.0|5891
43533.84|0.09|21824
47412.66|0.02|14949
49887.39|0.08|10945
61313.56|0.01|23936
47990.7|0.04|20933
44825.94|0.08|5792
50893.94|0.06|3493
59013.5|0.1|43527
54138.0|0.07|41767
41924.16|0.08|33319
34297.2|0.05|26818
33444.25|0.01|47619
52471.16|0.01|38819
16277.4|0.01|737
44148.3|0.07|44418
88594.06|0.1|13959
66071.0|0.06|21505
20316.75|0.1|31845
15316.2|0.01|31845
39852.6|0.09|22627
37775.42|0.03|25927
44358.98|0.08|7200
49544.39|0.1|20229
9650.4|0.05|20933
14491.51|0.05|44935
35191.17|0.08|9697
53733.54|0.03|13607
18973.02|0.05|40645
60255.72|0.03|39908
66026.4|0.0|31427
25085.06|0.09|16709
65464.29|0.1|10659
5357.64|0.06|902
6012.6|0.09|9697
57423.49|0.02|41767
15252.51|0.08|15719
63992.04|0.03|21538
29287.44|0.02|902
38640.42|0.06|6661
4152.52|0.08|25509
44899.22|0.02|5572
18583.88|0.07|13607
40034.29|0.08|47938
34846.38|0.01|13827
33707.37|0.08|44935
6270.64|0.08|40832
29172.96|0.04|2272
18699.6|0.0|33605
11246.9|0.08|6881
15768.83|0.04|44418
62427.42|0.0|22913
69513.2|0.07|7079
55004.4|0.0|2085
1109.2|0.01|41569
12004.8|0.03|9796
58274.72|0.01|20548
61121.76|0.0|21956
35348.1|0.05|10439
76878.84|0.04|40711
82979.4|0.03|7684
1759.85|0.09|12903
30011.8|0.04|10439
37508.31|0.0|34727
72177.0|0.09|2052
22200.48|0.09|12705
17739.81|0.05|4384
58916.22|0.09|8256
32218.83|0.1|30305
28381.92|0.05|4065
77282.0|0.09|7079
62995.16|0.09|22759
60868.44|0.05|20614
63572.11|0.09|7200
36641.64|0.02|42405
38765.44|0.05|25828
34306.57|0.09|46915
50344.99|0.1|7651
25503.0|0.1|39908
50936.72|0.01|40678
48958.44|0.06|21219
49503.82|0.1|21318
44785.44|0.01|40612
19078.28|0.0|22627
38915.91|0.0|10439
26824.82|0.07|6144
14375.3|0.04|5121
39567.0|0.09|47905
55121.22|0.06|45859
11063.88|0.04|31108
19983.6|0.1|4230
19273.54|0.0|22726
19281.35|0.07|44418
38855.18|0.01|9543
48353.0|0.0|4483
55272.9|0.01|44517
38295.23|0.1|44418
40482.72|0.04|42339
24761.35|0.04|22979
58289.01|0.08|22407
20062.0|0.06|21989
74229.0|0.0|9895
25756.08|0.08|5572
50258.56|0.07|7750
2644.84|0.08|6243
27598.45|0.08|20548
7427.9|0.04|10945
47570.66|0.0|41569
1252.35|0.03|44869
5255.55|0.03|12518
42191.82|0.1|5220
85241.76|0.07|20229
14022.8|0.0|4065
21545.12|0.01|31779
22289.94|0.0|42339
42130.2|0.1|32868
33155.52|0.04|45859
25715.55|0.06|6562
17412.59|0.06|22308
7112.77|0.01|44836
91628.04|0.01|7552
5622.0|0.06|8388
31624.5|0.1|21604
12241.88|0.09|39908
42329.26|0.03|21989
13676.74|0.02|16709
17803.44|0.04|25828
1954.14|0.05|7750
35061.18|0.0|32516
22544.4|0.0|33638
