7|GERMANY|44|7|40643.46|0.0|44|44960|44960|1006
6|FRANCE|70|6|21803.6|0.03|70|44960|44960|1006
14|KENYA|79|14|9845.5|0.02|79|44960|44960|1006
9|INDONESIA|45|9|27141.88|0.03|45|44960|44960|1006
8|INDIA|12|8|22513.79|0.07|12|44960|44960|1006
24|UNITED STATES|19|24|59439.84|0.1|19|44960|44960|1006
4|EGYPT|38|4|15042.06|0.1|38|44960|44960|1006
23|UNITED KINGDOM|66|23|59127.48|0.04|66|18151|18151|16
23|UNITED KINGDOM|66|23|72616.44|0.09|66|18151|18151|16
21|VIETNAM|26|21|36896.12|0.04|26|18151|18151|16
16|MOZAMBIQUE|58|16|52121.25|0.08|58|18151|18151|16
22|RUSSIA|25|22|60156.36|0.03|25|18151|18151|16
0|ALGERIA|28|0|32573.38|0.0|28|18151|18151|16
16|MOZAMBIQUE|73|16|26932.69|0.1|73|32036|32036|49
1|ARGENTINA|71|1|4985.28|0.06|71|32036|32036|49
0|ALGERIA|24|0|27147.64|0.09|24|32036|32036|49
3|CANADA|13|3|38450.54|0.06|13|32036|32036|49
4|EGYPT|38|4|17061.33|0.05|38|32036|32036|49
24|UNITED STATES|64|24|9064.55|0.04|64|32036|32036|49
1|ARGENTINA|3|1|22661.94|0.0|3|32036|32036|49
16|MOZAMBIQUE|73|16|11111.21|0.01|73|13798|13798|1039
18|CHINA|72|18|31673.51|0.02|72|13798|13798|1039
24|UNITED STATES|46|24|27660.6|0.01|46|13798|13798|1039
0|ALGERIA|24|0|35189.7|0.08|24|13798|13798|1039
17|PERU|1|17|7520.32|0.03|1|7878|7878|1105
24|UNITED STATES|55|24|74544.54|0.0|55|7878|7878|1105
9|INDONESIA|50|9|40619.52|0.09|50|7878|7878|1105
17|PERU|57|17|46511.06|0.07|57|7878|7878|1105
12|JAPAN|43|12|62256.6|0.07|43|7878|7878|1105
7|GERMANY|77|7|31859.02|0.1|77|47206|47206|16
8|INDIA|60|8|34597.5|0.02|60|47206|47206|16
17|PERU|59|17|7303.68|0.02|59|47206|47206|16
24|UNITED STATES|46|24|20632.05|0.06|46|47206|47206|16
8|INDIA|12|8|4174.47|0.0|12|47206|47206|16
2|BRAZIL|21|2|50555.96|0.01|21|47206|47206|16
18|CHINA|27|18|56129.1|0.06|27|47206|47206|16
21|VIETNAM|80|21|37958.25|0.01|80|17539|17539|1105
19|ROMANIA|62|19|32936.4|0.02|62|17539|17539|1105
4|EGYPT|22|4|19236.8|0.1|22|17539|17539|1105
4|EGYPT|38|4|24578.88|0.05|38|17539|17539|1105
18|CHINA|41|18|6847.44|0.03|41|17539|17539|1105
7|GERMANY|44|7|24543.74|0.03|44|20960|20960|1006
24|UNITED STATES|55|24|32058.03|0.06|55|20960|20960|1006
1|ARGENTINA|71|1|13754.88|0.09|71|20960|20960|1006
16|MOZAMBIQUE|58|16|7379.05|0.1|58|20960|20960|1006
21|VIETNAM|26|21|76716.96|0.07|26|44896|44896|1006
21|VIETNAM|35|21|59151.53|0.07|35|44896|44896|1006
24|UNITED STATES|46|24|48801.48|0.05|46|44896|44896|1006
7|GERMANY|77|7|44944.0|0.06|77|42917|42917|49
4|EGYPT|38|4|15306.39|0.1|38|42917|42917|49
5|ETHIOPIA|78|5|8088.55|0.09|78|4576|4576|1105
15|MOROCCO|4|15|17238.62|0.09|4|4576|4576|1105
22|RUSSIA|65|22|58671.78|0.08|65|4576|4576|1105
24|UNITED STATES|55|24|36080.81|0.02|55|40903|40903|1105
7|GERMANY|33|7|43671.56|0.04|33|40903|40903|1105
8|INDIA|60|8|7700.28|0.02|60|40903|40903|1105
15|MOROCCO|14|15|42294.72|0.05|14|40903|40903|1105
21|VIETNAM|68|21|67171.28|0.01|68|40903|40903|1105
17|PERU|8|17|78987.99|0.01|8|41445|41445|49
21|VIETNAM|26|21|65042.64|0.04|26|41445|41445|49
4|EGYPT|69|4|41097.68|0.01|69|41445|41445|49
9|INDONESIA|23|9|24614.28|0.1|23|41445|41445|49
10|IRAN|34|10|51023.2|0.02|34|41445|41445|49
23|UNITED KINGDOM|32|23|41033.85|0.02|32|41445|41445|49
0|ALGERIA|28|0|72886.95|0.05|28|41445|41445|49
19|ROMANIA|62|19|61580.7|0.1|62|12867|12867|49
16|MOZAMBIQUE|73|16|20699.98|0.02|73|12867|12867|49
8|INDIA|61|8|21863.8|0.07|61|12867|12867|49
14|KENYA|48|14|82454.88|0.0|48|12867|12867|49
22|RUSSIA|25|22|19370.85|0.06|25|12867|12867|49
4|EGYPT|67|4|35226.76|0.0|67|44514|44514|1006
0|ALGERIA|28|0|48214.44|0.04|28|25639|25639|1006
22|RUSSIA|16|22|37014.73|0.01|16|25639|25639|1006
17|PERU|1|17|19506.0|0.02|1|5031|5031|1105
12|JAPAN|43|12|41708.64|0.1|43|5031|5031|1105
17|PERU|8|17|57509.49|0.05|8|11237|11237|1138
14|KENYA|79|14|45424.32|0.05|79|11237|11237|1138
8|INDIA|12|8|14727.52|0.04|12|11237|11237|1138
12|JAPAN|43|12|20752.2|0.01|43|11237|11237|1138
4|EGYPT|69|4|22600.14|0.07|69|34789|34789|38
15|MOROCCO|14|15|23958.22|0.1|14|34789|34789|38
23|UNITED KINGDOM|32|23|71596.32|0.03|32|34789|34789|38
8|INDIA|39|8|34181.82|0.03|39|34789|34789|38
1|ARGENTINA|3|1|9736.32|0.0|3|34789|34789|38
17|PERU|8|17|18540.4|0.06|8|20357|20357|16
4|EGYPT|22|4|8901.48|0.01|22|32930|32930|1006
15|MOROCCO|14|15|16621.92|0.07|14|32930|32930|1006
19|ROMANIA|17|19|5444.73|0.03|17|32930|32930|1006
0|ALGERIA|28|0|18037.32|0.03|28|32930|32930|1006
22|RUSSIA|42|22|79664.18|0.0|42|32930|32930|1006
21|VIETNAM|26|21|46565.05|0.03|26|8164|8164|1006
16|MOZAMBIQUE|73|16|12415.23|0.01|73|6470|6470|49
9|INDONESIA|50|9|50610.56|0.07|50|6470|6470|49
8|INDIA|15|8|49069.24|0.07|15|6470|6470|49
13|JORDAN|36|13|44862.72|0.07|36|6470|6470|49
24|UNITED STATES|46|24|39612.6|0.02|46|6470|6470|49
9|INDONESIA|45|9|21899.04|0.08|45|6470|6470|49
15|MOROCCO|4|15|44411.1|0.03|4|6470|6470|49
8|INDIA|60|8|57745.18|0.06|60|11329|11329|1028
16|MOZAMBIQUE|56|16|24705.27|0.02|56|11329|11329|1028
15|MOROCCO|4|15|32394.2|0.04|4|11329|11329|1028
0|ALGERIA|28|0|38441.6|0.02|28|11329|11329|1028
3|CANADA|20|3|75048.96|0.03|20|11329|11329|1028
1|ARGENTINA|3|1|59727.8|0.01|3|11329|11329|1028
17|PERU|8|17|52121.25|0.04|8|41349|41349|1039
8|INDIA|15|8|54463.11|0.04|15|41349|41349|1039
16|MOZAMBIQUE|56|16|31651.29|0.05|56|41349|41349|1039
15|MOROCCO|4|15|39647.86|0.1|4|41349|41349|1039
24|UNITED STATES|55|24|25353.0|0.1|55|45606|45606|1039
8|INDIA|61|8|17425.08|0.1|61|45606|45606|1039
21|VIETNAM|26|21|11253.06|0.05|26|45606|45606|1039
12|JAPAN|43|12|32405.4|0.09|43|45606|45606|1039
4|EGYPT|38|4|6310.68|0.07|38|45606|45606|1039
18|CHINA|75|18|11752.7|0.05|75|45606|45606|1039
8|INDIA|61|8|8120.88|0.1|61|12390|12390|1028
12|JAPAN|54|12|19877.44|0.03|54|12390|12390|1028
12|JAPAN|43|12|12451.32|0.09|43|12390|12390|1028
8|INDIA|15|8|39628.29|0.0|15|18880|18880|1039
14|KENYA|79|14|44333.52|0.0|79|18880|18880|1039
8|INDIA|60|8|7680.33|0.03|60|9921|9921|1105
5|ETHIOPIA|78|5|36326.92|0.05|78|9921|9921|1105
4|EGYPT|38|4|64533.12|0.0|38|9921|9921|1105
18|CHINA|75|18|12144.96|0.07|75|9921|9921|1105
23|UNITED KINGDOM|7|23|55544.85|0.03|7|3585|3585|1105
6|FRANCE|70|6|41965.6|0.03|70|3585|3585|1105
22|RUSSIA|25|22|19710.79|0.01|25|3585|3585|1105
0|ALGERIA|24|0|14263.47|0.06|24|3585|3585|1105
1|ARGENTINA|71|1|36724.44|0.03|71|7908|7908|1039
22|RUSSIA|25|22|53558.98|0.02|25|7908|7908|1039
21|VIETNAM|68|21|53576.4|0.0|68|7908|7908|1039
24|UNITED STATES|10|24|50357.44|0.0|10|7908|7908|1039
7|GERMANY|77|7|37105.0|0.09|77|26240|26240|49
9|INDONESIA|45|9|5497.88|0.02|45|26240|26240|49
4|EGYPT|67|4|51097.46|0.06|67|26240|26240|49
14|KENYA|76|14|66032.09|0.02|76|26240|26240|49
18|CHINA|27|18|8969.45|0.01|27|26240|26240|49
9|INDONESIA|51|9|22324.2|0.1|51|14021|14021|49
4|EGYPT|22|4|47811.6|0.02|22|14021|14021|49
0|ALGERIA|37|0|6002.36|0.1|37|14021|14021|49
8|INDIA|12|8|39786.39|0.1|12|14021|14021|49
14|KENYA|76|14|11460.6|0.01|76|14021|14021|49
18|CHINA|27|18|34854.08|0.02|27|14021|14021|49
20|SAUDI ARABIA|74|20|19400.85|0.0|74|14021|14021|49
7|GERMANY|77|7|11668.4|0.1|77|16001|16001|16
4|EGYPT|69|4|17868.8|0.07|69|16001|16001|16
24|UNITED STATES|46|24|21231.32|0.05|46|16001|16001|16
9|INDONESIA|45|9|15395.64|0.04|45|16001|16001|16
24|UNITED STATES|19|24|65926.56|0.06|19|16001|16001|16
19|ROMANIA|52|19|24370.01|0.04|52|16001|16001|16
21|VIETNAM|68|21|34656.38|0.03|68|37286|37286|49
4|EGYPT|67|4|6106.48|0.08|67|37286|37286|49
16|MOZAMBIQUE|18|16|24289.03|0.0|18|37286|37286|49
1|ARGENTINA|29|1|19000.8|0.09|29|37286|37286|49
16|MOZAMBIQUE|18|16|30991.12|0.06|18|16067|16067|16
14|KENYA|76|14|33029.64|0.0|76|16067|16067|16
24|UNITED STATES|49|24|51892.5|0.09|49|16067|16067|16
24|UNITED STATES|55|24|21949.75|0.08|55|25285|25285|1039
8|INDIA|60|8|28130.83|0.09|60|15111|15111|38
15|MOROCCO|4|15|52724.7|0.09|4|15111|15111|38
22|RUSSIA|65|22|12532.78|0.07|65|15111|15111|38
20|SAUDI ARABIA|74|20|41553.33|0.09|74|15111|15111|38
6|FRANCE|70|6|13875.26|0.1|70|18148|18148|1006
11|IRAQ|5|11|56361.76|0.08|5|38212|38212|1039
9|INDONESIA|50|9|59494.56|0.07|50|38212|38212|1039
10|IRAN|9|10|37219.78|0.03|9|38212|38212|1039
12|JAPAN|54|12|16935.93|0.04|54|38212|38212|1039
24|UNITED STATES|10|24|53890.81|0.03|10|38212|38212|1039
22|RUSSIA|65|22|29532.0|0.06|65|38212|38212|1039
7|GERMANY|53|7|48436.5|0.03|53|38212|38212|1039
23|UNITED KINGDOM|7|23|12964.28|0.0|7|45253|45253|1105
12|JAPAN|43|12|42272.44|0.06|43|45253|45253|1105
4|EGYPT|69|4|13274.4|0.04|69|25376|25376|38
21|VIETNAM|35|21|59055.84|0.09|35|25376|25376|38
16|MOZAMBIQUE|18|16|13248.43|0.01|18|25376|25376|38
17|PERU|8|17|1232.33|0.03|8|47685|47685|1105
9|INDONESIA|51|9|12084.88|0.07|51|47685|47685|1105
14|KENYA|48|14|22992.66|0.05|48|47685|47685|1105
8|INDIA|15|8|48399.84|0.06|15|47685|47685|1105
24|UNITED STATES|10|24|35353.8|0.01|10|47685|47685|1105
8|INDIA|39|8|42945.5|0.03|39|47685|47685|1105
9|INDONESIA|51|9|3661.86|0.06|51|36256|36256|49
7|GERMANY|77|7|12781.44|0.03|77|36256|36256|49
12|JAPAN|43|12|31617.84|0.06|43|36256|36256|49
0|ALGERIA|28|0|69916.26|0.1|28|36256|36256|49
12|JAPAN|43|12|48579.84|0.0|43|12100|12100|1039
0|ALGERIA|37|0|37558.04|0.02|37|32450|32450|1006
21|VIETNAM|35|21|41130.45|0.0|35|32450|32450|1006
5|ETHIOPIA|2|5|54959.4|0.05|2|32450|32450|1006
4|EGYPT|38|4|22578.57|0.02|38|29733|29733|1028
24|UNITED STATES|64|24|26428.8|0.09|64|29733|29733|1028
4|EGYPT|69|4|10153.85|0.02|69|15621|15621|38
24|UNITED STATES|46|24|63298.88|0.0|46|15621|15621|38
9|INDONESIA|23|9|22196.94|0.03|23|15621|15621|38
22|RUSSIA|16|22|27954.42|0.08|16|15621|15621|38
3|CANADA|20|3|57414.39|0.01|20|15621|15621|38
16|MOZAMBIQUE|30|16|60476.68|0.05|30|29668|29668|1039
18|CHINA|11|18|59837.46|0.08|11|45222|45222|49
23|UNITED KINGDOM|32|23|20864.44|0.05|32|45222|45222|49
19|ROMANIA|62|19|45464.16|0.1|62|21089|21089|38
1|ARGENTINA|71|1|51456.0|0.05|71|21089|21089|38
15|MOROCCO|14|15|49017.15|0.07|14|21089|21089|38
22|RUSSIA|25|22|3874.17|0.1|25|21089|21089|38
16|MOZAMBIQUE|18|16|58413.35|0.07|18|21089|21089|38
16|MOZAMBIQUE|30|16|12248.88|0.08|30|21089|21089|38
24|UNITED STATES|55|24|50114.65|0.03|55|34630|34630|1105
14|KENYA|76|14|3916.2|0.03|76|34630|34630|1105
8|INDIA|39|8|75980.5|0.07|39|34630|34630|1105
18|CHINA|41|18|46957.23|0.08|41|34630|34630|1105
17|PERU|8|17|21842.73|0.08|8|12069|12069|1105
22|RUSSIA|40|22|34267.45|0.05|40|12069|12069|1105
9|INDONESIA|50|9|65012.88|0.08|50|12069|12069|1105
8|INDIA|61|8|14479.2|0.08|61|12069|12069|1105
16|MOZAMBIQUE|58|16|26152.84|0.01|58|12069|12069|1105
15|MOROCCO|14|15|49017.15|0.03|14|12069|12069|1105
