34656.38|0.0|16327
3621.82|0.06|39427
16253.27|0.0|13313
48003.48|0.01|37348
27013.5|0.01|31111
55708.16|0.07|38723
21677.4|0.01|41253
13890.3|0.06|26304
65744.19|0.06|14017
27045.04|0.04|46434
12217.05|0.09|45378
46667.43|0.05|47237
38042.0|0.03|25666
39299.92|0.03|39845
1865.96|0.04|13632
76478.64|0.09|24775
1712.81|0.07|16866
32459.0|0.03|20452
27901.44|0.08|12774
36367.9|0.1|45543
22151.68|0.07|10981
79643.7|0.07|13984
5195.49|0.03|36677
5465.76|0.1|15942
45820.14|0.1|39713
76926.31|0.06|487
36178.74|0.05|26689
49275.8|0.05|29989
4685.15|0.08|21057
64654.8|0.04|41440
16011.05|0.06|37920
21000.61|0.03|29219
23320.8|0.02|46786
80193.28|0.0|34048
2238.42|0.08|21222
36009.0|0.0|16613
41009.32|0.07|35302
44387.1|0.04|13830
30426.76|0.08|46786
15056.64|0.02|17636
3027.22|0.07|41253
54177.42|0.02|46368
36579.9|0.0|39812
16617.6|0.06|22498
45894.33|0.01|33476
22552.64|0.1|14017
8240.89|0.05|8292
83335.56|0.0|45125
26428.8|0.05|35456
58744.16|0.06|26854
53691.54|0.06|38305
22599.57|0.02|37986
61378.35|0.0|47842
16770.24|0.02|46599
42076.35|0.09|27426
34799.18|0.06|12356
75973.8|0.07|27811
25707.6|0.08|22883
36349.17|0.05|25446
21136.86|0.07|33696
41920.66|0.01|21794
1487.58|0.03|33344
65779.56|0.05|44487
37083.69|0.02|24577
49310.04|0.09|29857
52215.33|0.09|28999
16649.92|0.1|38503
15328.8|0.02|34499
58698.0|0.01|45059
51354.47|0.04|45895
32355.52|0.1|23334
38617.53|0.01|30660
58447.79|0.03|44487
26828.8|0.09|34499
21427.8|0.06|11047
53603.4|0.06|25314
29931.8|0.05|16866
3133.32|0.06|31782
28968.87|0.01|32640
27990.9|0.1|39779
55138.68|0.05|29219
38771.7|0.09|30660
31450.68|0.0|13698
33530.49|0.1|43200
5165.56|0.02|46368
14828.1|0.09|16547
65171.23|0.05|14534
22776.96|0.08|34246
32892.67|0.08|40098
2861.04|0.03|41440
73797.6|0.08|21794
21479.04|0.05|16448
30194.34|0.03|43970
5881.35|0.03|20199
11884.53|0.05|40164
36159.55|0.06|30660
6356.0|0.05|26535
56804.68|0.04|17988
43887.6|0.04|12642
31506.16|0.1|773
21694.96|0.06|24577
42297.08|0.05|37447
37288.32|0.04|35269
6390.96|0.1|44135
24203.48|0.02|40032
77109.83|0.06|47941
23501.0|0.08|25347
39912.9|0.0|13313
1488.58|0.02|29989
56508.96|0.03|41253
39861.86|0.04|46852
28306.03|0.01|35104
3816.2|0.09|35137
12267.31|0.07|24896
3558.84|0.0|30176
1451.55|0.05|10277
33886.25|0.01|38789
25844.56|0.1|37700
41904.52|0.03|38789
26419.29|0.05|19429
10406.25|0.07|26535
26184.6|0.1|38976
5712.3|0.07|14336
33919.89|0.02|18626
69238.35|0.05|12455
9217.08|0.1|22564
43999.97|0.04|15557
19060.74|0.07|25952
47360.1|0.03|30561
23734.83|0.01|27107
35588.4|0.08|37348
56760.9|0.04|19748
69303.53|0.04|34246
29230.72|0.01|21057
38911.34|0.09|43332
79379.16|0.04|29505
47235.84|0.03|35621
18680.1|0.01|16679
45302.62|0.01|40164
26948.8|0.06|16448
3177.45|0.07|20870
16457.85|0.06|30374
50695.2|0.1|30660
58406.01|0.03|6180
12012.8|0.06|21794
8883.48|0.08|41187
5672.97|0.08|15777
18902.7|0.03|19429
4414.71|0.1|18725
47762.88|0.01|12741
68659.14|0.0|22212
44040.97|0.0|14402
51666.78|0.08|21222
22200.48|0.09|27525
12661.8|0.1|10310
47760.18|0.01|26535
59745.84|0.08|42144
7037.5|0.04|44102
59728.32|0.08|34565
70412.1|0.1|17702
33367.88|0.04|26788
40243.2|0.01|10981
40884.8|0.0|43552
66455.92|0.05|47556
57421.92|0.05|35940
48646.5|0.03|46786
50454.0|0.05|29219
61175.1|0.01|22432
15207.28|0.0|22465
41264.1|0.09|44102
27245.96|0.05|16932
4588.86|0.05|22432
58667.21|0.1|11553
48569.68|0.08|40164
11135.97|0.07|32871
39801.63|0.08|16613
60304.0|0.03|32420
29234.9|0.06|30055
55463.8|0.03|46852
87192.0|0.1|35940
56033.66|0.09|44069
9762.56|0.01|47941
41612.48|0.01|960
30765.28|0.08|12675
46538.31|0.04|26854
2170.36|0.0|28614
11685.51|0.03|39207
63668.16|0.04|32420
70256.34|0.01|39207
25833.37|0.06|12675
67422.0|0.07|47138
30818.76|0.06|46533
20203.26|0.02|11553
32095.66|0.01|16679
18699.6|0.08|38723
9123.8|0.07|21475
16254.0|0.01|641
34092.48|0.0|15942
8283.75|0.04|38437
7308.98|0.08|10310
47189.94|0.02|18208
37224.32|0.0|47941
3745.02|0.04|29219
1428.52|0.05|44069
12630.64|0.05|35522
19156.64|0.03|46533
49451.05|0.0|10145
42391.26|0.09|32640
25155.36|0.01|15139
70794.4|0.08|30561
7003.56|0.04|45059
31281.88|0.0|32002
58201.51|0.08|21255
47418.22|0.05|14017
27940.83|0.05|47523
39246.24|0.0|25985
14145.6|0.04|41440
47741.3|0.05|14820
49894.38|0.09|18208
24226.2|0.07|44036
10204.8|0.01|47237
44664.84|0.09|35456
37242.66|0.02|26535
13680.15|0.02|25666
13739.58|0.04|38756
52096.11|0.01|13731
13695.15|0.1|34114
50517.96|0.04|21442
49838.7|0.0|46852
86827.2|0.06|42177
15989.16|0.06|11586
50782.06|0.07|47138
13438.16|0.01|26689
52779.44|0.05|27712
37490.95|0.04|22432
17082.72|0.01|18307
9770.56|0.03|45059
48772.92|0.05|388
44234.97|0.02|17636
22253.94|0.06|26689
33575.4|0.03|37216
14115.1|0.09|47138
38429.16|0.04|34565
1696.79|0.09|641
8395.03|0.09|28933
77602.08|0.03|14534
22223.4|0.07|12389
30839.76|0.0|46599
20982.56|0.05|42210
66808.98|0.07|17735
7387.98|0.05|23136
1849.94|0.08|30660
66244.11|0.04|38756
17887.08|0.03|31782
31874.88|0.08|23268
63067.2|0.08|24742
29557.0|0.05|36358
60481.58|0.03|31364
27749.92|0.04|12961
19265.7|0.09|43200
38172.23|0.07|641
63133.62|0.07|32640
54926.91|0.03|46115
2152.34|0.06|22245
24026.0|0.02|22432
17644.05|0.09|47622
16337.52|0.0|37799
49283.55|0.05|21442
11540.54|0.06|22663
30525.04|0.09|15876
30272.94|0.05|22850
9649.29|0.09|39427
32029.36|0.02|27206
36819.6|0.1|34532
50033.38|0.03|39812
42040.51|0.08|40032
3115.3|0.02|487
23064.64|0.0|39713
25833.37|0.09|42881
47729.43|0.1|13632
26025.3|0.04|21442
48562.65|0.07|33443
42164.72|0.04|33894
9193.87|0.0|40483
68870.57|0.1|38437
53046.35|0.03|40164
30926.68|0.03|42177
65860.2|0.1|41154
55860.5|0.08|20133
4176.56|0.07|33696
30134.17|0.02|27811
32248.23|0.0|10277
8787.36|0.06|45125
23705.6|0.03|15942
9991.8|0.01|11366
13902.64|0.1|30176
16757.88|0.05|29219
30756.99|0.06|39427
11388.16|0.04|11168
1012.11|0.09|36864
55003.08|0.1|39207
17148.6|0.0|32002
91996.5|0.0|24544
7183.74|0.03|12323
13598.76|0.03|35940
39924.09|0.1|28614
14340.75|0.07|17988
1604.7|0.01|46533
11244.06|0.07|29637
51235.25|0.07|13731
4685.08|0.04|25028
41764.52|0.05|37216
32855.7|0.0|13731
15374.66|0.06|41440
53726.7|0.02|17218
62226.0|0.07|25028
30976.64|0.07|23972
29856.96|0.0|30341
12974.16|0.06|10563
17537.38|0.08|21057
17917.76|0.07|27745
63428.16|0.09|22850
18334.8|0.05|37447
11694.51|0.05|23268
25396.6|0.09|46566
6565.14|0.0|26788
33375.2|0.07|12961
42796.36|0.09|15205
66448.84|0.08|13698
41188.77|0.0|32640
26041.29|0.06|26436
20782.97|0.05|47941
35003.15|0.04|36864
39311.37|0.09|30561
27722.41|0.09|18208
1493.59|0.07|12642
20200.04|0.08|31232
20042.0|0.04|322
14395.3|0.06|44487
13830.56|0.1|44740
24830.46|0.05|11553
58117.91|0.06|17702
50297.52|0.03|36743
5674.04|0.08|34532
66230.0|0.05|641
11863.53|0.07|30341
8002.68|0.1|15524
5549.92|0.09|11047
27228.8|0.09|22245
48255.84|0.07|29923
50364.61|0.04|33575
24636.91|0.05|45158
45773.25|0.06|960
3591.78|0.03|39207
19204.8|0.04|42342
42634.08|0.1|46016
27217.96|0.09|36358
15786.03|0.04|31232
9117.66|0.09|33894
23150.5|0.0|32640
71743.44|0.01|25314
75229.65|0.03|45378
80502.07|0.06|10464
49453.2|0.05|26788
11604.25|0.04|46434
20196.6|0.02|32101
36284.22|0.02|38657
38002.5|0.06|38723
51967.44|0.01|27712
46816.23|0.01|11168
16427.85|0.06|30341
51006.0|0.06|42023
43749.4|0.1|31364
55225.83|0.08|13313
10024.62|0.08|30374
28800.87|0.05|17669
23281.08|0.08|41154
9049.5|0.06|40065
22273.13|0.08|10981
33175.0|0.01|37634
62058.01|0.1|40098
23325.2|0.02|22630
30705.21|0.0|41286
21923.8|0.08|44102
49186.82|0.07|36358
64533.12|0.07|33894
26087.29|0.05|42342
26057.93|0.05|43079
23213.3|0.03|47457
44439.43|0.05|45697
15772.92|0.08|31430
26894.69|0.05|34246
58301.6|0.0|30055
60333.7|0.02|47138
55196.9|0.08|35555
60299.64|0.06|31364
15528.8|0.03|14534
37521.2|0.04|17735
1494.59|0.05|47842
35528.85|0.09|34114
24622.62|0.05|22113
44940.24|0.1|18725
37488.3|0.02|27107
39280.05|0.02|11553
57635.9|0.03|43200
37321.2|0.08|34499
44003.36|0.0|12642
7189.84|0.1|13698
14655.6|0.05|17218
46562.04|0.01|47457
33362.42|0.0|23587
24577.0|0.03|15557
45744.21|0.03|29604
35602.76|0.01|32871
48893.24|0.02|39878
45104.0|0.08|13346
52807.5|0.08|9062
4605.1|0.04|12774
23265.2|0.01|10981
77582.5|0.01|36512
15264.8|0.04|25666
28299.78|0.03|17889
10857.88|0.09|28933
52162.44|0.09|10310
52616.7|0.04|8292
4669.04|0.02|20166
30955.64|0.07|32640
70175.0|0.01|10310
14627.86|0.09|26436
26088.0|0.09|32101
20868.12|0.07|30374
10667.44|0.01|17889
61665.1|0.1|32101
66716.97|0.04|12004
49897.04|0.05|26436
87888.12|0.05|21860
53187.12|0.0|13632
88688.06|0.05|33025
14881.35|0.08|44487
38482.4|0.09|34246
47395.92|0.03|47457
28531.5|0.02|46049
29011.64|0.06|42375
12437.2|0.08|13346
63863.65|0.05|37447
32050.32|0.02|15139
40840.47|0.01|26656
10973.62|0.08|24676
31225.88|0.09|19748
41084.84|0.09|24544
20865.61|0.09|25347
24001.25|0.02|17922
56946.42|0.0|27910
34852.95|0.08|39845
13674.6|0.06|322
7157.65|0.01|44740
16956.72|0.04|24544
12199.05|0.05|20133
25643.2|0.0|44740
31945.98|0.1|34565
29335.46|0.04|18208
66118.56|0.03|34631
11982.87|0.01|20001
13103.79|0.02|22498
82799.22|0.01|44069
1286.38|0.09|30374
12172.96|0.1|39878
64484.64|0.0|21222
15838.65|0.09|39779
32214.2|0.05|47875
35347.4|0.09|256
69373.5|0.0|13346
26497.05|0.05|40065
14304.4|0.03|13830
34547.8|0.08|40131
12018.87|0.08|21442
44918.3|0.07|47556
78902.19|0.09|12224
24913.14|0.02|26469
33916.08|0.09|33894
952.05|0.06|28647
24669.41|0.07|29824
42419.75|0.02|34565
52536.33|0.0|13830
56336.28|0.0|23972
90990.55|0.04|32420
46466.88|0.06|18208
32272.83|0.04|40032
47573.53|0.06|12389
22087.52|0.08|28515
54148.5|0.01|41286
18124.72|0.02|32486
41009.32|0.09|26656
17644.05|0.03|46566
6865.44|0.05|32486
42850.74|0.1|30055
51053.04|0.01|25952
49813.6|0.06|38723
36189.0|0.06|21255
1838.02|0.1|36358
49411.82|0.05|21574
12051.26|0.05|31650
49074.58|0.02|17317
52258.33|0.06|28515
5716.2|0.05|45125
30183.0|0.01|47941
11032.0|0.01|25347
3281.48|0.09|21057
1656.75|0.05|26469
36539.0|0.1|24324
40904.5|0.1|45697
59145.21|0.07|47842
30426.76|0.02|19847
35579.61|0.01|13027
41543.37|0.05|35588
42659.24|0.03|46786
33216.4|0.09|24610
46641.14|0.03|37986
66521.93|0.06|42177
47870.7|0.09|32486
18399.3|0.06|41253
50812.53|0.08|18307
31823.88|0.0|22113
54731.52|0.04|35104
2342.54|0.09|35137
15470.17|0.1|15744
22380.61|0.06|34532
15436.8|0.07|25314
24952.25|0.04|26469
29489.13|0.02|34499
92347.0|0.09|15810
20707.05|0.0|34400
12603.6|0.02|42023
47076.91|0.06|42881
33081.96|0.03|34631
50109.52|0.04|17636
31709.0|0.06|17702
29727.2|0.1|43233
39947.86|0.06|45664
52266.58|0.05|43552
26601.12|0.03|12576
36603.6|0.08|16547
72199.62|0.06|35104
42031.35|0.02|256
33700.8|0.0|34114
78213.13|0.04|46599
14815.6|0.09|42276
26500.8|0.01|47204
12325.44|0.05|26788
13709.74|0.03|12224
49357.05|0.09|21475
26344.08|0.0|42243
2372.56|0.07|44740
34997.26|0.03|11399
8694.54|0.09|773
36927.73|0.05|24577
49480.92|0.04|11014
18465.06|0.06|30374
67368.0|0.04|21794
49410.2|0.0|21255
5469.84|0.02|674
4032.4|0.1|33894
12603.5|0.0|34532
48771.52|0.02|35940
47865.48|0.08|20166
82196.48|0.07|10563
6222.6|0.02|19814
37304.46|0.0|29956
62365.8|0.1|39878
4596.96|0.05|20452
2893.08|0.01|46368
24506.18|0.03|43332
46735.6|0.02|30341
11612.4|0.0|22465
67710.81|0.03|24896
6767.25|0.05|24643
33546.3|0.03|24643
51604.35|0.1|3
22004.0|0.03|26436
61007.1|0.04|38503
43276.53|0.04|27745
46650.45|0.01|25831
30033.0|0.03|35555
4396.76|0.07|34246
43165.92|0.05|10530
45840.96|0.08|28614
32785.25|0.1|10981
28995.46|0.01|35940
29569.32|0.09|47974
26286.12|0.01|33894
7422.9|0.07|23488
40095.18|0.09|9062
37350.6|0.08|21794
32626.65|0.08|25765
62633.67|0.09|36512
59723.46|0.02|44135
27140.19|0.05|35137
23937.2|0.09|18307
28614.96|0.06|32002
75232.9|0.03|25479
29960.16|0.09|33696
38260.88|0.04|3
71513.9|0.03|40483
54298.0|0.02|46214
51294.0|0.07|13830
19260.54|0.09|31111
27930.25|0.08|38822
64482.37|0.07|36864
15521.17|0.07|23015
68424.96|0.05|17504
16579.92|0.05|28966
44111.52|0.06|18978
15160.32|0.08|42210
48851.84|0.1|23268
7067.55|0.0|9062
57156.84|0.0|34433
2652.84|0.0|27745
27693.45|0.09|32420
55634.28|0.08|17669
38618.91|0.04|28933
64670.08|0.08|42243
50805.5|0.0|36644
26011.3|0.02|14017
54189.72|0.01|34532
9378.16|0.1|30176
1045.14|0.03|22883
45660.96|0.07|17988
21815.36|0.08|47237
30758.0|0.07|10530
21344.46|0.01|36512
3180.48|0.0|11267
24921.54|0.08|37986
38640.42|0.1|36358
43443.12|0.03|47875
28349.7|0.1|38976
85373.7|0.01|36512
29759.4|0.01|19649
8545.28|0.01|12389
4621.0|0.02|21574
5078.37|0.06|31782
11135.97|0.01|47457
9315.9|0.02|21222
31260.18|0.05|45697
9911.0|0.04|14215
38802.56|0.05|30374
28056.51|0.1|31078
36242.92|0.08|29637
47055.4|0.04|26535
41581.7|0.03|8292
43177.2|0.08|20870
14205.29|0.07|22850
20047.59|0.02|26469
10463.04|0.1|31650
93298.0|0.04|34499
26340.52|0.09|25347
8288.88|0.02|16547
27929.8|0.07|30341
38756.47|0.01|11234
45451.82|0.1|17702
13188.56|0.03|28999
36507.96|0.04|18307
47029.8|0.02|25314
66716.97|0.0|22432
73806.24|0.09|21860
15753.08|0.02|14435
36864.25|0.08|14435
22464.4|0.08|42243
37433.41|0.02|32101
3529.72|0.08|27107
11001.1|0.05|23136
15005.25|0.09|27910
4715.01|0.1|33058
69042.58|0.05|23488
58160.56|0.09|37733
10298.16|0.08|34631
33676.54|0.07|25028
76134.95|0.06|45444
42873.38|0.06|24610
31325.22|0.03|14336
90295.0|0.02|17504
4387.68|0.05|17735
83927.69|0.03|44102
38208.56|0.09|23972
9430.4|0.08|43013
48264.48|0.02|43200
33893.72|0.08|19715
14839.6|0.05|13379
44808.4|0.04|13379
36699.26|0.09|37601
13514.4|0.05|10695
51574.38|0.06|45664
34898.15|0.1|10563
11580.32|0.04|10277
39216.43|0.02|15205
53517.64|0.03|41440
32480.7|0.09|14215
48955.41|0.05|26337
16330.38|0.03|28801
4855.35|0.05|31364
32980.77|0.02|22113
966.06|0.02|421
5183.46|0.0|45763
37053.99|0.03|36677
20014.05|0.07|25985
10469.34|0.07|39713
22404.4|0.06|20199
64791.0|0.01|14820
53777.6|0.03|42342
12113.1|0.01|40098
29263.92|0.1|33410
13398.7|0.03|31782
54772.66|0.06|46049
15486.8|0.08|24544
53386.08|0.01|23840
31383.22|0.02|47875
22619.76|0.02|17889
58757.78|0.09|34565
5410.9|0.03|16679
27334.98|0.09|44102
17718.84|0.03|29538
62198.64|0.07|40032
12253.2|0.0|25347
23285.2|0.03|44740
48351.8|0.01|18626
1820.92|0.0|14017
23145.0|0.01|12642
22330.13|0.01|13863
31060.35|0.09|26854
22184.0|0.06|20870
20235.96|0.08|38437
22799.88|0.03|27525
18808.16|0.01|37315
21212.49|0.08|45158
57748.5|0.0|20672
60703.37|0.09|18945
42595.41|0.07|10662
43481.9|0.07|40197
79890.13|0.08|17636
18820.8|0.07|32871
13090.42|0.07|32068
4584.96|0.02|15777
17010.72|0.05|34279
39288.16|0.07|38756
85890.5|0.01|22498
58749.76|0.02|14435
40781.4|0.0|41286
56852.74|0.05|36512
31732.29|0.01|20199
72147.66|0.04|47556
67839.81|0.01|44102
20888.89|0.01|41154
47380.7|0.06|22850
68014.22|0.04|24005
25143.56|0.05|24544
57244.74|0.1|35621
39362.46|0.07|37799
42076.35|0.06|3
23502.78|0.0|18978
3119.3|0.04|13379
