35065.8|0.03|3778
14105.0|0.02|3459
32855.96|0.02|29095
69633.6|0.03|4900
13264.2|0.1|16390
5401.76|0.01|39490
13208.04|0.03|9509
6221.7|0.0|28292
18360.2|0.0|13090
48333.87|0.03|6726
39576.57|0.1|2502
42346.8|0.04|26081
19341.2|0.07|1985
53208.0|0.04|1985
17165.33|0.0|9828
87452.16|0.05|2755
40855.4|0.06|1248
31965.03|0.01|5318
51638.72|0.03|29282
60990.78|0.07|29095
57469.23|0.0|9828
69258.93|0.01|1314
50709.76|0.1|13090
30853.12|0.04|4515
5666.94|0.06|18370
38992.56|0.05|26180
32104.8|0.03|1600
41449.76|0.08|6528
17290.19|0.03|2656
27597.24|0.01|3712
13474.4|0.02|2656
24952.25|0.01|9828
17683.2|0.04|7749
16661.19|0.07|1699
29002.59|0.03|4647
28464.45|0.05|6726
46977.56|0.01|3778
17959.24|0.03|3712
48540.8|0.07|16071
13173.86|0.04|3877
8379.27|0.08|26180
3853.14|0.0|2304
64419.0|0.06|7749
5936.4|0.0|4768
57931.72|0.1|9509
50903.7|0.07|39490
40433.75|0.02|18370
24764.04|0.02|16291
42571.8|0.02|2689
51715.08|0.1|19492
6627.1|0.09|2535
70994.8|0.05|2656
49546.75|0.0|29282
50214.72|0.0|2304
25443.84|0.0|17061
21298.46|0.05|2018
47660.4|0.09|4999
42500.85|0.02|19074
2016.2|0.04|4647
9666.4|0.04|1600
34799.18|0.0|5318
12100.88|0.07|37191
1507.6|0.02|26081
28443.45|0.01|3778
46449.3|0.09|2854
3205.4|0.09|5703
25261.28|0.03|1028
38059.25|0.06|1831
12797.52|0.01|6979
49605.2|0.08|37191
7248.0|0.1|37191
33424.72|0.09|13090
22181.94|0.1|13090
36900.93|0.1|1985
7447.84|0.02|5538
27455.4|0.0|9828
28080.9|0.04|3459
13703.58|0.0|5538
21966.15|0.03|7815
16007.4|0.05|2722
30553.66|0.0|39270
3537.81|0.04|4867
13560.82|0.04|2854
59824.32|0.07|1600
11496.33|0.07|1831
46994.4|0.02|25091
70586.1|0.02|19492
38847.51|0.01|6979
7296.08|0.02|17281
10051.0|0.09|17061
60924.26|0.09|26180
18724.32|0.04|2722
64945.58|0.03|6726
31021.87|0.1|2755
25467.4|0.02|1600
23753.28|0.01|1732
10523.28|0.04|17061
4838.13|0.06|4416
62576.12|0.07|6913
39867.32|0.03|5538
46801.5|0.02|1732
67598.34|0.05|3778
79463.58|0.05|1985
52447.87|0.09|6627
70078.71|0.06|1028
23505.4|0.08|2854
79157.72|0.06|4900
18079.5|0.06|4515
10391.3|0.08|29062
26299.84|0.09|4647
29620.71|0.08|2755
41774.7|0.1|1248
48760.48|0.0|1732
15346.8|0.07|19492
1956.14|0.03|3844
8584.05|0.1|3844
31723.02|0.01|4647
30955.64|0.02|1831
30632.3|0.0|29282
48965.76|0.07|6528
19681.6|0.09|39490
7944.72|0.03|25091
31615.65|0.08|6979
17959.24|0.1|5318
82454.88|0.02|4900
35813.25|0.07|6726
49883.13|0.06|4900
44627.4|0.05|1985
15592.68|0.06|3877
42670.57|0.06|7749
32506.54|0.07|9509
42605.76|0.06|4515
22984.8|0.05|4900
34053.12|0.06|17281
