8|INDIA|60|8|25894.35|0.1|60|16800|16800|1069
21|VIETNAM|26|21|50579.61|0.07|26|16800|16800|1069
9|INDONESIA|45|9|11379.24|0.09|45|16800|16800|1069
4|EGYPT|67|4|1262.36|0.07|67|16800|16800|1069
19|ROMANIA|52|19|30303.3|0.02|52|16800|16800|1069
23|UNITED KINGDOM|32|23|23240.8|0.07|32|33223|33223|13
21|VIETNAM|80|21|22319.4|0.09|80|32992|32992|1036
4|EGYPT|22|4|27245.19|0.08|22|32992|32992|1036
9|INDONESIA|50|9|50412.6|0.05|50|32992|32992|1036
10|IRAN|9|10|33003.36|0.02|9|32992|32992|1036
22|RUSSIA|65|22|27750.6|0.03|65|32992|32992|1036
8|INDIA|39|8|35194.42|0.06|39|32992|32992|1036
20|SAUDI ARABIA|74|20|44498.52|0.07|74|32992|32992|1036
23|UNITED KINGDOM|7|23|20782.97|0.1|7|18020|18020|1003
6|FRANCE|70|6|18979.9|0.07|70|18020|18020|1003
15|MOROCCO|14|15|37559.07|0.06|14|18020|18020|1003
5|ETHIOPIA|78|5|2434.62|0.07|78|18020|18020|1003
22|RUSSIA|65|22|51003.46|0.03|65|18020|18020|1003
1|ARGENTINA|3|1|83833.2|0.1|3|18020|18020|1003
7|GERMANY|44|7|46251.76|0.07|44|3428|3428|68
8|INDIA|61|8|64432.9|0.02|61|3428|3428|68
5|ETHIOPIA|63|5|5934.32|0.0|63|3428|3428|68
13|JORDAN|36|13|34721.18|0.04|36|19075|19075|1025
18|CHINA|72|18|18362.63|0.02|72|7109|7109|1124
4|EGYPT|67|4|31113.36|0.0|67|7109|7109|1124
14|KENYA|76|14|40033.92|0.03|76|7109|7109|1124
0|ALGERIA|28|0|12839.86|0.02|28|7109|7109|1124
21|VIETNAM|80|21|2841.02|0.04|80|34016|34016|46
4|EGYPT|22|4|35605.92|0.06|22|34016|34016|46
0|ALGERIA|37|0|3336.63|0.03|37|41155|41155|1058
4|EGYPT|69|4|9600.29|0.09|69|41155|41155|1058
19|ROMANIA|17|19|40556.21|0.09|17|41155|41155|1058
18|CHINA|41|18|2386.58|0.05|41|41155|41155|1058
23|UNITED KINGDOM|7|23|1706.8|0.0|7|27328|27328|1102
7|GERMANY|33|7|16923.3|0.01|33|27328|27328|1102
8|INDIA|61|8|46865.56|0.02|61|27328|27328|1102
0|ALGERIA|37|0|41883.6|0.0|37|27328|27328|1102
17|PERU|57|17|52526.7|0.05|57|27328|27328|1102
24|UNITED STATES|46|24|32375.7|0.07|46|41892|41892|13
10|IRAN|34|10|44068.69|0.03|34|41892|41892|13
12|JAPAN|54|12|9994.72|0.02|54|41892|41892|13
19|ROMANIA|17|19|45372.75|0.1|17|41892|41892|13
22|RUSSIA|42|22|23419.41|0.05|42|41892|41892|13
18|CHINA|41|18|43099.47|0.07|41|41892|41892|13
1|ARGENTINA|3|1|37665.95|0.07|3|41892|41892|13
16|MOZAMBIQUE|56|16|36647.0|0.02|56|27207|27207|13
7|GERMANY|33|7|18309.3|0.06|33|3236|3236|1124
10|IRAN|9|10|12865.51|0.07|9|3236|3236|1124
24|UNITED STATES|46|24|39353.37|0.01|46|3236|3236|1124
17|PERU|8|17|88172.64|0.08|8|1575|1575|1157
10|IRAN|9|10|46108.92|0.0|9|1575|1575|1157
0|ALGERIA|37|0|10992.12|0.01|37|1575|1575|1157
14|KENYA|47|14|15586.5|0.09|47|1575|1575|1157
4|EGYPT|69|4|47385.24|0.05|69|1575|1575|1157
15|MOROCCO|14|15|18527.88|0.08|14|1575|1575|1157
22|RUSSIA|16|22|69532.32|0.07|16|1575|1575|1157
9|INDONESIA|23|9|21208.86|0.01|23|4325|4325|1036
1|ARGENTINA|29|1|22904.8|0.02|29|1476|1476|1157
14|KENYA|6|14|52205.65|0.06|6|20454|20454|46
12|JAPAN|43|12|44322.6|0.09|43|31234|31234|1135
10|IRAN|34|10|13833.12|0.04|34|1574|1574|1069
24|UNITED STATES|19|24|39397.26|0.07|19|1574|1574|1069
18|CHINA|41|18|71226.0|0.0|41|1574|1574|1069
9|INDONESIA|51|9|63793.94|0.04|51|9221|9221|68
24|UNITED STATES|10|24|47775.66|0.09|10|9221|9221|68
23|UNITED KINGDOM|32|23|53811.31|0.08|32|9221|9221|68
18|CHINA|27|18|60608.5|0.0|27|9221|9221|68
22|RUSSIA|40|22|13394.3|0.1|40|44965|44965|35
7|GERMANY|44|7|51896.64|0.09|44|44965|44965|35
22|RUSSIA|25|22|28734.82|0.01|25|44965|44965|35
14|KENYA|47|14|55712.28|0.04|47|44965|44965|35
5|ETHIOPIA|78|5|83191.71|0.07|78|44965|44965|35
8|INDIA|12|8|11045.64|0.0|12|44965|44965|35
8|INDIA|39|8|11108.97|0.09|39|327|327|1157
19|ROMANIA|52|19|16802.24|0.03|52|327|327|1157
8|INDIA|61|8|16774.94|0.01|61|41413|41413|13
9|INDONESIA|50|9|29218.86|0.01|50|41413|41413|13
21|VIETNAM|68|21|11924.64|0.06|68|41413|41413|13
18|CHINA|27|18|57261.6|0.08|27|41413|41413|13
18|CHINA|75|18|40336.56|0.1|75|41413|41413|13
5|ETHIOPIA|63|5|2724.92|0.06|63|41413|41413|13
19|ROMANIA|52|19|4124.52|0.05|52|41413|41413|13
21|VIETNAM|80|21|44116.3|0.07|80|33856|33856|79
19|ROMANIA|62|19|20609.27|0.0|62|33856|33856|79
22|RUSSIA|40|22|24199.84|0.07|40|33856|33856|79
16|MOZAMBIQUE|73|16|61414.15|0.02|73|33856|33856|79
18|CHINA|72|18|52228.18|0.07|72|33856|33856|79
22|RUSSIA|16|22|21531.37|0.03|16|33856|33856|79
5|ETHIOPIA|63|5|22242.15|0.03|63|33856|33856|79
16|MOZAMBIQUE|73|16|56256.06|0.07|73|6054|6054|13
18|CHINA|41|18|39042.0|0.05|41|6054|6054|13
11|IRAQ|5|11|28278.48|0.1|5|42535|42535|1036
24|UNITED STATES|55|24|33992.91|0.07|55|42535|42535|1036
17|PERU|1|17|6261.75|0.07|1|8133|8133|1102
14|KENYA|47|14|19953.01|0.03|47|8133|8133|1102
16|MOZAMBIQUE|58|16|36309.0|0.05|58|8133|8133|1102
5|ETHIOPIA|78|5|35348.61|0.06|78|8133|8133|1102
9|INDONESIA|23|9|49187.08|0.07|23|8133|8133|1102
16|MOZAMBIQUE|18|16|60103.84|0.1|18|8133|8133|1102
1|ARGENTINA|71|1|970.07|0.01|71|29409|29409|68
10|IRAN|9|10|49577.85|0.03|9|29409|29409|68
0|ALGERIA|24|0|22442.64|0.07|24|29409|29409|68
1|ARGENTINA|3|1|6111.6|0.01|3|29409|29409|68
10|IRAN|34|10|28278.36|0.07|34|44644|44644|1025
23|UNITED KINGDOM|7|23|14640.48|0.07|7|11205|11205|1036
9|INDONESIA|51|9|55819.16|0.04|51|11205|11205|1036
18|CHINA|27|18|13856.67|0.03|27|11205|11205|1036
23|UNITED KINGDOM|7|23|10661.22|0.0|7|19719|19719|1036
0|ALGERIA|37|0|36159.55|0.01|37|19719|19719|1036
9|INDONESIA|45|9|56607.25|0.05|45|19719|19719|1036
8|INDIA|39|8|8878.52|0.06|39|19719|19719|1036
7|GERMANY|33|7|63330.24|0.03|33|39937|39937|13
23|UNITED KINGDOM|66|23|54237.4|0.06|66|39937|39937|13
18|CHINA|11|18|89044.0|0.1|11|39937|39937|13
10|IRAN|9|10|1236.33|0.05|9|39937|39937|13
3|CANADA|13|3|35705.34|0.04|13|39937|39937|13
3|CANADA|13|3|29431.4|0.08|13|39937|39937|13
5|ETHIOPIA|78|5|42299.88|0.06|78|39937|39937|13
14|KENYA|6|14|31659.0|0.06|6|28805|28805|68
19|ROMANIA|17|19|15631.47|0.03|17|28805|28805|68
4|EGYPT|38|4|10581.5|0.08|38|28805|28805|68
20|SAUDI ARABIA|74|20|47195.4|0.06|74|28805|28805|68
20|SAUDI ARABIA|74|20|41205.36|0.01|74|28805|28805|68
4|EGYPT|38|4|16462.49|0.01|38|24548|24548|1036
17|PERU|8|17|46967.7|0.05|8|6211|6211|1036
17|PERU|8|17|1415.51|0.05|8|6211|6211|1036
17|PERU|59|17|35612.61|0.09|59|6211|6211|1036
7|GERMANY|77|7|22023.52|0.04|77|11617|11617|1168
4|EGYPT|69|4|13054.95|0.03|69|11617|11617|1168
23|UNITED KINGDOM|32|23|59449.94|0.02|32|11617|11617|1168
22|RUSSIA|65|22|2316.5|0.0|65|11617|11617|1168
3|CANADA|20|3|55796.07|0.08|20|11617|11617|1168
21|VIETNAM|80|21|28477.92|0.04|80|33926|33926|1135
0|ALGERIA|24|0|49908.8|0.04|24|33926|33926|1135
17|PERU|1|17|49697.28|0.07|1|9633|9633|1069
21|VIETNAM|26|21|20569.56|0.09|26|9633|9633|1069
16|MOZAMBIQUE|18|16|16469.64|0.09|18|9633|9633|1069
22|RUSSIA|65|22|57595.49|0.09|65|9633|9633|1069
5|ETHIOPIA|63|5|41331.36|0.05|63|9633|9633|1069
11|IRAQ|5|11|14586.48|0.02|5|31429|31429|1168
18|CHINA|11|18|6987.45|0.07|11|31429|31429|1168
0|ALGERIA|28|0|5916.48|0.09|28|31429|31429|1168
17|PERU|1|17|5252.55|0.07|1|8288|8288|1135
9|INDONESIA|51|9|36649.9|0.04|51|8288|8288|1135
16|MOZAMBIQUE|73|16|40545.78|0.01|73|8288|8288|1135
10|IRAN|9|10|38255.25|0.04|9|8288|8288|1135
17|PERU|59|17|10467.2|0.09|59|8288|8288|1135
9|INDONESIA|23|9|57781.62|0.02|23|8288|8288|1135
19|ROMANIA|62|19|54238.38|0.06|62|4097|4097|68
1|ARGENTINA|29|1|74429.0|0.04|29|4097|4097|68
12|JAPAN|54|12|68382.68|0.1|54|4097|4097|68
14|KENYA|48|14|59231.21|0.07|48|24739|24739|35
24|UNITED STATES|19|24|51855.5|0.04|19|24739|24739|35
7|GERMANY|44|7|24233.84|0.04|44|40513|40513|1168
6|FRANCE|70|6|18980.4|0.01|70|40513|40513|1168
14|KENYA|47|14|26489.12|0.09|47|40513|40513|1168
9|INDONESIA|45|9|18771.4|0.07|45|40513|40513|1168
14|KENYA|6|14|42358.44|0.08|6|9345|9345|1102
16|MOZAMBIQUE|56|16|29571.4|0.06|56|9345|9345|1102
5|ETHIOPIA|78|5|17571.04|0.01|78|9345|9345|1102
12|JAPAN|54|12|23593.12|0.03|54|9345|9345|1102
14|KENYA|76|14|28709.26|0.02|76|9345|9345|1102
17|PERU|1|17|9800.8|0.04|1|45958|45958|1036
15|MOROCCO|14|15|50099.58|0.01|14|45958|45958|1036
8|INDIA|12|8|4183.47|0.05|12|45958|45958|1036
3|CANADA|20|3|49921.38|0.05|20|45958|45958|1036
20|SAUDI ARABIA|74|20|22019.27|0.06|74|45958|45958|1036
8|INDIA|60|8|28157.6|0.1|60|25281|25281|46
14|KENYA|79|14|27461.76|0.04|79|25281|25281|46
16|MOZAMBIQUE|56|16|10505.55|0.02|56|25281|25281|46
24|UNITED STATES|19|24|21875.58|0.09|19|25281|25281|46
19|ROMANIA|52|19|65199.03|0.09|52|25281|25281|46
5|ETHIOPIA|2|5|921.02|0.04|2|25380|25380|79
4|EGYPT|22|4|11772.7|0.03|22|15172|15172|79
7|GERMANY|77|7|50894.8|0.02|77|15172|15172|79
8|INDIA|12|8|1200.29|0.09|12|15172|15172|79
23|UNITED KINGDOM|32|23|26856.69|0.06|32|15172|15172|79
18|CHINA|27|18|17560.9|0.08|27|15172|15172|79
16|MOZAMBIQUE|18|16|41484.24|0.0|18|6752|6752|1003
11|IRAQ|5|11|39018.84|0.02|5|7842|7842|13
4|EGYPT|22|4|57742.62|0.1|22|38374|38374|1124
0|ALGERIA|37|0|81175.5|0.08|37|38374|38374|1124
9|INDONESIA|23|9|44427.04|0.01|23|38374|38374|1124
23|UNITED KINGDOM|32|23|9720.7|0.02|32|38374|38374|1124
22|RUSSIA|42|22|61625.16|0.06|42|38374|38374|1124
24|UNITED STATES|64|24|1880.06|0.0|64|38374|38374|1124
21|VIETNAM|35|21|16007.4|0.01|35|35393|35393|1025
16|MOZAMBIQUE|73|16|47284.92|0.01|73|1639|1639|35
14|KENYA|79|14|51879.76|0.04|79|1639|1639|35
7|GERMANY|53|7|33443.76|0.07|53|1639|1639|35
17|PERU|1|17|12108.96|0.1|1|32390|32390|1025
23|UNITED KINGDOM|66|23|40760.46|0.05|66|42082|42082|1058
7|GERMANY|77|7|35034.86|0.09|77|42082|42082|1058
18|CHINA|11|18|57092.09|0.1|11|42082|42082|1058
1|ARGENTINA|29|1|35177.8|0.07|29|42082|42082|1058
1|ARGENTINA|29|1|46030.16|0.07|29|42082|42082|1058
7|GERMANY|53|7|43805.41|0.07|53|42082|42082|1058
9|INDONESIA|50|9|40013.4|0.07|50|20160|20160|1102
22|RUSSIA|25|22|34082.83|0.06|25|20160|20160|1102
12|JAPAN|43|12|44687.68|0.01|43|20160|20160|1102
24|UNITED STATES|64|24|38272.77|0.05|64|20160|20160|1102
19|ROMANIA|52|19|20069.42|0.06|52|20160|20160|1102
7|GERMANY|44|7|51679.95|0.07|44|26243|26243|13
9|INDONESIA|50|9|25624.08|0.08|50|26243|26243|13
17|PERU|59|17|90395.0|0.1|59|26243|26243|13
14|KENYA|76|14|26736.82|0.0|76|26243|26243|13
14|KENYA|6|14|55724.85|0.01|6|17796|17796|1003
16|MOZAMBIQUE|73|16|20600.84|0.01|73|17796|17796|1003
22|RUSSIA|25|22|21243.2|0.03|25|17796|17796|1003
9|INDONESIA|23|9|7014.7|0.0|23|17796|17796|1003
4|EGYPT|38|4|24794.24|0.01|38|33383|33383|1124
21|VIETNAM|80|21|21023.1|0.1|80|34791|34791|79
17|PERU|1|17|16773.15|0.06|1|34791|34791|79
17|PERU|1|17|10090.88|0.0|1|34791|34791|79
7|GERMANY|33|7|50822.34|0.08|33|34791|34791|79
16|MOZAMBIQUE|56|16|55618.5|0.0|56|34791|34791|79
24|UNITED STATES|10|24|73385.08|0.06|10|34791|34791|79
16|MOZAMBIQUE|31|16|27693.28|0.01|31|34791|34791|79
22|RUSSIA|40|22|40951.68|0.04|40|24771|24771|68
4|EGYPT|22|4|74079.0|0.1|22|24771|24771|68
3|CANADA|13|3|54606.75|0.06|13|24771|24771|68
11|IRAQ|5|11|15652.8|0.1|5|26597|26597|1168
16|MOZAMBIQUE|73|16|54201.6|0.01|73|26597|26597|1168
7|GERMANY|33|7|6384.07|0.02|33|26597|26597|1168
8|INDIA|15|8|17313.75|0.03|15|26597|26597|1168
4|EGYPT|67|4|46029.78|0.09|67|26597|26597|1168
9|INDONESIA|50|9|45500.0|0.07|50|16323|16323|1058
3|CANADA|13|3|62381.88|0.03|13|16323|16323|1058
23|UNITED KINGDOM|32|23|52543.04|0.01|32|16323|16323|1058
22|RUSSIA|16|22|79572.0|0.07|16|16323|16323|1058
9|INDONESIA|51|9|43680.48|0.09|51|17027|17027|1025
7|GERMANY|77|7|23718.46|0.01|77|17027|17027|1025
8|INDIA|15|8|17443.08|0.1|15|17027|17027|1025
16|MOZAMBIQUE|58|16|19784.88|0.04|58|17027|17027|1025
21|VIETNAM|68|21|45629.88|0.07|68|17027|17027|1025
9|INDONESIA|23|9|46201.68|0.09|23|17027|17027|1025
14|KENYA|76|14|35317.2|0.07|76|25025|25025|1069
23|UNITED KINGDOM|7|23|42401.44|0.01|7|23265|23265|1069
9|INDONESIA|50|9|29218.86|0.04|50|23265|23265|1069
17|PERU|57|17|12661.8|0.05|57|23265|23265|1069
16|MOZAMBIQUE|56|16|55059.4|0.04|56|23265|23265|1069
1|ARGENTINA|3|1|25948.32|0.03|3|23265|23265|1069
14|KENYA|6|14|33109.19|0.03|6|25378|25378|1025
6|FRANCE|70|6|23749.38|0.04|70|25378|25378|1025
4|EGYPT|69|4|25675.2|0.07|69|25378|25378|1025
21|VIETNAM|68|21|1212.31|0.09|68|25378|25378|1025
17|PERU|1|17|31789.51|0.03|1|37731|37731|68
21|VIETNAM|26|21|47523.17|0.07|26|37731|37731|68
22|RUSSIA|25|22|50536.61|0.01|25|37731|37731|68
8|INDIA|39|8|34245.72|0.08|39|37731|37731|68
17|PERU|8|17|9766.32|0.06|8|45442|45442|1168
24|UNITED STATES|19|24|16781.88|0.06|19|45442|45442|1168
12|JAPAN|54|12|21383.2|0.09|54|45442|45442|1168
14|KENYA|76|14|12701.44|0.04|76|45442|45442|1168
21|VIETNAM|80|21|22706.86|0.0|80|25159|25159|79
8|INDIA|15|8|8088.88|0.03|15|25159|25159|79
8|INDIA|15|8|41885.01|0.04|15|25159|25159|79
16|MOZAMBIQUE|56|16|28750.6|0.04|56|25159|25159|79
10|IRAN|34|10|5549.92|0.07|34|25159|25159|79
24|UNITED STATES|64|24|5986.36|0.0|64|25159|25159|79
0|ALGERIA|24|0|29885.86|0.03|24|36423|36423|1102
21|VIETNAM|26|21|56220.96|0.1|26|38403|38403|46
10|IRAN|34|10|31208.94|0.06|34|38403|38403|46
23|UNITED KINGDOM|32|23|28782.24|0.09|32|38403|38403|46
12|JAPAN|43|12|33203.52|0.09|43|38403|38403|46
14|KENYA|47|14|48842.89|0.07|47|39525|39525|79
15|MOROCCO|14|15|16644.81|0.05|14|26534|26534|1025
5|ETHIOPIA|2|5|73998.72|0.04|2|26534|26534|1025
