31041.36|0.06|1767
29195.97|0.06|25093
42675.53|0.0|6948
52536.4|0.06|1767
38519.71|0.03|26182
6386.85|0.09|19175
81321.56|0.1|6948
22276.97|0.08|29570
1147.24|0.05|19780
52194.9|0.0|3648
16762.06|0.1|18471
17478.6|0.03|19780
37681.6|0.08|18592
29221.29|0.02|25060
57393.6|0.02|39360
17148.1|0.05|18592
44316.3|0.02|2625
39666.12|0.01|3109
56566.04|0.03|1888
41690.88|0.01|28195
23331.99|0.01|25060
20404.45|0.1|19175
32634.6|0.1|37281
51337.44|0.01|19780
2650.84|0.01|1701
29316.96|0.01|19296
48825.81|0.1|1316
54009.0|0.01|1767
30368.64|0.07|6948
19287.09|0.09|45190
25911.54|0.09|39393
38905.44|0.03|28162
44527.68|0.02|16480
34364.96|0.07|2438
59231.21|0.09|27590
4617.0|0.03|28195
43516.2|0.0|39140
68423.0|0.07|36390
51631.44|0.0|19010
50099.58|0.06|6629
3433.62|0.07|5408
1733.83|0.03|7905
24631.41|0.09|36390
41007.68|0.09|36071
30635.02|0.1|1701
17607.7|0.02|8928
49683.7|0.03|46081
43639.86|0.05|16161
5736.3|0.08|39492
27960.03|0.02|6629
29239.44|0.0|29185
17178.1|0.05|8609
28756.0|0.0|4869
4713.08|0.03|1888
73758.24|0.06|28481
7123.68|0.01|19175
10891.68|0.0|6629
63428.16|0.08|1888
41167.24|0.04|16161
32002.56|0.01|2438
58405.38|0.08|25060
32724.0|0.05|19175
24936.14|0.04|37380
42732.85|0.09|19296
62673.16|0.02|2438
23854.09|0.06|2339
34011.25|0.04|28162
43367.12|0.03|1734
45100.0|0.01|17250
52670.24|0.03|4737
17046.12|0.02|18471
31096.1|0.08|2438
49052.8|0.01|1316
15953.44|0.06|3648
71272.95|0.09|3648
25051.14|0.09|2438
78160.32|0.05|29350
21401.31|0.02|1921
56490.75|0.1|7905
40027.18|0.02|29350
31280.94|0.01|8807
20890.08|0.09|19296
61616.5|0.04|1888
19833.06|0.07|27491
45711.67|0.04|45190
51806.12|0.03|25093
51452.25|0.03|6629
4576.86|0.0|4418
39754.84|0.07|18471
8465.2|0.07|28162
7768.25|0.09|16194
39762.6|0.01|39173
46251.76|0.09|37380
53943.96|0.07|4869
41323.68|0.1|4869
51898.35|0.08|3109
31870.44|0.0|2339
77208.78|0.07|39360
39663.05|0.08|27491
49593.39|0.08|26182
64502.9|0.04|5408
63620.16|0.04|5408
20625.72|0.03|29185
41978.66|0.06|7905
26718.39|0.06|38370
27225.64|0.06|7619
48933.58|0.09|16480
14405.4|0.1|2438
66417.05|0.06|29284
50598.0|0.1|4935
45923.25|0.06|3648
17490.76|0.08|3648
34357.2|0.0|6948
77332.0|0.01|19010
49131.9|0.04|8609
36999.06|0.1|39360
44038.54|0.07|28294
17542.72|0.01|16161
25039.56|0.01|19296
22899.3|0.02|1316
51567.93|0.08|1701
45435.06|0.03|1888
42445.44|0.1|29350
48051.0|0.05|29284
25742.34|0.09|19175
59913.84|0.09|33090
51161.66|0.05|16194
31689.84|0.1|37281
5457.84|0.08|1602
22748.84|0.1|18471
7736.4|0.05|18790
41212.02|0.03|28162
18879.8|0.06|28294
68967.5|0.06|26182
1837.93|0.05|16194
27119.19|0.05|27392
44929.47|0.01|4935
9595.44|0.08|1921
48637.48|0.0|18471
46354.7|0.05|15270
5858.24|0.0|33090
56089.2|0.04|3109
14007.07|0.09|5639
24750.04|0.09|19175
14435.82|0.01|16480
39497.76|0.1|16194
59262.9|0.03|39393
40715.71|0.0|28294
19480.86|0.05|6629
21322.8|0.0|1316
