24|UNITED STATES|55|24|35097.0|0.0|55|43168|43168|541|541|0
8|INDIA|60|8|39517.43|0.01|60|43168|43168|541|541|0
21|VIETNAM|26|21|49973.12|0.07|26|43168|43168|541|541|0
18|CHINA|27|18|8198.65|0.1|27|43168|43168|541|541|0
8|INDIA|61|8|48906.41|0.05|61|15428|15428|541|541|0
14|KENYA|48|14|36934.56|0.0|48|15428|15428|541|541|0
15|MOROCCO|4|15|52838.24|0.01|4|15428|15428|541|541|0
8|INDIA|39|8|45952.17|0.08|39|15428|15428|541|541|0
14|KENYA|79|14|22163.94|0.02|79|2208|2208|541|541|0
8|INDIA|12|8|61966.5|0.07|12|2208|2208|541|541|0
16|MOZAMBIQUE|56|16|61031.78|0.08|56|2208|2208|541|541|0
1|ARGENTINA|29|1|65205.6|0.08|29|2208|2208|541|541|0
24|UNITED STATES|10|24|42706.8|0.0|10|2208|2208|541|541|0
3|CANADA|20|3|48900.89|0.03|20|2208|2208|541|541|0
5|ETHIOPIA|63|5|18433.47|0.08|63|2208|2208|541|541|0
7|GERMANY|77|7|27661.7|0.08|77|11264|11264|541|541|0
7|GERMANY|44|7|32951.36|0.03|44|11264|11264|541|541|0
7|GERMANY|77|7|30712.6|0.0|77|11264|11264|541|541|0
21|VIETNAM|68|21|18948.48|0.03|68|11264|11264|541|541|0
14|KENYA|79|14|17761.81|0.01|79|11264|11264|541|541|0
9|INDONESIA|50|9|38220.0|0.09|50|14368|14368|541|541|0
4|EGYPT|69|4|6330.9|0.07|69|14368|14368|541|541|0
21|VIETNAM|35|21|50748.6|0.01|35|14368|14368|541|541|0
18|CHINA|75|18|7512.19|0.01|75|14368|14368|541|541|0
24|UNITED STATES|64|24|3733.02|0.04|64|14368|14368|541|541|0
23|UNITED KINGDOM|7|23|47813.46|0.08|7|35169|35169|541|541|0
16|MOZAMBIQUE|58|16|32462.1|0.04|58|35169|35169|541|541|0
4|EGYPT|38|4|18925.71|0.06|38|35169|35169|541|541|0
1|ARGENTINA|3|1|6562.05|0.03|3|35169|35169|541|541|0
21|VIETNAM|68|21|53292.6|0.09|68|3302|3302|266|266|0
5|ETHIOPIA|2|5|24570.0|0.03|2|26625|26625|266|266|0
19|ROMANIA|62|19|40010.88|0.0|62|40550|40550|662|662|0
21|VIETNAM|68|21|85005.24|0.04|68|40550|40550|662|662|0
9|INDONESIA|23|9|8696.38|0.07|23|40550|40550|662|662|0
9|INDONESIA|45|9|54296.75|0.02|45|40550|40550|662|662|0
0|ALGERIA|28|0|6156.72|0.01|28|40550|40550|662|662|0
5|ETHIOPIA|63|5|49612.5|0.05|63|40550|40550|662|662|0
22|RUSSIA|40|22|4417.71|0.06|40|21732|21732|662|662|0
1|ARGENTINA|71|1|25488.6|0.1|71|21732|21732|662|662|0
13|JORDAN|36|13|17750.98|0.04|36|21732|21732|662|662|0
5|ETHIOPIA|78|5|67611.72|0.06|78|21732|21732|662|662|0
19|ROMANIA|17|19|61085.25|0.03|17|21732|21732|662|662|0
24|UNITED STATES|64|24|16916.2|0.03|64|21732|21732|662|662|0
1|ARGENTINA|71|1|60767.68|0.05|71|34918|34918|662|662|0
10|IRAN|9|10|29854.24|0.08|9|34918|34918|662|662|0
12|JAPAN|54|12|34452.72|0.01|54|34918|34918|662|662|0
18|CHINA|41|18|16317.3|0.06|41|34918|34918|662|662|0
20|SAUDI ARABIA|74|20|34053.83|0.07|74|34918|34918|662|662|0
21|VIETNAM|80|21|1848.04|0.04|80|44101|44101|662|662|0
11|IRAQ|5|11|20457.6|0.02|5|44101|44101|662|662|0
4|EGYPT|22|4|38611.47|0.01|22|44101|44101|662|662|0
8|INDIA|61|8|26735.39|0.02|61|44101|44101|662|662|0
17|PERU|59|17|1856.95|0.03|59|44101|44101|662|662|0
22|RUSSIA|42|22|18532.0|0.09|42|44101|44101|662|662|0
7|GERMANY|33|7|50769.9|0.04|33|30981|30981|751|751|0
14|KENYA|47|14|23356.41|0.06|47|30981|30981|751|751|0
15|MOROCCO|14|15|84665.28|0.02|14|30981|30981|751|751|0
21|VIETNAM|68|21|56175.3|0.1|68|30981|30981|751|751|0
24|UNITED STATES|19|24|23379.75|0.03|19|30981|30981|751|751|0
12|JAPAN|54|12|25101.69|0.1|54|30981|30981|751|751|0
22|RUSSIA|16|22|24376.75|0.03|16|27747|27747|751|751|0
22|RUSSIA|16|22|52946.99|0.09|16|40422|40422|751|751|0
16|MOZAMBIQUE|31|16|41427.22|0.03|31|40422|40422|751|751|0
4|EGYPT|22|4|39192.05|0.04|22|31431|31431|793|793|0
8|INDIA|61|8|77890.56|0.01|61|31431|31431|793|793|0
0|ALGERIA|37|0|7568.16|0.0|37|31431|31431|793|793|0
9|INDONESIA|23|9|32044.1|0.03|23|31431|31431|793|793|0
2|BRAZIL|21|2|46008.9|0.02|21|31431|31431|793|793|0
3|CANADA|20|3|16319.38|0.1|20|31431|31431|793|793|0
18|CHINA|11|18|48912.15|0.0|11|32224|32224|793|793|0
14|KENYA|76|14|31644.51|0.04|76|32224|32224|793|793|0
18|CHINA|27|18|4344.72|0.04|27|32224|32224|793|793|0
17|PERU|59|17|30140.5|0.01|59|1317|1317|793|793|0
9|INDONESIA|23|9|8247.89|0.05|23|1317|1317|793|793|0
24|UNITED STATES|19|24|39498.84|0.02|19|1317|1317|793|793|0
23|UNITED KINGDOM|32|23|33050.38|0.08|32|1317|1317|793|793|0
7|GERMANY|53|7|60999.4|0.05|53|1317|1317|793|793|0
24|UNITED STATES|46|24|52107.0|0.07|46|38692|38692|793|793|0
19|ROMANIA|62|19|17499.38|0.09|62|40581|40581|793|793|0
22|RUSSIA|25|22|40120.29|0.07|25|40581|40581|793|793|0
19|ROMANIA|52|19|3375.66|0.01|52|40581|40581|793|793|0
9|INDONESIA|51|9|46421.31|0.02|51|37061|37061|155|155|0
9|INDONESIA|50|9|30127.92|0.1|50|37061|37061|155|155|0
17|PERU|57|17|62141.94|0.03|57|37061|37061|155|155|0
22|RUSSIA|16|22|39567.47|0.03|16|37061|37061|155|155|0
16|MOZAMBIQUE|30|16|68740.32|0.1|30|37061|37061|155|155|0
19|ROMANIA|52|19|5117.48|0.09|52|37061|37061|155|155|0
21|VIETNAM|80|21|38733.82|0.06|80|2662|2662|295|295|0
7|GERMANY|44|7|73693.83|0.09|44|2662|2662|295|295|0
8|INDIA|61|8|7368.16|0.02|61|2662|2662|295|295|0
16|MOZAMBIQUE|30|16|5454.0|0.02|30|2662|2662|295|295|0
23|UNITED KINGDOM|7|23|48202.7|0.03|7|44039|44039|295|295|0
3|CANADA|13|3|50853.94|0.07|13|44039|44039|295|295|0
13|JORDAN|36|13|47695.6|0.08|36|17890|17890|295|295|0
23|UNITED KINGDOM|7|23|27894.24|0.07|7|29028|29028|295|295|0
12|JAPAN|43|12|86641.5|0.06|43|29028|29028|295|295|0
22|RUSSIA|65|22|47527.92|0.04|65|29028|29028|295|295|0
5|ETHIOPIA|63|5|23788.96|0.02|63|29028|29028|295|295|0
2|BRAZIL|21|2|50868.37|0.02|21|16259|16259|295|295|0
24|UNITED STATES|10|24|35949.2|0.01|10|16259|16259|295|295|0
16|MOZAMBIQUE|31|16|43866.48|0.01|31|16259|16259|295|295|0
5|ETHIOPIA|63|5|12823.8|0.02|63|16259|16259|295|295|0
17|PERU|1|17|68834.32|0.04|1|47136|47136|295|295|0
3|CANADA|13|3|57092.09|0.07|13|47136|47136|295|295|0
7|GERMANY|44|7|4929.32|0.02|44|43044|43044|295|295|0
9|INDONESIA|45|9|82007.48|0.03|45|43044|43044|295|295|0
19|ROMANIA|52|19|41644.8|0.01|52|43044|43044|295|295|0
8|INDIA|15|8|81386.0|0.09|15|23367|23367|790|790|0
24|UNITED STATES|10|24|82278.24|0.04|10|23367|23367|790|790|0
3|CANADA|20|3|11524.24|0.04|20|28229|28229|790|790|0
22|RUSSIA|40|22|91199.52|0.02|40|6439|6439|790|790|0
22|RUSSIA|25|22|67416.0|0.01|25|6439|6439|790|790|0
10|IRAN|34|10|62814.78|0.08|34|6439|6439|790|790|0
8|INDIA|39|8|14640.16|0.1|39|6439|6439|790|790|0
1|ARGENTINA|3|1|2296.48|0.05|3|6439|6439|790|790|0
23|UNITED KINGDOM|7|23|12496.32|0.03|7|40934|40934|790|790|0
0|ALGERIA|24|0|8505.36|0.01|24|40934|40934|790|790|0
24|UNITED STATES|19|24|29583.19|0.1|19|40934|40934|790|790|0
16|MOZAMBIQUE|18|16|67662.0|0.0|18|40934|40934|790|790|0
19|ROMANIA|52|19|42762.53|0.08|52|40934|40934|790|790|0
11|IRAQ|5|11|1624.72|0.02|5|16128|16128|790|790|0
6|FRANCE|70|6|45922.29|0.1|70|16128|16128|790|790|0
8|INDIA|39|8|26202.29|0.0|39|16128|16128|790|790|0
4|EGYPT|22|4|64044.2|0.04|22|24455|24455|790|790|0
18|CHINA|72|18|48771.52|0.01|72|24455|24455|790|790|0
21|VIETNAM|80|21|21533.22|0.01|80|28581|28581|491|491|0
16|MOZAMBIQUE|73|16|20001.45|0.09|73|28581|28581|491|491|0
18|CHINA|11|18|67271.2|0.09|11|28581|28581|491|491|0
8|INDIA|60|8|7235.6|0.06|60|28581|28581|491|491|0
0|ALGERIA|24|0|58391.94|0.05|24|28581|28581|491|491|0
1|ARGENTINA|29|1|23082.36|0.09|29|28581|28581|491|491|0
17|PERU|8|17|65541.03|0.02|8|14790|14790|491|491|0
17|PERU|1|17|43643.46|0.07|1|14790|14790|491|491|0
23|UNITED KINGDOM|66|23|9650.6|0.06|66|14790|14790|491|491|0
8|INDIA|60|8|33576.3|0.1|60|14790|14790|491|491|0
10|IRAN|9|10|31534.16|0.0|9|14790|14790|491|491|0
21|VIETNAM|35|21|4376.76|0.06|35|14790|14790|491|491|0
22|RUSSIA|42|22|47982.48|0.06|42|14790|14790|491|491|0
22|RUSSIA|40|22|9940.9|0.01|40|26594|26594|491|491|0
15|MOROCCO|14|15|10801.7|0.01|14|26594|26594|491|491|0
24|UNITED STATES|19|24|56124.48|0.0|19|26594|26594|491|491|0
19|ROMANIA|52|19|36216.06|0.09|52|26594|26594|491|491|0
24|UNITED STATES|10|24|55205.22|0.06|10|27971|27971|491|491|0
16|MOZAMBIQUE|73|16|31085.88|0.06|73|37058|37058|491|491|0
0|ALGERIA|37|0|34791.75|0.05|37|37058|37058|491|491|0
17|PERU|57|17|6381.85|0.1|57|37058|37058|491|491|0
24|UNITED STATES|10|24|7712.28|0.0|10|37058|37058|491|491|0
19|ROMANIA|52|19|45650.4|0.09|52|37058|37058|491|491|0
18|CHINA|11|18|37732.23|0.04|11|36896|36896|491|491|0
18|CHINA|72|18|14775.7|0.07|72|36896|36896|491|491|0
22|RUSSIA|25|22|59352.65|0.04|25|36896|36896|491|491|0
9|INDONESIA|23|9|43694.5|0.04|23|36896|36896|491|491|0
7|GERMANY|77|7|72961.97|0.07|77|1890|1890|76|76|0
24|UNITED STATES|19|24|18629.6|0.01|19|1890|1890|76|76|0
17|PERU|1|17|57208.49|0.08|1|29760|29760|76|76|0
8|INDIA|12|8|27606.67|0.05|12|29760|29760|76|76|0
18|CHINA|27|18|42765.76|0.07|27|29760|29760|76|76|0
3|CANADA|20|3|45835.67|0.08|20|29760|29760|76|76|0
17|PERU|1|17|20409.23|0.08|1|14471|14471|76|76|0
8|INDIA|15|8|46354.7|0.05|15|14471|14471|76|76|0
0|ALGERIA|37|0|55110.0|0.01|37|14471|14471|76|76|0
15|MOROCCO|4|15|13912.08|0.01|4|14471|14471|76|76|0
22|RUSSIA|42|22|12811.68|0.03|42|14471|14471|76|76|0
7|GERMANY|53|7|67901.82|0.05|53|14471|14471|76|76|0
5|ETHIOPIA|63|5|60665.5|0.06|63|14471|14471|76|76|0
11|IRAQ|5|11|75011.2|0.02|5|23043|23043|76|76|0
12|JAPAN|54|12|70340.97|0.06|54|23043|23043|76|76|0
17|PERU|59|17|11628.65|0.05|59|2118|2118|1066|1066|0
0|ALGERIA|28|0|5473.84|0.08|28|2118|2118|1066|1066|0
22|RUSSIA|25|22|46051.3|0.04|25|1444|1444|1066|1066|0
18|CHINA|75|18|36895.25|0.02|75|1444|1444|1066|1066|0
7|GERMANY|53|7|11105.7|0.06|53|1444|1444|1066|1066|0
8|INDIA|61|8|18468.0|0.1|61|775|775|1066|1066|0
16|MOZAMBIQUE|58|16|27034.98|0.01|58|775|775|1066|1066|0
21|VIETNAM|68|21|35157.0|0.01|68|775|775|1066|1066|0
21|VIETNAM|80|21|37644.32|0.1|80|3872|3872|1066|1066|0
23|UNITED KINGDOM|7|23|40429.28|0.07|7|3872|3872|1066|1066|0
19|ROMANIA|17|19|39296.94|0.04|17|3872|3872|1066|1066|0
19|ROMANIA|17|19|22488.12|0.07|17|3872|3872|1066|1066|0
14|KENYA|6|14|22024.0|0.1|6|37861|37861|1066|1066|0
22|RUSSIA|40|22|11977.08|0.07|40|37861|37861|1066|1066|0
18|CHINA|72|18|26139.68|0.09|72|37861|37861|1066|1066|0
21|VIETNAM|35|21|1187.28|0.1|35|37861|37861|1066|1066|0
18|CHINA|75|18|1175.27|0.0|75|37861|37861|1066|1066|0
20|SAUDI ARABIA|74|20|48514.41|0.1|74|37861|37861|1066|1066|0
8|INDIA|61|8|12229.32|0.09|61|17511|17511|1066|1066|0
23|UNITED KINGDOM|66|23|23629.62|0.05|66|36388|36388|1066|1066|0
14|KENYA|79|14|20884.61|0.06|79|36388|36388|1066|1066|0
8|INDIA|12|8|41690.88|0.1|12|36388|36388|1066|1066|0
24|UNITED STATES|19|24|18650.34|0.03|19|36388|36388|1066|1066|0
4|EGYPT|22|4|23034.31|0.07|22|2432|2432|817|817|0
7|GERMANY|44|7|38861.7|0.03|44|2432|2432|817|817|0
2|BRAZIL|21|2|14001.4|0.0|21|2432|2432|817|817|0
22|RUSSIA|16|22|9570.32|0.07|16|2432|2432|817|817|0
0|ALGERIA|37|0|2532.72|0.05|37|30657|30657|817|817|0
22|RUSSIA|42|22|34633.51|0.1|42|30657|30657|817|817|0
1|ARGENTINA|3|1|16994.56|0.05|3|30657|30657|817|817|0
21|VIETNAM|26|21|41906.92|0.09|26|38240|38240|817|817|0
22|RUSSIA|25|22|3126.42|0.02|25|38240|38240|817|817|0
2|BRAZIL|21|2|40004.0|0.02|21|38240|38240|817|817|0
7|GERMANY|53|7|7943.4|0.02|53|38240|38240|817|817|0
7|GERMANY|77|7|53517.64|0.06|77|8612|8612|817|817|0
9|INDONESIA|50|9|22289.94|0.03|50|8612|8612|817|817|0
4|EGYPT|67|4|2922.21|0.07|67|8612|8612|817|817|0
17|PERU|8|17|60788.22|0.03|8|20070|20070|817|817|0
21|VIETNAM|80|21|35695.59|0.02|80|20070|20070|817|817|0
11|IRAQ|5|11|12108.96|0.05|5|20070|20070|817|817|0
9|INDONESIA|45|9|20782.2|0.03|45|20070|20070|817|817|0
16|MOZAMBIQUE|31|16|6637.2|0.1|31|20070|20070|817|817|0
21|VIETNAM|80|21|5696.15|0.03|80|19203|19203|817|817|0
24|UNITED STATES|55|24|30036.5|0.01|55|19203|19203|817|817|0
14|KENYA|79|14|35162.5|0.0|79|19203|19203|817|817|0
12|JAPAN|43|12|6360.96|0.1|43|19203|19203|817|817|0
13|JORDAN|36|13|43484.99|0.06|36|25894|25894|817|817|0
9|INDONESIA|45|9|12453.2|0.1|45|8418|8418|86|86|0
14|KENYA|6|14|74579.5|0.09|6|8516|8516|86|86|0
7|GERMANY|33|7|18488.33|0.01|33|8516|8516|86|86|0
7|GERMANY|77|7|25788.56|0.1|77|8516|8516|86|86|0
1|ARGENTINA|71|1|39122.8|0.09|71|8516|8516|86|86|0
14|KENYA|48|14|51094.8|0.06|48|8516|8516|86|86|0
16|MOZAMBIQUE|58|16|44064.48|0.1|58|8516|8516|86|86|0
9|INDONESIA|23|9|71882.36|0.04|23|8516|8516|86|86|0
9|INDONESIA|51|9|25101.09|0.01|51|22531|22531|29|29|0
14|KENYA|47|14|7499.88|0.03|47|22531|22531|29|29|0
13|JORDAN|36|13|21493.37|0.03|36|22531|22531|29|29|0
3|CANADA|13|3|66319.05|0.03|13|22531|22531|29|29|0
19|ROMANIA|17|19|35533.68|0.04|17|22531|22531|29|29|0
6|FRANCE|70|6|59655.18|0.0|70|13920|13920|29|29|0
8|INDIA|12|8|50559.02|0.01|12|13920|13920|29|29|0
24|UNITED STATES|10|24|29367.16|0.09|10|13920|13920|29|29|0
23|UNITED KINGDOM|7|23|51741.9|0.06|7|3266|3266|29|29|0
14|KENYA|79|14|43601.5|0.09|79|3266|3266|29|29|0
16|MOZAMBIQUE|73|16|39644.0|0.1|73|8608|8608|802|802|0
21|VIETNAM|35|21|29248.32|0.08|35|8608|8608|802|802|0
15|MOROCCO|4|15|55049.4|0.01|4|8608|8608|802|802|0
22|RUSSIA|65|22|2276.46|0.04|65|8608|8608|802|802|0
17|PERU|1|17|64828.8|0.01|1|32422|32422|802|802|0
18|CHINA|72|18|22825.2|0.0|72|32422|32422|802|802|0
21|VIETNAM|68|21|42907.41|0.05|68|32422|32422|802|802|0
1|ARGENTINA|29|1|28942.4|0.04|29|32422|32422|802|802|0
9|INDONESIA|51|9|31617.84|0.08|51|43808|43808|802|802|0
16|MOZAMBIQUE|56|16|24581.9|0.05|56|43808|43808|802|802|0
22|RUSSIA|16|22|18660.16|0.02|16|43808|43808|802|802|0
1|ARGENTINA|3|1|26523.12|0.09|3|43808|43808|802|802|0
22|RUSSIA|40|22|34490.57|0.08|40|5892|5892|802|802|0
9|INDONESIA|23|9|40744.4|0.09|23|5892|5892|802|802|0
16|MOZAMBIQUE|18|16|25676.28|0.03|18|5892|5892|802|802|0
5|ETHIOPIA|63|5|7582.26|0.02|63|5892|5892|802|802|0
0|ALGERIA|37|0|31624.5|0.1|37|45925|45925|802|802|0
12|JAPAN|43|12|12685.75|0.07|43|45925|45925|802|802|0
9|INDONESIA|45|9|7923.4|0.0|45|26177|26177|802|802|0
24|UNITED STATES|49|24|63618.5|0.05|49|26177|26177|802|802|0
16|MOZAMBIQUE|31|16|12132.88|0.07|31|26177|26177|802|802|0
1|ARGENTINA|71|1|8949.54|0.03|71|45540|45540|802|802|0
4|EGYPT|69|4|49001.08|0.02|69|25602|25602|659|659|0
22|RUSSIA|65|22|46225.28|0.04|65|25602|25602|659|659|0
8|INDIA|39|8|36935.85|0.04|39|25602|25602|659|659|0
18|CHINA|72|18|1399.49|0.06|72|44996|44996|659|659|0
16|MOZAMBIQUE|58|16|33888.4|0.03|58|44996|44996|659|659|0
5|ETHIOPIA|78|5|17893.62|0.01|78|44996|44996|659|659|0
7|GERMANY|53|7|3745.02|0.07|53|44996|44996|659|659|0
9|INDONESIA|51|9|36602.72|0.01|51|5637|5637|823|823|0
14|KENYA|47|14|14675.6|0.01|47|5637|5637|823|823|0
14|KENYA|79|14|17841.18|0.03|79|5637|5637|823|823|0
19|ROMANIA|17|19|44707.95|0.09|17|5637|5637|823|823|0
3|CANADA|20|3|25056.54|0.01|20|5637|5637|823|823|0
18|CHINA|41|18|22760.32|0.03|41|5637|5637|823|823|0
24|UNITED STATES|10|24|4641.04|0.04|10|2787|2787|823|823|0
17|PERU|59|17|44639.59|0.1|59|25568|25568|823|823|0
10|IRAN|34|10|35024.42|0.07|34|25568|25568|823|823|0
23|UNITED KINGDOM|32|23|35358.24|0.04|32|25568|25568|823|823|0
1|ARGENTINA|29|1|55738.5|0.07|29|45445|45445|823|823|0
4|EGYPT|67|4|33270.42|0.08|67|1025|1025|823|823|0
22|RUSSIA|65|22|27004.5|0.06|65|1025|1025|823|823|0
14|KENYA|76|14|39462.84|0.03|76|1025|1025|823|823|0
8|INDIA|15|8|66304.14|0.02|15|29958|29958|823|823|0
4|EGYPT|69|4|4189.47|0.1|69|29958|29958|823|823|0
17|PERU|57|17|45380.16|0.1|57|29958|29958|823|823|0
8|INDIA|12|8|12393.3|0.06|12|29958|29958|823|823|0
12|JAPAN|43|12|24577.0|0.08|43|29958|29958|823|823|0
7|GERMANY|44|7|41131.44|0.08|44|742|742|823|823|0
16|MOZAMBIQUE|56|16|23000.48|0.01|56|742|742|823|823|0
8|INDIA|12|8|78743.26|0.04|12|742|742|823|823|0
23|UNITED KINGDOM|32|23|81686.4|0.09|32|742|742|823|823|0
12|JAPAN|54|12|70438.97|0.02|54|742|742|823|823|0
20|SAUDI ARABIA|74|20|24971.4|0.08|74|742|742|823|823|0
7|GERMANY|33|7|9193.92|0.09|33|10918|10918|823|823|0
18|CHINA|72|18|65573.92|0.05|72|10918|10918|823|823|0
21|VIETNAM|68|21|40092.5|0.04|68|4293|4293|823|823|0
17|PERU|57|17|75780.5|0.01|57|4293|4293|823|823|0
9|INDONESIA|45|9|1347.44|0.06|45|4293|4293|823|823|0
1|ARGENTINA|29|1|70057.26|0.08|29|4293|4293|823|823|0
24|UNITED STATES|49|24|30872.0|0.03|49|4293|4293|823|823|0
20|SAUDI ARABIA|74|20|68968.35|0.1|74|4293|4293|823|823|0
18|CHINA|27|18|41274.33|0.01|27|28419|28419|823|823|0
14|KENYA|6|14|22574.64|0.06|6|10208|10208|823|823|0
9|INDONESIA|51|9|43014.74|0.1|51|10208|10208|823|823|0
22|RUSSIA|65|22|37610.04|0.07|65|10208|10208|823|823|0
14|KENYA|76|14|3431.62|0.08|76|10208|10208|823|823|0
4|EGYPT|38|4|46866.54|0.01|38|10208|10208|823|823|0
24|UNITED STATES|49|24|40777.71|0.08|49|10208|10208|823|823|0
18|CHINA|75|18|53429.64|0.0|75|10208|10208|823|823|0
19|ROMANIA|62|19|50223.07|0.07|62|16133|16133|823|823|0
8|INDIA|12|8|49642.49|0.09|12|16133|16133|823|823|0
19|ROMANIA|52|19|21502.95|0.1|52|16133|16133|823|823|0
14|KENYA|79|14|7171.74|0.07|79|27463|27463|823|823|0
4|EGYPT|67|4|16766.64|0.07|67|27463|27463|823|823|0
12|JAPAN|54|12|49151.34|0.01|54|27463|27463|823|823|0
0|ALGERIA|28|0|13286.56|0.0|28|27463|27463|823|823|0
19|ROMANIA|17|19|8032.8|0.04|17|27463|27463|823|823|0
16|MOZAMBIQUE|73|16|41350.84|0.04|73|36164|36164|823|823|0
0|ALGERIA|37|0|40057.7|0.07|37|36164|36164|823|823|0
9|INDONESIA|51|9|12978.28|0.07|51|12484|12484|823|823|0
22|RUSSIA|40|22|35708.7|0.1|40|12484|12484|823|823|0
9|INDONESIA|50|9|32196.58|0.01|50|12484|12484|823|823|0
22|RUSSIA|65|22|40163.52|0.06|65|12484|12484|823|823|0
2|BRAZIL|21|2|960.06|0.04|21|12484|12484|823|823|0
24|UNITED STATES|64|24|50055.0|0.01|64|12484|12484|823|823|0
16|MOZAMBIQUE|31|16|37210.6|0.1|31|10693|10693|823|823|0
24|UNITED STATES|55|24|38358.48|0.02|55|8768|8768|955|955|0
7|GERMANY|44|7|56718.48|0.05|44|8768|8768|955|955|0
17|PERU|57|17|5537.92|0.05|57|8768|8768|955|955|0
18|CHINA|41|18|10925.52|0.03|41|8768|8768|955|955|0
17|PERU|1|17|13940.96|0.1|1|36935|36935|955|955|0
8|INDIA|61|8|35699.84|0.1|61|35619|35619|955|955|0
1|ARGENTINA|71|1|30410.96|0.06|71|35619|35619|955|955|0
14|KENYA|79|14|23951.25|0.0|79|35619|35619|955|955|0
10|IRAN|34|10|52226.1|0.04|34|35619|35619|955|955|0
5|ETHIOPIA|78|5|27557.76|0.02|78|35619|35619|955|955|0
0|ALGERIA|28|0|33894.08|0.02|28|35619|35619|955|955|0
14|KENYA|48|14|31185.36|0.09|48|45350|45350|955|955|0
2|BRAZIL|21|2|30615.3|0.0|21|45350|45350|955|955|0
22|RUSSIA|42|22|73228.0|0.01|42|45350|45350|955|955|0
18|CHINA|72|18|27806.52|0.05|72|46980|46980|955|955|0
8|INDIA|60|8|46645.83|0.09|60|46980|46980|955|955|0
18|CHINA|41|18|32170.56|0.06|41|46980|46980|955|955|0
18|CHINA|72|18|23262.08|0.05|72|227|227|80|80|0
22|RUSSIA|65|22|31065.36|0.07|65|227|227|80|80|0
16|MOZAMBIQUE|73|16|70675.5|0.09|73|16199|16199|80|80|0
16|MOZAMBIQUE|73|16|30867.48|0.0|73|16199|16199|80|80|0
1|ARGENTINA|71|1|60651.69|0.07|71|16199|16199|80|80|0
1|ARGENTINA|71|1|62932.05|0.04|71|16199|16199|80|80|0
10|IRAN|34|10|31723.02|0.04|34|16199|16199|80|80|0
22|RUSSIA|16|22|37515.41|0.06|16|16199|16199|80|80|0
8|INDIA|60|8|42142.95|0.03|60|39457|39457|80|80|0
21|VIETNAM|68|21|61031.78|0.06|68|39457|39457|80|80|0
1|ARGENTINA|29|1|3435.72|0.08|29|39457|39457|80|80|0
6|FRANCE|70|6|24675.04|0.04|70|20835|20835|700|700|0
22|RUSSIA|25|22|904.0|0.02|25|20835|20835|700|700|0
16|MOZAMBIQUE|58|16|28830.8|0.03|58|20835|20835|700|700|0
14|KENYA|79|14|42009.63|0.0|79|20835|20835|700|700|0
9|INDONESIA|45|9|37598.34|0.09|45|20835|20835|700|700|0
22|RUSSIA|25|22|10841.8|0.1|25|9699|9699|700|700|0
9|INDONESIA|45|9|1608.7|0.02|45|3110|3110|700|700|0
9|INDONESIA|23|9|41925.95|0.01|23|3110|3110|700|700|0
5|ETHIOPIA|78|5|31178.34|0.02|78|3110|3110|700|700|0
16|MOZAMBIQUE|18|16|39745.29|0.09|18|3110|3110|700|700|0
20|SAUDI ARABIA|74|20|19412.96|0.04|74|3110|3110|700|700|0
8|INDIA|15|8|26041.29|0.07|15|10181|10181|700|700|0
17|PERU|57|17|17262.36|0.0|57|10181|10181|700|700|0
17|PERU|8|17|16449.92|0.04|8|35687|35687|304|304|0
19|ROMANIA|62|19|51574.38|0.1|62|35687|35687|304|304|0
24|UNITED STATES|10|24|14040.07|0.08|10|35687|35687|304|304|0
18|CHINA|27|18|63087.62|0.07|27|35687|35687|304|304|0
22|RUSSIA|40|22|36536.43|0.09|40|34566|34566|304|304|0
8|INDIA|61|8|42166.35|0.02|61|34566|34566|304|304|0
17|PERU|59|17|15436.56|0.0|59|34566|34566|304|304|0
4|EGYPT|38|4|25235.37|0.04|38|34566|34566|304|304|0
7|GERMANY|53|7|7693.15|0.06|53|34566|34566|304|304|0
3|CANADA|20|3|42010.15|0.05|20|676|676|304|304|0
7|GERMANY|44|7|51336.45|0.08|44|11206|11206|304|304|0
7|GERMANY|33|7|29974.12|0.02|33|11206|11206|304|304|0
9|INDONESIA|50|9|43441.53|0.04|50|11206|11206|304|304|0
6|FRANCE|70|6|21022.23|0.03|70|11206|11206|304|304|0
21|VIETNAM|68|21|33705.18|0.04|68|11206|11206|304|304|0
9|INDONESIA|50|9|28682.4|0.05|50|20546|20546|304|304|0
8|INDIA|15|8|35964.06|0.09|15|20546|20546|304|304|0
5|ETHIOPIA|63|5|39550.84|0.07|63|20546|20546|304|304|0
9|INDONESIA|51|9|28650.6|0.03|51|45959|45959|304|304|0
19|ROMANIA|62|19|4564.86|0.02|62|45959|45959|304|304|0
22|RUSSIA|40|22|73770.2|0.04|40|45959|45959|304|304|0
8|INDIA|60|8|60318.86|0.03|60|45959|45959|304|304|0
17|PERU|57|17|20421.92|0.04|57|45959|45959|304|304|0
5|ETHIOPIA|78|5|88557.12|0.09|78|45959|45959|304|304|0
12|JAPAN|43|12|14238.29|0.02|43|45959|45959|304|304|0
14|KENYA|6|14|21310.44|0.1|6|42855|42855|304|304|0
24|UNITED STATES|10|24|25064.82|0.04|10|42855|42855|304|304|0
2|BRAZIL|21|2|53578.08|0.01|21|42855|42855|304|304|0
1|ARGENTINA|3|1|56592.48|0.0|3|42855|42855|304|304|0
18|CHINA|11|18|51094.8|0.05|11|27719|27719|304|304|0
7|GERMANY|44|7|37084.99|0.0|44|27719|27719|304|304|0
16|MOZAMBIQUE|58|16|37944.9|0.09|58|27719|27719|304|304|0
14|KENYA|79|14|19691.0|0.03|79|27719|27719|304|304|0
7|GERMANY|53|7|24071.04|0.03|53|27719|27719|304|304|0
20|SAUDI ARABIA|74|20|24535.95|0.07|74|27719|27719|304|304|0
19|ROMANIA|62|19|1206.3|0.04|62|36676|36676|304|304|0
18|CHINA|11|18|16759.82|0.04|11|36676|36676|304|304|0
0|ALGERIA|24|0|932.03|0.0|24|36676|36676|304|304|0
12|JAPAN|54|12|25920.93|0.08|54|36676|36676|304|304|0
22|RUSSIA|42|22|59155.36|0.06|42|36676|36676|304|304|0
16|MOZAMBIQUE|30|16|34996.8|0.1|30|36676|36676|304|304|0
5|ETHIOPIA|2|5|20346.75|0.09|2|36676|36676|304|304|0
21|VIETNAM|80|21|48517.65|0.03|80|42694|42694|931|931|0
22|RUSSIA|40|22|32266.56|0.07|40|42694|42694|931|931|0
5|ETHIOPIA|78|5|999.09|0.09|78|42694|42694|931|931|0
16|MOZAMBIQUE|56|16|14705.99|0.06|56|42694|42694|931|931|0
16|MOZAMBIQUE|18|16|33539.76|0.07|18|42694|42694|931|931|0
12|JAPAN|43|12|61262.75|0.05|43|42694|42694|931|931|0
24|UNITED STATES|10|24|4051.32|0.02|10|40708|40708|931|931|0
16|MOZAMBIQUE|31|16|16380.18|0.01|31|40708|40708|931|931|0
9|INDONESIA|50|9|40808.71|0.01|50|12995|12995|931|931|0
8|INDIA|60|8|19074.44|0.01|60|12995|12995|931|931|0
6|FRANCE|70|6|78650.8|0.03|70|12995|12995|931|931|0
14|KENYA|48|14|32044.8|0.01|48|12995|12995|931|931|0
24|UNITED STATES|46|24|60850.02|0.09|46|12995|12995|931|931|0
9|INDONESIA|23|9|7177.74|0.1|23|12995|12995|931|931|0
23|UNITED KINGDOM|7|23|45264.32|0.01|7|419|419|931|931|0
3|CANADA|13|3|37066.26|0.05|13|419|419|931|931|0
23|UNITED KINGDOM|32|23|21968.4|0.07|32|419|419|931|931|0
9|INDONESIA|51|9|30902.97|0.04|51|1283|1283|931|931|0
7|GERMANY|77|7|17965.62|0.02|77|1283|1283|931|931|0
8|INDIA|61|8|81226.14|0.01|61|1283|1283|931|931|0
0|ALGERIA|24|0|1743.84|0.0|24|1283|1283|931|931|0
16|MOZAMBIQUE|56|16|57501.2|0.07|56|1283|1283|931|931|0
22|RUSSIA|42|22|28831.8|0.06|42|1283|1283|931|931|0
16|MOZAMBIQUE|30|16|77208.78|0.05|30|1283|1283|931|931|0
17|PERU|1|17|26957.04|0.07|1|9248|9248|931|931|0
1|ARGENTINA|71|1|45575.76|0.07|71|9248|9248|931|931|0
3|CANADA|20|3|33289.62|0.08|20|9248|9248|931|931|0
3|CANADA|20|3|9546.32|0.02|20|9248|9248|931|931|0
11|IRAQ|5|11|46032.96|0.08|5|19077|19077|931|931|0
0|ALGERIA|37|0|6907.4|0.08|37|19077|19077|931|931|0
24|UNITED STATES|19|24|7267.64|0.02|19|19077|19077|931|931|0
8|INDIA|39|8|62370.72|0.07|39|19077|19077|931|931|0
14|KENYA|47|14|27331.48|0.0|47|707|707|931|931|0
21|VIETNAM|80|21|8761.52|0.06|80|39840|39840|931|931|0
11|IRAQ|5|11|45654.0|0.1|5|39840|39840|931|931|0
22|RUSSIA|40|22|7952.72|0.02|40|39840|39840|931|931|0
14|KENYA|47|14|28073.74|0.02|47|39840|39840|931|931|0
19|ROMANIA|17|19|11126.97|0.02|17|39840|39840|931|931|0
24|UNITED STATES|49|24|47331.84|0.07|49|39840|39840|931|931|0
18|CHINA|75|18|32581.39|0.01|75|39840|39840|931|931|0
17|PERU|57|17|26840.43|0.02|57|26245|26245|931|931|0
21|VIETNAM|80|21|81874.02|0.03|80|25412|25412|931|931|0
16|MOZAMBIQUE|56|16|71876.5|0.1|56|25412|25412|931|931|0
24|UNITED STATES|10|24|17854.2|0.08|10|25412|25412|931|931|0
22|RUSSIA|65|22|1371.47|0.0|65|25412|25412|931|931|0
4|EGYPT|38|4|46257.28|0.04|38|25412|25412|931|931|0
24|UNITED STATES|64|24|26957.28|0.02|64|25412|25412|931|931|0
5|ETHIOPIA|2|5|55985.67|0.09|2|25412|25412|931|931|0
21|VIETNAM|80|21|46445.85|0.01|80|47617|47617|337|337|0
23|UNITED KINGDOM|7|23|37990.25|0.04|7|47617|47617|337|337|0
21|VIETNAM|26|21|35833.62|0.05|26|47617|47617|337|337|0
3|CANADA|13|3|27989.8|0.0|13|47617|47617|337|337|0
3|CANADA|13|3|47652.6|0.0|13|47617|47617|337|337|0
14|KENYA|48|14|69751.92|0.06|48|8322|8322|337|337|0
14|KENYA|47|14|39402.3|0.05|47|8322|8322|337|337|0
5|ETHIOPIA|78|5|16866.54|0.1|78|8322|8322|337|337|0
7|GERMANY|53|7|5405.7|0.03|53|8322|8322|337|337|0
14|KENYA|48|14|47747.92|0.0|48|17251|17251|337|337|0
9|INDONESIA|45|9|17118.24|0.06|45|17251|17251|337|337|0
10|IRAN|9|10|44016.48|0.01|9|34082|34082|337|337|0
24|UNITED STATES|10|24|25155.36|0.01|10|34082|34082|337|337|0
12|JAPAN|54|12|1164.26|0.02|54|34082|34082|337|337|0
24|UNITED STATES|49|24|35557.92|0.05|49|34082|34082|337|337|0
16|MOZAMBIQUE|31|16|30940.34|0.02|31|34082|34082|337|337|0
24|UNITED STATES|64|24|21153.78|0.06|64|34082|34082|337|337|0
23|UNITED KINGDOM|7|23|34895.7|0.03|7|38211|38211|337|337|0
4|EGYPT|22|4|26704.44|0.08|22|38211|38211|337|337|0
14|KENYA|47|14|63718.5|0.01|47|38211|38211|337|337|0
1|ARGENTINA|29|1|42325.5|0.08|29|38211|38211|337|337|0
16|MOZAMBIQUE|18|16|57136.8|0.09|18|38211|38211|337|337|0
2|BRAZIL|21|2|13754.7|0.01|21|38211|38211|337|337|0
18|CHINA|41|18|73816.2|0.01|41|38211|38211|337|337|0
4|EGYPT|69|4|42065.66|0.01|69|12289|12289|337|337|0
18|CHINA|41|18|54033.72|0.02|41|12289|12289|337|337|0
4|EGYPT|22|4|2018.2|0.1|22|47303|47303|854|854|0
18|CHINA|72|18|40755.4|0.08|72|47303|47303|854|854|0
15|MOROCCO|14|15|45734.29|0.1|14|47303|47303|854|854|0
17|PERU|57|17|19205.55|0.08|57|47303|47303|854|854|0
21|VIETNAM|35|21|1334.43|0.07|35|47303|47303|854|854|0
19|ROMANIA|52|19|5081.37|0.1|52|47303|47303|854|854|0
7|GERMANY|53|7|62012.27|0.04|53|18050|18050|854|854|0
18|CHINA|75|18|74780.72|0.0|75|18050|18050|854|854|0
18|CHINA|41|18|37532.32|0.08|41|18050|18050|854|854|0
18|CHINA|41|18|44204.97|0.09|41|18050|18050|854|854|0
5|ETHIOPIA|63|5|28890.8|0.05|63|18050|18050|854|854|0
1|ARGENTINA|3|1|1023.12|0.1|3|18050|18050|854|854|0
21|VIETNAM|80|21|51995.3|0.05|80|17509|17509|854|854|0
13|JORDAN|36|13|47813.46|0.02|36|17509|17509|854|854|0
21|VIETNAM|68|21|25747.6|0.07|68|17509|17509|854|854|0
16|MOZAMBIQUE|31|16|24037.74|0.08|31|17509|17509|854|854|0
21|VIETNAM|80|21|13819.12|0.07|80|40487|40487|854|854|0
17|PERU|1|17|36621.0|0.0|1|40487|40487|854|854|0
9|INDONESIA|50|9|67707.04|0.05|50|40487|40487|854|854|0
6|FRANCE|70|6|24842.84|0.01|70|40487|40487|854|854|0
9|INDONESIA|23|9|10392.06|0.04|23|40487|40487|854|854|0
2|BRAZIL|21|2|60628.68|0.1|21|40487|40487|854|854|0
12|JAPAN|43|12|40490.52|0.06|43|40487|40487|854|854|0
14|KENYA|6|14|36940.32|0.04|6|6213|6213|854|854|0
8|INDIA|15|8|19743.79|0.04|15|6213|6213|854|854|0
24|UNITED STATES|55|24|32353.44|0.0|55|27110|27110|854|854|0
16|MOZAMBIQUE|58|16|55939.6|0.03|58|27110|27110|854|854|0
24|UNITED STATES|64|24|13009.86|0.08|64|27110|27110|854|854|0
13|JORDAN|36|13|36803.26|0.03|36|39169|39169|854|854|0
5|ETHIOPIA|78|5|1500.59|0.02|78|39169|39169|854|854|0
24|UNITED STATES|19|24|23347.53|0.05|19|39169|39169|854|854|0
8|INDIA|39|8|56986.2|0.06|39|39169|39169|854|854|0
4|EGYPT|38|4|17868.8|0.06|38|39169|39169|854|854|0
24|UNITED STATES|64|24|16523.92|0.04|64|39169|39169|854|854|0
18|CHINA|75|18|80596.07|0.1|75|39169|39169|854|854|0
23|UNITED KINGDOM|7|23|68788.57|0.04|7|30086|30086|854|854|0
23|UNITED KINGDOM|66|23|10521.5|0.04|66|30086|30086|854|854|0
10|IRAN|9|10|36635.2|0.06|9|30086|30086|854|854|0
16|MOZAMBIQUE|56|16|85677.24|0.0|56|30086|30086|854|854|0
14|KENYA|76|14|24975.06|0.0|76|30086|30086|854|854|0
7|GERMANY|77|7|47510.12|0.1|77|1223|1223|73|73|0
21|VIETNAM|80|21|16622.46|0.08|80|44705|44705|73|73|0
0|ALGERIA|37|0|72786.08|0.03|37|44705|44705|73|73|0
17|PERU|57|17|44262.73|0.05|57|44705|44705|73|73|0
19|ROMANIA|52|19|55929.57|0.03|52|44705|44705|73|73|0
13|JORDAN|36|13|64369.0|0.02|36|38594|38594|73|73|0
8|INDIA|12|8|38042.0|0.08|12|38594|38594|73|73|0
16|MOZAMBIQUE|56|16|37375.78|0.05|56|38594|38594|73|73|0
22|RUSSIA|16|22|5441.8|0.1|16|38594|38594|73|73|0
21|VIETNAM|80|21|29408.32|0.1|80|34596|34596|73|73|0
0|ALGERIA|37|0|14247.36|0.07|37|34596|34596|73|73|0
17|PERU|57|17|44762.85|0.05|57|34596|34596|73|73|0
14|KENYA|76|14|35528.4|0.06|76|34596|34596|73|73|0
18|CHINA|27|18|24146.4|0.08|27|34596|34596|73|73|0
1|ARGENTINA|3|1|11544.72|0.04|3|34596|34596|73|73|0
8|INDIA|15|8|44904.24|0.05|15|24674|24674|73|73|0
10|IRAN|34|10|17112.48|0.06|34|24674|24674|73|73|0
20|SAUDI ARABIA|74|20|77051.27|0.0|74|24674|24674|73|73|0
23|UNITED KINGDOM|66|23|27164.7|0.06|66|12897|12897|935|935|0
14|KENYA|47|14|46961.92|0.1|47|12897|12897|935|935|0
3|CANADA|13|3|50252.07|0.08|13|12897|12897|935|935|0
10|IRAN|34|10|2186.38|0.0|34|12897|12897|935|935|0
22|RUSSIA|16|22|7183.56|0.02|16|12897|12897|935|935|0
22|RUSSIA|42|22|29519.35|0.03|42|12897|12897|935|935|0
4|EGYPT|22|4|2436.62|0.04|22|43968|43968|935|935|0
0|ALGERIA|24|0|63228.62|0.01|24|43968|43968|935|935|0
17|PERU|1|17|64058.4|0.09|1|21826|21826|935|935|0
11|IRAQ|5|11|52218.88|0.02|5|21826|21826|935|935|0
2|BRAZIL|21|2|5321.68|0.04|21|21826|21826|935|935|0
24|UNITED STATES|10|24|40338.72|0.09|10|21826|21826|935|935|0
16|MOZAMBIQUE|31|16|1780.88|0.1|31|21826|21826|935|935|0
5|ETHIOPIA|63|5|50850.06|0.03|63|21826|21826|935|935|0
17|PERU|8|17|2883.08|0.0|8|46727|46727|935|935|0
22|RUSSIA|40|22|42710.85|0.1|40|46727|46727|935|935|0
22|RUSSIA|65|22|2204.4|0.08|65|46727|46727|935|935|0
17|PERU|8|17|46699.0|0.1|8|27623|27623|935|935|0
7|GERMANY|77|7|26948.43|0.09|77|27623|27623|935|935|0
10|IRAN|9|10|27522.16|0.03|9|27623|27623|935|935|0
14|KENYA|48|14|37840.5|0.02|48|27623|27623|935|935|0
14|KENYA|47|14|19496.28|0.1|47|27623|27623|935|935|0
23|UNITED KINGDOM|32|23|21817.46|0.08|32|27623|27623|935|935|0
22|RUSSIA|42|22|48562.65|0.06|42|27623|27623|935|935|0
9|INDONESIA|51|9|29699.55|0.09|51|2499|2499|968|968|0
23|UNITED KINGDOM|66|23|60545.28|0.09|66|2499|2499|968|968|0
17|PERU|59|17|5610.18|0.02|59|2499|2499|968|968|0
0|ALGERIA|24|0|45601.14|0.06|24|2499|2499|968|968|0
2|BRAZIL|21|2|22199.28|0.04|21|2499|2499|968|968|0
24|UNITED STATES|64|24|16442.85|0.04|64|2499|2499|968|968|0
22|RUSSIA|16|22|28035.83|0.01|16|8676|8676|842|842|0
1|ARGENTINA|29|1|10955.79|0.05|29|32167|32167|754|754|0
11|IRAQ|5|11|28250.2|0.01|5|1666|1666|754|754|0
6|FRANCE|70|6|41294.1|0.04|70|1666|1666|754|754|0
14|KENYA|48|14|30040.86|0.05|48|1666|1666|754|754|0
0|ALGERIA|28|0|51346.35|0.06|28|1666|1666|754|754|0
22|RUSSIA|40|22|63241.5|0.02|40|2663|2663|754|754|0
8|INDIA|12|8|64602.47|0.04|12|36516|36516|754|754|0
12|JAPAN|54|12|42966.8|0.08|54|36516|36516|754|754|0
16|MOZAMBIQUE|31|16|14175.1|0.08|31|36516|36516|754|754|0
14|KENYA|6|14|12813.8|0.01|6|6465|6465|754|754|0
18|CHINA|72|18|5069.44|0.0|72|6465|6465|754|754|0
0|ALGERIA|37|0|59231.21|0.05|37|6465|6465|754|754|0
4|EGYPT|69|4|4582.86|0.1|69|6465|6465|754|754|0
21|VIETNAM|68|21|50663.9|0.01|68|6465|6465|754|754|0
15|MOROCCO|4|15|5862.24|0.01|4|6465|6465|754|754|0
19|ROMANIA|52|19|41630.37|0.07|52|6465|6465|754|754|0
9|INDONESIA|51|9|39401.76|0.1|51|36352|36352|754|754|0
15|MOROCCO|14|15|3102.39|0.1|14|36352|36352|754|754|0
0|ALGERIA|24|0|18679.6|0.1|24|36352|36352|754|754|0
24|UNITED STATES|10|24|36326.22|0.05|10|36352|36352|754|754|0
14|KENYA|6|14|41624.4|0.09|6|12583|12583|754|754|0
22|RUSSIA|40|22|19181.0|0.04|40|17505|17505|313|313|0
7|GERMANY|44|7|26305.12|0.08|44|17505|17505|313|313|0
14|KENYA|47|14|14631.96|0.07|47|17505|17505|313|313|0
15|MOROCCO|14|15|38364.82|0.05|14|17505|17505|313|313|0
18|CHINA|27|18|30007.5|0.07|27|7460|7460|313|313|0
7|GERMANY|33|7|18839.4|0.06|33|14340|14340|313|313|0
18|CHINA|11|18|19515.24|0.03|11|14340|14340|313|313|0
0|ALGERIA|24|0|85690.5|0.06|24|14340|14340|313|313|0
8|INDIA|12|8|29609.74|0.01|12|14340|14340|313|313|0
16|MOZAMBIQUE|18|16|57320.55|0.04|18|14340|14340|313|313|0
24|UNITED STATES|49|24|37014.73|0.1|49|14340|14340|313|313|0
5|ETHIOPIA|78|5|41558.88|0.08|78|17058|17058|313|313|0
8|INDIA|12|8|16730.55|0.05|12|17058|17058|313|313|0
9|INDONESIA|45|9|9850.8|0.06|45|17058|17058|313|313|0
15|MOROCCO|4|15|33153.96|0.03|4|17058|17058|313|313|0
24|UNITED STATES|64|24|1484.58|0.03|64|17058|17058|313|313|0
16|MOZAMBIQUE|30|16|27554.24|0.07|30|17058|17058|313|313|0
0|ALGERIA|37|0|29358.88|0.02|37|24198|24198|313|313|0
16|MOZAMBIQUE|18|16|48744.17|0.0|18|24198|24198|313|313|0
3|CANADA|20|3|37781.44|0.1|20|24198|24198|313|313|0
5|ETHIOPIA|63|5|82687.5|0.05|63|24198|24198|313|313|0
18|CHINA|41|18|31251.44|0.01|41|24198|24198|313|313|0
16|MOZAMBIQUE|30|16|15504.96|0.01|30|24198|24198|313|313|0
1|ARGENTINA|29|1|8550.36|0.02|29|14178|14178|313|313|0
9|INDONESIA|45|9|6390.96|0.1|45|44135|44135|896|896|0
16|MOZAMBIQUE|58|16|30525.04|0.09|58|15876|15876|896|896|0
18|CHINA|41|18|53738.08|0.09|41|15876|15876|896|896|0
21|VIETNAM|80|21|43126.8|0.07|80|2598|2598|896|896|0
19|ROMANIA|62|19|20466.23|0.02|62|2598|2598|896|896|0
18|CHINA|11|18|6923.32|0.03|11|2598|2598|896|896|0
0|ALGERIA|37|0|11472.6|0.0|37|2598|2598|896|896|0
17|PERU|59|17|20986.08|0.01|59|2598|2598|896|896|0
14|KENYA|6|14|33707.88|0.06|6|47462|47462|896|896|0
11|IRAQ|5|11|1078.17|0.06|5|47462|47462|896|896|0
4|EGYPT|22|4|46218.87|0.06|22|47462|47462|896|896|0
21|VIETNAM|35|21|50389.44|0.08|35|47462|47462|896|896|0
18|CHINA|41|18|60855.92|0.1|41|47462|47462|896|896|0
23|UNITED KINGDOM|7|23|13887.0|0.04|7|32452|32452|896|896|0
19|ROMANIA|17|19|44796.84|0.06|17|32452|32452|896|896|0
19|ROMANIA|17|19|11516.24|0.09|17|32452|32452|896|896|0
16|MOZAMBIQUE|30|16|49204.0|0.06|30|32452|32452|896|896|0
23|UNITED KINGDOM|7|23|1542.64|0.09|7|9922|9922|643|643|0
17|PERU|1|17|33454.27|0.09|1|9922|9922|643|643|0
24|UNITED STATES|19|24|27791.82|0.03|19|9922|9922|643|643|0
4|EGYPT|38|4|21463.04|0.06|38|9922|9922|643|643|0
22|RUSSIA|42|22|46385.28|0.09|42|9922|9922|643|643|0
19|ROMANIA|52|19|2624.82|0.09|52|9922|9922|643|643|0
20|SAUDI ARABIA|74|20|32194.0|0.01|74|9922|9922|643|643|0
14|KENYA|48|14|50944.25|0.09|48|45603|45603|643|643|0
22|RUSSIA|25|22|35005.2|0.08|25|45603|45603|643|643|0
21|VIETNAM|35|21|38140.23|0.02|35|45603|45603|643|643|0
1|ARGENTINA|3|1|9530.32|0.06|3|45603|45603|643|643|0
9|INDONESIA|51|9|67642.92|0.02|51|15847|15847|643|643|0
21|VIETNAM|26|21|49156.14|0.06|26|15847|15847|643|643|0
22|RUSSIA|25|22|55006.52|0.05|25|15847|15847|643|643|0
22|RUSSIA|16|22|68272.6|0.1|16|15847|15847|643|643|0
22|RUSSIA|42|22|43023.5|0.05|42|15847|15847|643|643|0
18|CHINA|75|18|43899.41|0.06|75|28993|28993|643|643|0
9|INDONESIA|51|9|22472.0|0.08|51|30182|30182|643|643|0
7|GERMANY|77|7|34720.8|0.07|77|20486|20486|973|973|0
10|IRAN|9|10|9604.2|0.01|9|20486|20486|973|973|0
14|KENYA|76|14|27696.45|0.05|76|20486|20486|973|973|0
22|RUSSIA|16|22|27115.87|0.03|16|20486|20486|973|973|0
7|GERMANY|53|7|21803.8|0.01|53|20486|20486|973|973|0
19|ROMANIA|52|19|66839.52|0.04|52|20486|20486|973|973|0
6|FRANCE|70|6|44469.88|0.0|70|13667|13667|973|973|0
1|ARGENTINA|71|1|67977.44|0.0|71|4385|4385|973|973|0
23|UNITED KINGDOM|7|23|49304.0|0.06|7|16487|16487|973|973|0
19|ROMANIA|62|19|40679.1|0.0|62|25633|25633|874|874|0
21|VIETNAM|26|21|30965.0|0.06|26|25633|25633|874|874|0
24|UNITED STATES|46|24|37115.52|0.04|46|25633|25633|874|874|0
22|RUSSIA|65|22|80604.92|0.08|65|25633|25633|874|874|0
4|EGYPT|38|4|43384.15|0.09|38|25633|25633|874|874|0
20|SAUDI ARABIA|74|20|10428.44|0.1|74|25633|25633|874|874|0
14|KENYA|79|14|30553.66|0.0|79|39270|39270|874|874|0
4|EGYPT|22|4|20069.6|0.01|22|7075|7075|874|874|0
9|INDONESIA|50|9|48568.26|0.1|50|7075|7075|874|874|0
0|ALGERIA|37|0|52136.0|0.04|37|7075|7075|874|874|0
4|EGYPT|69|4|31702.06|0.02|69|7075|7075|874|874|0
3|CANADA|13|3|49581.3|0.07|13|7075|7075|874|874|0
9|INDONESIA|45|9|53897.6|0.07|45|7075|7075|874|874|0
7|GERMANY|44|7|37968.0|0.01|44|43328|43328|874|874|0
23|UNITED KINGDOM|66|23|42361.02|0.06|66|43328|43328|874|874|0
5|ETHIOPIA|78|5|42286.0|0.02|78|43328|43328|874|874|0
8|INDIA|39|8|29560.11|0.1|39|43328|43328|874|874|0
7|GERMANY|53|7|3117.39|0.04|53|43328|43328|874|874|0
18|CHINA|11|18|26228.5|0.06|11|30855|30855|874|874|0
9|INDONESIA|50|9|32196.58|0.01|50|30855|30855|874|874|0
9|INDONESIA|50|9|46867.04|0.1|50|30855|30855|874|874|0
23|UNITED KINGDOM|7|23|63187.68|0.06|7|4387|4387|874|874|0
4|EGYPT|22|4|37641.6|0.02|22|4387|4387|874|874|0
21|VIETNAM|68|21|4654.95|0.05|68|4387|4387|874|874|0
10|IRAN|34|10|13695.15|0.0|34|4387|4387|874|874|0
16|MOZAMBIQUE|56|16|11478.33|0.0|56|4387|4387|874|874|0
16|MOZAMBIQUE|31|16|5624.91|0.02|31|4387|4387|874|874|0
9|INDONESIA|51|9|14560.16|0.03|51|15974|15974|874|874|0
18|CHINA|11|18|40644.1|0.06|11|15974|15974|874|874|0
18|CHINA|11|18|38117.89|0.08|11|15974|15974|874|874|0
14|KENYA|79|14|56256.06|0.08|79|47328|47328|797|797|0
21|VIETNAM|35|21|16916.2|0.01|35|47328|47328|797|797|0
7|GERMANY|33|7|62856.78|0.04|33|20935|20935|797|797|0
24|UNITED STATES|55|24|38498.18|0.02|55|9987|9987|797|797|0
7|GERMANY|44|7|58364.32|0.1|44|9987|9987|797|797|0
22|RUSSIA|25|22|15020.06|0.06|25|9987|9987|797|797|0
24|UNITED STATES|10|24|48801.48|0.06|10|9987|9987|797|797|0
19|ROMANIA|17|19|19121.0|0.09|17|9987|9987|797|797|0
16|MOZAMBIQUE|31|16|32045.31|0.06|31|9987|9987|797|797|0
18|CHINA|72|18|17644.9|0.1|72|2309|2309|797|797|0
6|FRANCE|70|6|8919.81|0.0|70|2309|2309|797|797|0
0|ALGERIA|24|0|1248.34|0.01|24|2309|2309|797|797|0
8|INDIA|39|8|30692.76|0.09|39|2309|2309|797|797|0
22|RUSSIA|16|22|48148.8|0.03|16|2309|2309|797|797|0
19|ROMANIA|52|19|46280.6|0.08|52|2309|2309|797|797|0
5|ETHIOPIA|2|5|5095.55|0.01|2|2309|2309|797|797|0
14|KENYA|47|14|54111.72|0.08|47|24225|24225|895|895|0
18|CHINA|72|18|15394.39|0.08|72|14438|14438|895|895|0
14|KENYA|48|14|48929.54|0.09|48|14438|14438|895|895|0
2|BRAZIL|21|2|40931.22|0.06|21|14438|14438|895|895|0
17|PERU|1|17|73754.49|0.02|1|6596|6596|895|895|0
7|GERMANY|33|7|3036.33|0.06|33|6596|6596|895|895|0
6|FRANCE|70|6|2958.24|0.05|70|6596|6596|895|895|0
10|IRAN|9|10|11740.48|0.05|9|6596|6596|895|895|0
0|ALGERIA|37|0|8604.45|0.07|37|6596|6596|895|895|0
19|ROMANIA|52|19|57421.92|0.02|52|6596|6596|895|895|0
19|ROMANIA|52|19|15776.34|0.0|52|6596|6596|895|895|0
7|GERMANY|33|7|10083.78|0.09|33|1539|1539|895|895|0
22|RUSSIA|25|22|17475.48|0.01|25|1539|1539|895|895|0
9|INDONESIA|45|9|30818.76|0.08|45|1539|1539|895|895|0
7|GERMANY|44|7|12361.23|0.05|44|15780|15780|895|895|0
7|GERMANY|33|7|22266.42|0.0|33|15780|15780|895|895|0
8|INDIA|15|8|8524.0|0.0|15|15780|15780|895|895|0
9|INDONESIA|45|9|18729.7|0.1|45|15780|15780|895|895|0
12|JAPAN|54|12|44424.59|0.02|54|15780|15780|895|895|0
22|RUSSIA|42|22|37070.25|0.1|42|15780|15780|895|895|0
9|INDONESIA|23|9|16254.55|0.08|23|17892|17892|895|895|0
8|INDIA|12|8|29841.9|0.01|12|17892|17892|895|895|0
2|BRAZIL|21|2|13394.52|0.07|21|17892|17892|895|895|0
8|INDIA|39|8|41580.48|0.05|39|17892|17892|895|895|0
5|ETHIOPIA|63|5|46576.74|0.06|63|17892|17892|895|895|0
8|INDIA|15|8|11613.51|0.05|15|16485|16485|895|895|0
24|UNITED STATES|49|24|46038.9|0.04|49|16485|16485|895|895|0
16|MOZAMBIQUE|30|16|46595.64|0.03|30|16485|16485|895|895|0
18|CHINA|11|18|52904.16|0.05|11|37475|37475|895|895|0
17|PERU|8|17|85327.7|0.08|8|16389|16389|895|895|0
21|VIETNAM|26|21|33168.3|0.02|26|16389|16389|895|895|0
4|EGYPT|38|4|25046.82|0.04|38|16389|16389|895|895|0
7|GERMANY|77|7|25587.36|0.07|77|40580|40580|895|895|0
3|CANADA|20|3|48955.41|0.0|20|40580|40580|895|895|0
16|MOZAMBIQUE|31|16|63087.62|0.06|31|40580|40580|895|895|0
