2918
27168
44581
29632
41380
10052
42051
27300
47397
19204
24165
27652
39587
25188
25793
44196
16102
19237
37893
25155
13154
23296
27586
15398
39972
18786
26981
37255
15783
41061
16740
47683
29984
10690
22086
39554
24198
21063
16421
38245
581
26211
38531
11075
46693
37024
44262
26178
23175
31073
23395
9090
15585
37475
35143
35495
10085
37057
18049
16036
262
45571
16069
16388
39873
35781
16454
14342
16487
37442
43041
33284
13891
17411
11174
23494
16003
26145
27267
37574
26112
16322
43173
31040
22240
37761
12384
27553
22592
28004
16256
26343
28103
27333
10470
36001
24132
14276
37794
18214
35363
47298
21283
27520
47012
33185
25221
29159
25441
47232
19556
39015
16773
31172
17862
33383
25892
44163
39169
36353
29346
39488
18566
12032
41094
28455
25056
30182
16993
37156
36771
18885
18467
30050
15079
15046
38113
21184
17312
14243
25573
35264
14177
16355
38465
18753
27014
37860
38784
19622
46561
14375
36133
14661
39268
12450
26277
46242
38432
27399
19842
14210
29126
12065
28961
29863
38850
34373
19941
18434
29511
37376
42183
45153
13088
15431
45670
39334
21250
15684
28422
39521
44295
33570
38179
38982
23461
26310
34274
10272
38311
22273
26695
17059
42150
36100
14496
26882
15266
32294
44064
22790
38663
15970
17158
44482
35011
27751
18500
47045
28741
28994
23362
18401
38146
39686
46022
38212
27872
14595
11680
20161
34054
16674
45351
24484
19138
26596
13473
39301
38630
18247
33350
34560
19424
13792
3908
34791
26497
29027
36485
15200
163
47078
12131
47430
17026
14023
18533
24231
31271
34241
3809
20480
36386
23142
18368
32162
17763
43360
17444
24099
26530
17125
39235
36672
47364
12582
37541
15332
11042
15750
23043
43492
37222
25540
46055
30083
32195
19589
34087
27971
13440
14562
31392
