4|EGYPT|22|4|44597.85|0.05|22|14502|14502|640|640|2
20|SAUDI ARABIA|74|20|36777.26|0.1|74|14502|14502|640|640|2
17|PERU|1|17|5300.8|0.03|1|45669|45669|640|640|2
17|PERU|1|17|1880.08|0.08|1|45669|45669|640|640|2
17|PERU|1|17|4705.2|0.05|1|45669|45669|640|640|2
9|INDONESIA|45|9|37141.52|0.02|45|45669|45669|640|640|2
16|MOZAMBIQUE|56|16|20028.85|0.04|56|45669|45669|640|640|2
1|ARGENTINA|3|1|67888.52|0.06|3|45669|45669|640|640|2
12|JAPAN|54|12|33763.54|0.03|54|6630|6630|640|640|2
17|PERU|8|17|2548.74|0.02|8|28992|28992|640|640|2
21|VIETNAM|80|21|16197.1|0.06|80|28992|28992|640|640|2
16|MOZAMBIQUE|73|16|17628.6|0.02|73|28992|28992|640|640|2
17|PERU|57|17|30700.3|0.09|57|28992|28992|640|640|2
4|EGYPT|38|4|10956.99|0.06|38|28992|28992|640|640|2
17|PERU|1|17|925.02|0.04|1|26663|26663|640|640|2
4|EGYPT|22|4|44315.12|0.0|22|26663|26663|640|640|2
7|GERMANY|77|7|42034.46|0.01|77|26663|26663|640|640|2
13|JORDAN|36|13|59103.84|0.08|36|26663|26663|640|640|2
16|MOZAMBIQUE|18|16|40503.75|0.1|18|26663|26663|640|640|2
24|UNITED STATES|64|24|45198.65|0.01|64|26663|26663|640|640|2
19|ROMANIA|52|19|20502.08|0.04|52|5284|5284|487|487|2
20|SAUDI ARABIA|74|20|29888.16|0.03|74|5284|5284|487|487|2
16|MOZAMBIQUE|73|16|1166.26|0.01|73|22977|22977|487|487|2
17|PERU|8|17|40799.46|0.03|8|38308|38308|487|487|2
16|MOZAMBIQUE|56|16|33961.11|0.01|56|38308|38308|487|487|2
22|RUSSIA|65|22|12883.8|0.01|65|38308|38308|487|487|2
19|ROMANIA|17|19|24216.84|0.1|17|38308|38308|487|487|2
18|CHINA|41|18|25492.88|0.0|41|38308|38308|487|487|2
19|ROMANIA|52|19|64999.23|0.09|52|38308|38308|487|487|2
5|ETHIOPIA|63|5|1752.85|0.02|63|38308|38308|487|487|2
5|ETHIOPIA|2|5|4306.59|0.06|2|28775|28775|487|487|2
7|GERMANY|33|7|13324.3|0.03|33|43175|43175|487|487|2
6|FRANCE|70|6|29401.46|0.1|70|43175|43175|487|487|2
8|INDIA|12|8|18450.33|0.09|12|43175|43175|487|487|2
9|INDONESIA|23|9|47426.12|0.03|23|43175|43175|487|487|2
21|VIETNAM|26|21|48075.48|0.06|26|38566|38566|487|487|2
12|JAPAN|54|12|1435.53|0.05|54|38566|38566|487|487|2
8|INDIA|39|8|5508.06|0.09|39|38566|38566|487|487|2
16|MOZAMBIQUE|73|16|54169.28|0.02|73|15106|15106|344|344|2
14|KENYA|48|14|3423.72|0.05|48|15106|15106|344|344|2
8|INDIA|15|8|30541.35|0.01|15|15106|15106|344|344|2
22|RUSSIA|25|22|21209.32|0.0|25|15106|15106|344|344|2
14|KENYA|79|14|12389.65|0.01|79|15106|15106|344|344|2
5|ETHIOPIA|2|5|70680.82|0.02|2|15106|15106|344|344|2
23|UNITED KINGDOM|66|23|10363.12|0.01|66|30658|30658|344|344|2
18|CHINA|72|18|30248.4|0.07|72|30658|30658|344|344|2
10|IRAN|34|10|6687.15|0.06|34|30658|30658|344|344|2
24|UNITED STATES|19|24|22935.99|0.02|19|30658|30658|344|344|2
16|MOZAMBIQUE|18|16|43219.3|0.09|18|30658|30658|344|344|2
5|ETHIOPIA|63|5|22608.96|0.02|63|30658|30658|344|344|2
8|INDIA|60|8|10892.79|0.1|60|23175|23175|344|344|2
22|RUSSIA|42|22|19013.28|0.1|42|23175|23175|344|344|2
11|IRAQ|5|11|32040.58|0.0|5|20164|20164|344|344|2
4|EGYPT|22|4|23769.28|0.1|22|20164|20164|344|344|2
3|CANADA|13|3|33270.42|0.07|13|20164|20164|344|344|2
8|INDIA|12|8|1432.53|0.01|12|20164|20164|344|344|2
9|INDONESIA|23|9|34929.48|0.09|23|20164|20164|344|344|2
18|CHINA|75|18|46826.59|0.03|75|20164|20164|344|344|2
8|INDIA|15|8|27812.82|0.07|15|21762|21762|476|476|2
24|UNITED STATES|46|24|62977.05|0.03|46|21762|21762|476|476|2
21|VIETNAM|35|21|32026.32|0.06|35|21762|21762|476|476|2
8|INDIA|39|8|48745.11|0.0|39|21762|21762|476|476|2
18|CHINA|41|18|46579.5|0.06|41|21762|21762|476|476|2
8|INDIA|60|8|53831.96|0.0|60|20356|20356|476|476|2
21|VIETNAM|26|21|28422.03|0.1|26|20356|20356|476|476|2
19|ROMANIA|62|19|34071.4|0.08|62|27872|27872|476|476|2
18|CHINA|72|18|25987.8|0.03|72|27872|27872|476|476|2
14|KENYA|48|14|88393.0|0.05|48|27872|27872|476|476|2
22|RUSSIA|25|22|7415.8|0.06|25|27872|27872|476|476|2
24|UNITED STATES|10|24|77282.0|0.09|10|27872|27872|476|476|2
18|CHINA|27|18|30943.0|0.07|27|27872|27872|476|476|2
9|INDONESIA|50|9|43348.3|0.05|50|12353|12353|476|476|2
15|MOROCCO|14|15|39073.72|0.02|14|12353|12353|476|476|2
23|UNITED KINGDOM|32|23|73177.4|0.04|32|12353|12353|476|476|2
0|ALGERIA|28|0|43804.86|0.1|28|12353|12353|476|476|2
3|CANADA|20|3|38573.08|0.0|20|12353|12353|476|476|2
14|KENYA|47|14|5931.4|0.04|47|11648|11648|760|760|2
16|MOZAMBIQUE|18|16|39905.32|0.1|18|11648|11648|760|760|2
4|EGYPT|38|4|2140.32|0.05|38|11648|11648|760|760|2
3|CANADA|20|3|46811.31|0.01|20|11648|11648|760|760|2
18|CHINA|75|18|30128.4|0.07|75|11648|11648|760|760|2
18|CHINA|41|18|68700.2|0.02|41|11648|11648|760|760|2
1|ARGENTINA|3|1|29863.9|0.03|3|11648|11648|760|760|2
18|CHINA|11|18|32523.34|0.0|11|418|418|760|760|2
5|ETHIOPIA|63|5|3537.81|0.04|63|418|418|760|760|2
16|MOZAMBIQUE|30|16|909.0|0.04|30|418|418|760|760|2
4|EGYPT|22|4|1692.79|0.01|22|14470|14470|760|760|2
16|MOZAMBIQUE|58|16|33555.4|0.0|58|14470|14470|760|760|2
16|MOZAMBIQUE|18|16|37728.32|0.1|18|14470|14470|760|760|2
22|RUSSIA|65|22|47627.3|0.04|65|14470|14470|760|760|2
13|JORDAN|36|13|38027.73|0.1|36|18342|18342|760|760|2
24|UNITED STATES|49|24|9775.62|0.06|49|18342|18342|760|760|2
0|ALGERIA|37|0|7484.12|0.02|37|47363|47363|760|760|2
8|INDIA|39|8|48231.48|0.05|39|47363|47363|760|760|2
5|ETHIOPIA|2|5|13145.79|0.03|2|47363|47363|760|760|2
21|VIETNAM|35|21|43120.5|0.09|35|27620|27620|760|760|2
7|GERMANY|33|7|40207.92|0.03|33|18624|18624|760|760|2
9|INDONESIA|45|9|31596.6|0.04|45|18624|18624|760|760|2
4|EGYPT|67|4|23984.84|0.04|67|18624|18624|760|760|2
16|MOZAMBIQUE|18|16|57781.62|0.05|18|18624|18624|760|760|2
24|UNITED STATES|10|24|56761.2|0.04|10|18624|18624|760|760|2
17|PERU|57|17|27949.44|0.1|57|24709|24709|383|383|2
17|PERU|57|17|9170.1|0.04|57|2243|2243|383|383|2
8|INDIA|15|8|10811.8|0.05|15|46692|46692|383|383|2
8|INDIA|60|8|53151.35|0.05|60|26496|26496|383|383|2
24|UNITED STATES|46|24|25605.51|0.01|46|26496|26496|383|383|2
9|INDONESIA|45|9|14536.73|0.03|45|26496|26496|383|383|2
24|UNITED STATES|64|24|2973.16|0.06|64|26496|26496|383|383|2
18|CHINA|41|18|54818.8|0.02|41|26496|26496|383|383|2
16|MOZAMBIQUE|73|16|41336.64|0.0|73|4994|4994|340|340|2
4|EGYPT|22|4|8889.48|0.01|22|4994|4994|340|340|2
9|INDONESIA|50|9|72174.61|0.04|50|4994|4994|340|340|2
13|JORDAN|36|13|29551.92|0.01|36|4994|4994|340|340|2
14|KENYA|79|14|29109.93|0.07|79|4994|4994|340|340|2
16|MOZAMBIQUE|56|16|39395.05|0.08|56|4994|4994|340|340|2
4|EGYPT|67|4|48252.0|0.01|67|4994|4994|340|340|2
17|PERU|59|17|43563.73|0.07|59|2596|2596|340|340|2
22|RUSSIA|25|22|7544.1|0.05|25|2596|2596|340|340|2
13|JORDAN|36|13|17358.3|0.06|36|2596|2596|340|340|2
8|INDIA|12|8|22957.7|0.1|12|2596|2596|340|340|2
8|INDIA|61|8|9602.4|0.03|61|13319|13319|340|340|2
20|SAUDI ARABIA|74|20|76578.96|0.06|74|13319|13319|340|340|2
18|CHINA|41|18|86541.5|0.04|41|13319|13319|340|340|2
17|PERU|1|17|7658.22|0.03|1|24037|24037|340|340|2
0|ALGERIA|24|0|9370.26|0.02|24|24037|24037|340|340|2
4|EGYPT|67|4|39570.84|0.06|67|24037|24037|340|340|2
24|UNITED STATES|10|24|8649.1|0.03|10|24037|24037|340|340|2
18|CHINA|75|18|5365.76|0.1|75|24037|24037|340|340|2
16|MOZAMBIQUE|30|16|7495.88|0.03|30|24037|24037|340|340|2
22|RUSSIA|16|22|60498.37|0.03|16|6080|6080|340|340|2
9|INDONESIA|51|9|50476.37|0.0|51|2405|2405|571|571|2
3|CANADA|13|3|30277.43|0.08|13|2405|2405|571|571|2
14|KENYA|79|14|39382.0|0.08|79|25953|25953|571|571|2
19|ROMANIA|62|19|14535.9|0.06|62|40001|40001|571|571|2
9|INDONESIA|50|9|35293.44|0.04|50|40001|40001|571|571|2
8|INDIA|39|8|45392.32|0.01|39|40001|40001|571|571|2
0|ALGERIA|24|0|55855.2|0.08|24|8162|8162|571|571|2
24|UNITED STATES|64|24|15902.4|0.06|64|8162|8162|571|571|2
9|INDONESIA|51|9|51806.12|0.0|51|4324|4324|571|571|2
9|INDONESIA|50|9|15328.44|0.04|50|4324|4324|571|571|2
22|RUSSIA|25|22|18205.6|0.02|25|4324|4324|571|571|2
3|CANADA|13|3|38450.54|0.08|13|4324|4324|571|571|2
17|PERU|57|17|34510.52|0.07|57|4324|4324|571|571|2
15|MOROCCO|4|15|57349.6|0.05|4|4324|4324|571|571|2
22|RUSSIA|16|22|21723.1|0.07|16|4324|4324|571|571|2
14|KENYA|47|14|51364.6|0.01|47|44547|44547|571|571|2
10|IRAN|34|10|84957.67|0.09|34|44547|44547|571|571|2
0|ALGERIA|24|0|74099.61|0.08|24|25957|25957|571|571|2
10|IRAN|34|10|44213.26|0.01|34|25957|25957|571|571|2
24|UNITED STATES|19|24|39424.05|0.09|19|25957|25957|571|571|2
18|CHINA|72|18|70738.8|0.0|72|46307|46307|571|571|2
24|UNITED STATES|64|24|71259.84|0.05|64|46307|46307|571|571|2
5|ETHIOPIA|2|5|15054.93|0.04|2|46307|46307|571|571|2
23|UNITED KINGDOM|7|23|25467.4|0.06|7|24899|24899|571|571|2
13|JORDAN|36|13|53865.38|0.06|36|24899|24899|571|571|2
13|JORDAN|36|13|46535.85|0.02|36|24899|24899|571|571|2
24|UNITED STATES|46|24|55286.04|0.05|46|24899|24899|571|571|2
24|UNITED STATES|10|24|22010.94|0.09|10|24899|24899|571|571|2
6|FRANCE|70|6|21511.12|0.01|70|6246|6246|571|571|2
0|ALGERIA|24|0|12493.68|0.02|24|6246|6246|571|571|2
1|ARGENTINA|29|1|78041.81|0.0|29|6246|6246|571|571|2
24|UNITED STATES|46|24|38682.0|0.07|46|40935|40935|571|571|2
22|RUSSIA|65|22|40993.42|0.1|65|40935|40935|571|571|2
4|EGYPT|38|4|1628.72|0.03|38|40935|40935|571|571|2
14|KENYA|6|14|39233.4|0.02|6|6887|6887|670|670|2
17|PERU|1|17|17008.0|0.04|1|6887|6887|670|670|2
7|GERMANY|77|7|24761.35|0.0|77|6887|6887|670|670|2
8|INDIA|15|8|12113.1|0.09|15|6887|6887|670|670|2
21|VIETNAM|68|21|12565.68|0.05|68|6887|6887|670|670|2
24|UNITED STATES|46|24|27095.64|0.04|46|6887|6887|670|670|2
0|ALGERIA|28|0|72500.56|0.02|28|6887|6887|670|670|2
4|EGYPT|22|4|20661.84|0.05|22|21569|21569|670|670|2
18|CHINA|27|18|16703.55|0.08|27|21569|21569|670|670|2
11|IRAQ|5|11|36443.9|0.04|5|21317|21317|670|670|2
11|IRAQ|5|11|51261.99|0.05|5|21317|21317|670|670|2
10|IRAN|9|10|64914.3|0.05|9|21317|21317|670|670|2
21|VIETNAM|26|21|42060.46|0.03|26|21317|21317|670|670|2
8|INDIA|39|8|29619.98|0.04|39|21317|21317|670|670|2
19|ROMANIA|17|19|31714.08|0.0|17|14919|14919|670|670|2
18|CHINA|11|18|39482.84|0.02|11|18662|18662|670|670|2
8|INDIA|61|8|44848.0|0.05|61|37573|37573|670|670|2
10|IRAN|9|10|32467.2|0.05|9|37573|37573|670|670|2
3|CANADA|13|3|36163.5|0.02|13|37573|37573|670|670|2
21|VIETNAM|68|21|58913.5|0.03|68|37573|37573|670|670|2
16|MOZAMBIQUE|56|16|48562.5|0.03|56|37573|37573|670|670|2
5|ETHIOPIA|63|5|14079.24|0.09|63|37573|37573|670|670|2
4|EGYPT|38|4|13222.43|0.05|38|25892|25892|670|670|2
17|PERU|8|17|15122.38|0.04|8|29699|29699|670|670|2
17|PERU|1|17|33446.49|0.02|1|29699|29699|670|670|2
4|EGYPT|22|4|17929.35|0.04|22|29699|29699|670|670|2
14|KENYA|48|14|29106.5|0.03|48|29699|29699|670|670|2
16|MOZAMBIQUE|56|16|77257.4|0.08|56|29699|29699|670|670|2
8|INDIA|12|8|42818.25|0.01|12|29699|29699|670|670|2
15|MOROCCO|4|15|22758.48|0.06|4|5317|5317|293|293|2
15|MOROCCO|14|15|58974.08|0.09|14|24901|24901|293|293|2
21|VIETNAM|35|21|25166.37|0.04|35|24901|24901|293|293|2
9|INDONESIA|45|9|17418.9|0.1|45|24901|24901|293|293|2
9|INDONESIA|45|9|22824.32|0.06|45|24901|24901|293|293|2
1|ARGENTINA|29|1|37326.96|0.09|29|24901|24901|293|293|2
14|KENYA|6|14|46865.92|0.1|6|41794|41794|272|272|2
4|EGYPT|69|4|28301.76|0.03|69|41794|41794|272|272|2
4|EGYPT|69|4|58160.56|0.0|69|41794|41794|272|272|2
12|JAPAN|43|12|31813.98|0.1|43|41794|41794|272|272|2
21|VIETNAM|26|21|38771.7|0.07|26|25954|25954|272|272|2
17|PERU|59|17|36471.96|0.1|59|5251|5251|272|272|2
7|GERMANY|77|7|63523.11|0.09|77|38213|38213|272|272|2
7|GERMANY|33|7|10058.8|0.0|33|38213|38213|272|272|2
24|UNITED STATES|55|24|52659.58|0.05|55|38213|38213|272|272|2
19|ROMANIA|17|19|30722.4|0.04|17|38213|38213|272|272|2
19|ROMANIA|52|19|25248.3|0.0|52|38213|38213|272|272|2
24|UNITED STATES|55|24|76353.12|0.07|55|29795|29795|1145|1145|2
8|INDIA|61|8|13346.41|0.07|61|29795|29795|1145|1145|2
16|MOZAMBIQUE|30|16|5958.32|0.03|30|4100|4100|17|17|2
14|KENYA|47|14|31377.6|0.09|47|17057|17057|17|17|2
17|PERU|8|17|41624.4|0.01|8|19776|19776|17|17|2
24|UNITED STATES|55|24|31483.65|0.01|55|19776|19776|17|17|2
9|INDONESIA|50|9|13343.22|0.06|50|19776|19776|17|17|2
14|KENYA|79|14|21487.95|0.09|79|19776|19776|17|17|2
16|MOZAMBIQUE|18|16|24906.8|0.01|18|19776|19776|17|17|2
22|RUSSIA|40|22|43123.08|0.0|40|31878|31878|47|47|2
8|INDIA|61|8|5886.35|0.08|61|31878|31878|47|47|2
13|JORDAN|36|13|1015.11|0.04|36|31878|31878|47|47|2
18|CHINA|75|18|38225.81|0.06|75|31878|31878|47|47|2
24|UNITED STATES|64|24|6461.14|0.04|64|31878|31878|47|47|2
19|ROMANIA|52|19|45809.6|0.02|52|31878|31878|47|47|2
5|ETHIOPIA|2|5|22944.8|0.07|2|31878|31878|47|47|2
9|INDONESIA|51|9|20389.92|0.06|51|31815|31815|47|47|2
18|CHINA|11|18|61502.6|0.1|11|31815|31815|47|47|2
15|MOROCCO|14|15|12429.2|0.05|14|31815|31815|47|47|2
8|INDIA|12|8|27353.97|0.08|12|31815|31815|47|47|2
18|CHINA|41|18|2536.72|0.08|41|38693|38693|47|47|2
7|GERMANY|77|7|5496.06|0.07|77|32481|32481|47|47|2
8|INDIA|12|8|28690.6|0.04|12|32481|32481|47|47|2
8|INDIA|61|8|69373.5|0.07|61|8484|8484|1159|1159|2
17|PERU|57|17|19281.2|0.05|57|8484|8484|1159|1159|2
0|ALGERIA|28|0|14224.47|0.1|28|8484|8484|1159|1159|2
18|CHINA|41|18|11412.4|0.09|41|8484|8484|1159|1159|2
23|UNITED KINGDOM|66|23|12832.04|0.0|66|22689|22689|1159|1159|2
1|ARGENTINA|71|1|7896.64|0.07|71|22689|22689|1159|1159|2
22|RUSSIA|25|22|16244.1|0.01|25|22689|22689|1159|1159|2
3|CANADA|13|3|43840.3|0.03|13|22689|22689|1159|1159|2
24|UNITED STATES|46|24|15094.38|0.02|46|22689|22689|1159|1159|2
5|ETHIOPIA|2|5|43006.8|0.05|2|22689|22689|1159|1159|2
4|EGYPT|22|4|59230.4|0.04|22|29509|29509|1159|1159|2
24|UNITED STATES|46|24|22679.76|0.02|46|29509|29509|1159|1159|2
21|VIETNAM|68|21|11924.64|0.01|68|29509|29509|1159|1159|2
8|INDIA|12|8|11672.6|0.09|12|29509|29509|1159|1159|2
4|EGYPT|22|4|60393.5|0.05|22|25857|25857|1159|1159|2
16|MOZAMBIQUE|73|16|34236.48|0.02|73|8774|8774|1159|1159|2
21|VIETNAM|68|21|17394.48|0.06|68|8774|8774|1159|1159|2
18|CHINA|27|18|63918.5|0.06|27|8774|8774|1159|1159|2
4|EGYPT|38|4|43942.81|0.02|38|8774|8774|1159|1159|2
3|CANADA|20|3|35736.22|0.1|20|8774|8774|1159|1159|2
19|ROMANIA|52|19|19551.63|0.04|52|8774|8774|1159|1159|2
5|ETHIOPIA|2|5|22883.08|0.0|2|8774|8774|1159|1159|2
23|UNITED KINGDOM|7|23|15402.0|0.0|7|14884|14884|1159|1159|2
18|CHINA|11|18|26001.72|0.08|11|14884|14884|1159|1159|2
23|UNITED KINGDOM|66|23|45098.28|0.08|66|14884|14884|1159|1159|2
13|JORDAN|36|13|44232.3|0.01|36|14884|14884|1159|1159|2
3|CANADA|13|3|41818.51|0.1|13|14884|14884|1159|1159|2
5|ETHIOPIA|63|5|39702.6|0.08|63|14884|14884|1159|1159|2
18|CHINA|41|18|73956.12|0.03|41|14884|14884|1159|1159|2
23|UNITED KINGDOM|7|23|37414.56|0.05|7|11751|11751|1027|1027|2
10|IRAN|9|10|30976.64|0.01|9|11751|11751|1027|1027|2
21|VIETNAM|35|21|6672.15|0.06|35|11751|11751|1027|1027|2
24|UNITED STATES|64|24|66130.2|0.08|64|11751|11751|1027|1027|2
19|ROMANIA|62|19|38407.32|0.09|62|2148|2148|1027|1027|2
0|ALGERIA|24|0|89662.08|0.01|24|30817|30817|1027|1027|2
23|UNITED KINGDOM|32|23|36819.6|0.05|32|30817|30817|1027|1027|2
1|ARGENTINA|3|1|27789.6|0.1|3|30817|30817|1027|1027|2
21|VIETNAM|35|21|52585.76|0.09|35|7623|7623|1027|1027|2
10|IRAN|9|10|56676.48|0.02|9|5540|5540|1027|1027|2
24|UNITED STATES|10|24|3419.6|0.06|10|5540|5540|1027|1027|2
17|PERU|1|17|39312.5|0.05|1|21639|21639|1027|1027|2
16|MOZAMBIQUE|58|16|33423.27|0.03|58|21639|21639|1027|1027|2
21|VIETNAM|68|21|13744.7|0.09|68|21639|21639|1027|1027|2
16|MOZAMBIQUE|56|16|26599.86|0.0|56|21639|21639|1027|1027|2
24|UNITED STATES|19|24|42595.41|0.04|19|21639|21639|1027|1027|2
17|PERU|8|17|34897.8|0.03|8|15394|15394|1027|1027|2
4|EGYPT|22|4|20902.08|0.02|22|15394|15394|1027|1027|2
9|INDONESIA|50|9|28682.4|0.08|50|15394|15394|1027|1027|2
16|MOZAMBIQUE|58|16|17268.75|0.06|58|15394|15394|1027|1027|2
4|EGYPT|22|4|18829.91|0.1|22|39553|39553|1027|1027|2
15|MOROCCO|4|15|87606.12|0.04|4|39553|39553|1027|1027|2
5|ETHIOPIA|63|5|35797.52|0.0|63|33890|33890|1027|1027|2
22|RUSSIA|65|22|55904.26|0.05|65|13441|13441|1027|1027|2
3|CANADA|20|3|2230.42|0.06|20|13441|13441|1027|1027|2
8|INDIA|60|8|4476.84|0.05|60|13156|13156|1027|1027|2
21|VIETNAM|68|21|30987.0|0.03|68|13156|13156|1027|1027|2
22|RUSSIA|65|22|35975.04|0.1|65|13156|13156|1027|1027|2
22|RUSSIA|16|22|29463.98|0.09|16|13156|13156|1027|1027|2
7|GERMANY|53|7|57854.4|0.08|53|13156|13156|1027|1027|2
10|IRAN|9|10|65429.66|0.02|9|9381|9381|949|949|2
0|ALGERIA|28|0|16457.02|0.1|28|9381|9381|949|949|2
1|ARGENTINA|3|1|33874.72|0.09|3|45510|45510|949|949|2
14|KENYA|6|14|35248.5|0.07|6|29506|29506|949|949|2
18|CHINA|11|18|8289.96|0.09|11|29506|29506|949|949|2
16|MOZAMBIQUE|56|16|41709.78|0.07|56|29506|29506|949|949|2
24|UNITED STATES|19|24|13166.28|0.03|19|29506|29506|949|949|2
14|KENYA|76|14|79914.15|0.09|76|29506|29506|949|949|2
19|ROMANIA|52|19|58266.6|0.1|52|29506|29506|949|949|2
23|UNITED KINGDOM|66|23|37532.32|0.03|66|3588|3588|949|949|2
1|ARGENTINA|71|1|52707.15|0.04|71|3588|3588|949|949|2
21|VIETNAM|68|21|20064.22|0.05|68|3588|3588|949|949|2
8|INDIA|12|8|55581.8|0.08|12|3588|3588|949|949|2
8|INDIA|12|8|9622.2|0.06|12|3588|3588|949|949|2
24|UNITED STATES|10|24|45436.16|0.04|10|3588|3588|949|949|2
18|CHINA|27|18|65744.19|0.08|27|3588|3588|949|949|2
16|MOZAMBIQUE|58|16|28130.83|0.06|58|46086|46086|949|949|2
9|INDONESIA|50|9|48760.2|0.09|50|47781|47781|949|949|2
13|JORDAN|36|13|32308.32|0.1|36|47781|47781|949|949|2
19|ROMANIA|52|19|55098.24|0.01|52|47781|47781|949|949|2
16|MOZAMBIQUE|73|16|70782.8|0.05|73|32770|32770|949|949|2
18|CHINA|72|18|88093.0|0.02|72|32770|32770|949|949|2
8|INDIA|15|8|22536.72|0.1|15|32770|32770|949|949|2
12|JAPAN|43|12|13456.52|0.1|43|32770|32770|949|949|2
3|CANADA|20|3|33950.72|0.09|20|32770|32770|949|949|2
5|ETHIOPIA|2|5|36010.18|0.0|2|32770|32770|949|949|2
19|ROMANIA|17|19|41328.47|0.05|17|39714|39714|1120|1120|2
21|VIETNAM|80|21|67139.3|0.09|80|21414|21414|1120|1120|2
7|GERMANY|33|7|25198.46|0.07|33|21414|21414|1120|1120|2
24|UNITED STATES|46|24|59914.5|0.0|46|21414|21414|1120|1120|2
8|INDIA|12|8|53866.56|0.06|12|21414|21414|1120|1120|2
16|MOZAMBIQUE|18|16|33552.12|0.01|18|21414|21414|1120|1120|2
16|MOZAMBIQUE|30|16|61155.19|0.01|30|21414|21414|1120|1120|2
5|ETHIOPIA|2|5|68410.78|0.04|2|44710|44710|1120|1120|2
1|ARGENTINA|71|1|49975.65|0.03|71|36417|36417|1120|1120|2
17|PERU|59|17|57740.9|0.03|59|36417|36417|1120|1120|2
18|CHINA|72|18|39642.6|0.02|72|45349|45349|1120|1120|2
4|EGYPT|38|4|53297.64|0.07|38|45349|45349|1120|1120|2
9|INDONESIA|51|9|2730.03|0.03|51|3362|3362|1120|1120|2
1|ARGENTINA|71|1|72796.4|0.05|71|3362|3362|1120|1120|2
16|MOZAMBIQUE|58|16|35931.24|0.06|58|3362|3362|1120|1120|2
5|ETHIOPIA|78|5|14996.38|0.06|78|3362|3362|1120|1120|2
24|UNITED STATES|64|24|64607.0|0.09|64|3362|3362|1120|1120|2
18|CHINA|41|18|59923.96|0.05|41|3362|3362|1120|1120|2
21|VIETNAM|68|21|52255.8|0.04|68|5188|5188|1120|1120|2
3|CANADA|13|3|33154.92|0.04|13|5188|5188|1120|1120|2
7|GERMANY|53|7|9766.62|0.06|53|5188|5188|1120|1120|2
23|UNITED KINGDOM|7|23|62652.12|0.05|7|31648|31648|1120|1120|2
7|GERMANY|33|7|79332.0|0.06|33|31648|31648|1120|1120|2
7|GERMANY|77|7|47436.09|0.1|77|31648|31648|1120|1120|2
6|FRANCE|70|6|8246.82|0.1|70|31648|31648|1120|1120|2
21|VIETNAM|35|21|30546.56|0.09|35|31648|31648|1120|1120|2
14|KENYA|79|14|46699.45|0.08|79|31648|31648|1120|1120|2
5|ETHIOPIA|63|5|40258.24|0.04|63|31648|31648|1120|1120|2
0|ALGERIA|37|0|15572.17|0.02|37|37383|37383|1120|1120|2
4|EGYPT|69|4|30657.66|0.04|69|37383|37383|1120|1120|2
5|ETHIOPIA|78|5|32796.05|0.06|78|37383|37383|1120|1120|2
22|RUSSIA|42|22|58671.36|0.03|42|37383|37383|1120|1120|2
20|SAUDI ARABIA|74|20|26869.04|0.05|74|37383|37383|1120|1120|2
1|ARGENTINA|29|1|1016.11|0.07|29|47681|47681|1120|1120|2
0|ALGERIA|37|0|4333.62|0.0|37|1927|1927|1120|1120|2
4|EGYPT|38|4|8517.06|0.05|38|1927|1927|1120|1120|2
18|CHINA|75|18|22208.7|0.08|75|1927|1927|1120|1120|2
14|KENYA|48|14|64111.6|0.08|48|15235|15235|1120|1120|2
20|SAUDI ARABIA|74|20|37105.25|0.08|74|15235|15235|1120|1120|2
14|KENYA|6|14|43056.24|0.09|6|47653|47653|1120|1120|2
15|MOROCCO|14|15|60250.26|0.01|14|47653|47653|1120|1120|2
24|UNITED STATES|46|24|28550.82|0.04|46|47653|47653|1120|1120|2
17|PERU|57|17|45209.2|0.09|57|47653|47653|1120|1120|2
18|CHINA|72|18|45801.88|0.02|72|42018|42018|1094|1094|2
15|MOROCCO|14|15|35038.5|0.08|14|42018|42018|1094|1094|2
5|ETHIOPIA|2|5|1461.56|0.1|2|42018|42018|1094|1094|2
7|GERMANY|44|7|20776.5|0.09|44|802|802|1094|1094|2
10|IRAN|9|10|41757.76|0.07|9|802|802|1094|1094|2
8|INDIA|15|8|18145.95|0.08|15|802|802|1094|1094|2
0|ALGERIA|24|0|32778.04|0.08|24|802|802|1094|1094|2
24|UNITED STATES|10|24|41685.6|0.08|10|802|802|1094|1094|2
7|GERMANY|44|7|6715.26|0.06|44|6566|6566|1094|1094|2
24|UNITED STATES|46|24|10090.98|0.09|46|6566|6566|1094|1094|2
5|ETHIOPIA|78|5|84857.28|0.06|78|6566|6566|1094|1094|2
5|ETHIOPIA|78|5|22566.14|0.1|78|6566|6566|1094|1094|2
9|INDONESIA|45|9|9820.8|0.06|45|6566|6566|1094|1094|2
12|JAPAN|54|12|28573.82|0.08|54|6566|6566|1094|1094|2
16|MOZAMBIQUE|31|16|71915.6|0.08|31|6566|6566|1094|1094|2
7|GERMANY|33|7|2614.8|0.09|33|512|512|505|505|2
7|GERMANY|77|7|53497.2|0.05|77|512|512|505|505|2
7|GERMANY|77|7|15606.6|0.09|77|512|512|505|505|2
21|VIETNAM|68|21|40077.66|0.01|68|512|512|505|505|2
21|VIETNAM|35|21|8487.06|0.03|35|512|512|505|505|2
16|MOZAMBIQUE|30|16|26837.69|0.08|30|512|512|505|505|2
18|CHINA|41|18|13887.0|0.04|41|512|512|505|505|2
22|RUSSIA|25|22|61445.7|0.03|25|8931|8931|505|505|2
3|CANADA|20|3|20866.5|0.02|20|8931|8931|505|505|2
19|ROMANIA|62|19|53429.64|0.08|62|1728|1728|505|505|2
4|EGYPT|67|4|39947.09|0.05|67|1728|1728|505|505|2
18|CHINA|27|18|903.0|0.07|27|1728|1728|505|505|2
24|UNITED STATES|64|24|46083.98|0.09|64|1728|1728|505|505|2
19|ROMANIA|52|19|37781.14|0.08|52|1728|1728|505|505|2
8|INDIA|61|8|47272.95|0.0|61|36355|36355|505|505|2
0|ALGERIA|24|0|42845.25|0.05|24|36355|36355|505|505|2
4|EGYPT|38|4|18453.63|0.08|38|36355|36355|505|505|2
23|UNITED KINGDOM|66|23|74875.12|0.04|66|41283|41283|505|505|2
0|ALGERIA|24|0|53678.62|0.0|24|41283|41283|505|505|2
23|UNITED KINGDOM|32|23|25753.0|0.09|32|41283|41283|505|505|2
17|PERU|1|17|71139.18|0.07|1|27622|27622|505|505|2
6|FRANCE|70|6|1007.1|0.01|70|11111|11111|505|505|2
17|PERU|57|17|26804.25|0.0|57|11111|11111|505|505|2
5|ETHIOPIA|78|5|27164.64|0.1|78|11111|11111|505|505|2
20|SAUDI ARABIA|74|20|57703.23|0.06|74|11111|11111|505|505|2
17|PERU|8|17|20856.88|0.03|8|8802|8802|977|977|2
13|JORDAN|36|13|18023.32|0.02|36|8802|8802|977|977|2
3|CANADA|13|3|19130.41|0.02|13|8802|8802|977|977|2
9|INDONESIA|45|9|43485.84|0.04|45|8802|8802|977|977|2
22|RUSSIA|16|22|16576.19|0.05|16|8802|8802|977|977|2
23|UNITED KINGDOM|7|23|55819.86|0.06|7|5024|5024|977|977|2
0|ALGERIA|37|0|20830.44|0.1|37|5024|5024|977|977|2
12|JAPAN|54|12|79043.16|0.03|54|5024|5024|977|977|2
18|CHINA|41|18|32217.84|0.04|41|5024|5024|977|977|2
17|PERU|8|17|45887.88|0.02|8|8326|8326|977|977|2
24|UNITED STATES|19|24|26572.16|0.04|19|8326|8326|977|977|2
9|INDONESIA|45|9|82007.48|0.1|45|25184|25184|977|977|2
2|BRAZIL|21|2|32515.38|0.0|21|25184|25184|977|977|2
8|INDIA|61|8|16737.7|0.08|61|18244|18244|977|977|2
18|CHINA|72|18|7328.08|0.0|72|18244|18244|977|977|2
17|PERU|59|17|7916.46|0.09|59|18244|18244|977|977|2
22|RUSSIA|25|22|7589.26|0.06|25|18244|18244|977|977|2
13|JORDAN|36|13|1136.23|0.06|36|18244|18244|977|977|2
24|UNITED STATES|10|24|41949.36|0.1|10|18244|18244|977|977|2
17|PERU|57|17|39091.14|0.04|57|24645|24645|427|427|2
21|VIETNAM|68|21|50397.07|0.05|68|24645|24645|427|427|2
14|KENYA|6|14|6151.6|0.09|6|11238|11238|427|427|2
0|ALGERIA|37|0|86841.5|0.09|37|11238|11238|427|427|2
15|MOROCCO|4|15|33041.4|0.01|4|11238|11238|427|427|2
15|MOROCCO|4|15|16712.36|0.05|4|11238|11238|427|427|2
24|UNITED STATES|64|24|3527.72|0.0|64|11238|11238|427|427|2
3|CANADA|20|3|8402.03|0.04|20|11238|11238|427|427|2
23|UNITED KINGDOM|66|23|40475.12|0.02|66|23968|23968|427|427|2
22|RUSSIA|25|22|53316.4|0.09|25|23968|23968|427|427|2
16|MOZAMBIQUE|56|16|17551.26|0.03|56|23968|23968|427|427|2
12|JAPAN|54|12|68330.01|0.01|54|23968|23968|427|427|2
24|UNITED STATES|49|24|36595.96|0.08|49|23968|23968|427|427|2
1|ARGENTINA|3|1|53808.81|0.0|3|23968|23968|427|427|2
18|CHINA|75|18|34290.3|0.07|75|18022|18022|427|427|2
7|GERMANY|33|7|10667.52|0.09|33|16262|16262|427|427|2
8|INDIA|60|8|31669.66|0.06|60|16262|16262|427|427|2
4|EGYPT|69|4|81353.36|0.01|69|16262|16262|427|427|2
17|PERU|57|17|60418.26|0.0|57|16262|16262|427|427|2
4|EGYPT|67|4|36470.5|0.03|67|16262|16262|427|427|2
9|INDONESIA|45|9|57590.04|0.06|45|16262|16262|427|427|2
20|SAUDI ARABIA|74|20|36388.17|0.04|74|16262|16262|427|427|2
23|UNITED KINGDOM|7|23|37625.04|0.1|7|15972|15972|427|427|2
18|CHINA|72|18|1058.15|0.02|72|15972|15972|427|427|2
18|CHINA|75|18|24094.18|0.07|75|15972|15972|427|427|2
18|CHINA|41|18|4148.52|0.04|41|15972|15972|427|427|2
16|MOZAMBIQUE|58|16|20898.44|0.06|58|9191|9191|427|427|2
14|KENYA|48|14|72548.42|0.03|48|40165|40165|92|92|2
16|MOZAMBIQUE|30|16|10824.88|0.08|30|40165|40165|92|92|2
17|PERU|8|17|48495.48|0.08|8|30977|30977|92|92|2
19|ROMANIA|62|19|44351.97|0.07|62|30977|30977|92|92|2
3|CANADA|13|3|39855.09|0.05|13|30977|30977|92|92|2
17|PERU|8|17|32977.36|0.05|8|37476|37476|92|92|2
7|GERMANY|44|7|32410.56|0.01|44|37476|37476|92|92|2
13|JORDAN|36|13|38392.56|0.05|36|37476|37476|92|92|2
3|CANADA|20|3|33118.38|0.0|20|37476|37476|92|92|2
13|JORDAN|36|13|10106.88|0.04|36|36356|36356|92|92|2
0|ALGERIA|24|0|3692.08|0.09|24|36356|36356|92|92|2
5|ETHIOPIA|78|5|8865.72|0.09|78|36356|36356|92|92|2
8|INDIA|39|8|40448.07|0.1|39|36356|36356|92|92|2
24|UNITED STATES|64|24|6852.3|0.06|64|36356|36356|92|92|2
24|UNITED STATES|64|24|12601.68|0.04|64|36356|36356|92|92|2
19|ROMANIA|52|19|38848.74|0.08|52|36356|36356|92|92|2
17|PERU|8|17|20857.2|0.0|8|27844|27844|899|899|2
8|INDIA|12|8|60364.8|0.07|12|27844|27844|899|899|2
12|JAPAN|54|12|8640.31|0.1|54|27844|27844|899|899|2
4|EGYPT|38|4|30947.28|0.07|38|27844|27844|899|899|2
17|PERU|8|17|11812.8|0.06|8|39746|39746|899|899|2
9|INDONESIA|51|9|15642.9|0.08|51|2246|2246|899|899|2
21|VIETNAM|26|21|74210.26|0.07|26|2246|2246|899|899|2
22|RUSSIA|42|22|11419.43|0.1|42|2246|2246|899|899|2
3|CANADA|20|3|29027.02|0.02|20|2246|2246|899|899|2
16|MOZAMBIQUE|56|16|19537.08|0.03|56|11105|11105|899|899|2
14|KENYA|48|14|3788.16|0.05|48|11425|11425|899|899|2
21|VIETNAM|68|21|11580.32|0.02|68|11425|11425|899|899|2
10|IRAN|34|10|44576.84|0.02|34|11425|11425|899|899|2
12|JAPAN|43|12|21953.4|0.08|43|11425|11425|899|899|2
19|ROMANIA|17|19|6632.1|0.04|17|11425|11425|899|899|2
18|CHINA|41|18|43783.96|0.0|41|11425|11425|899|899|2
8|INDIA|61|8|41247.36|0.0|61|5153|5153|899|899|2
8|INDIA|60|8|49403.34|0.03|60|5153|5153|899|899|2
3|CANADA|13|3|40939.84|0.1|13|5153|5153|899|899|2
24|UNITED STATES|19|24|18527.88|0.05|19|5153|5153|899|899|2
24|UNITED STATES|10|24|43306.2|0.09|10|5153|5153|899|899|2
0|ALGERIA|28|0|64616.04|0.01|28|5153|5153|899|899|2
9|INDONESIA|51|9|22001.76|0.03|51|45283|45283|899|899|2
19|ROMANIA|62|19|37596.07|0.08|62|45283|45283|899|899|2
16|MOZAMBIQUE|73|16|28182.36|0.09|73|45283|45283|899|899|2
1|ARGENTINA|71|1|49386.7|0.08|71|45283|45283|899|899|2
14|KENYA|79|14|9009.6|0.03|79|45283|45283|899|899|2
22|RUSSIA|42|22|47987.75|0.02|42|45283|45283|899|899|2
5|ETHIOPIA|78|5|36488.75|0.03|78|2977|2977|569|569|2
17|PERU|1|17|48083.76|0.0|1|2343|2343|569|569|2
7|GERMANY|44|7|49893.2|0.03|44|2343|2343|569|569|2
9|INDONESIA|23|9|27981.03|0.0|23|2343|2343|569|569|2
4|EGYPT|67|4|55235.4|0.07|67|10817|10817|569|569|2
21|VIETNAM|80|21|41212.02|0.05|80|21542|21542|635|635|2
11|IRAQ|5|11|1314.41|0.09|5|21542|21542|635|635|2
23|UNITED KINGDOM|66|23|9054.9|0.03|66|21542|21542|635|635|2
18|CHINA|72|18|62057.94|0.05|72|21542|21542|635|635|2
8|INDIA|15|8|9234.0|0.05|15|21542|21542|635|635|2
21|VIETNAM|26|21|1214.31|0.03|26|21542|21542|635|635|2
14|KENYA|48|14|60039.84|0.1|48|21542|21542|635|635|2
4|EGYPT|22|4|26041.29|0.09|22|40069|40069|635|635|2
5|ETHIOPIA|78|5|31377.6|0.0|78|40069|40069|635|635|2
19|ROMANIA|17|19|4273.56|0.08|17|40069|40069|635|635|2
4|EGYPT|38|4|15820.65|0.02|38|40069|40069|635|635|2
1|ARGENTINA|3|1|59910.4|0.09|3|40069|40069|635|635|2
11|IRAQ|5|11|27261.44|0.02|5|46311|46311|635|635|2
15|MOROCCO|14|15|38262.81|0.09|14|46311|46311|635|635|2
21|VIETNAM|68|21|69257.79|0.01|68|46311|46311|635|635|2
4|EGYPT|67|4|31702.44|0.03|67|46311|46311|635|635|2
24|UNITED STATES|19|24|14198.47|0.06|19|46311|46311|635|635|2
22|RUSSIA|16|22|64058.4|0.08|16|46311|46311|635|635|2
4|EGYPT|22|4|39371.63|0.06|22|31526|31526|965|965|2
8|INDIA|61|8|74358.0|0.03|61|31526|31526|965|965|2
14|KENYA|79|14|81221.36|0.04|79|31526|31526|965|965|2
16|MOZAMBIQUE|56|16|2258.44|0.1|56|31526|31526|965|965|2
23|UNITED KINGDOM|32|23|6889.44|0.06|32|31526|31526|965|965|2
22|RUSSIA|42|22|4980.45|0.01|42|31526|31526|965|965|2
1|ARGENTINA|3|1|30749.32|0.04|3|31526|31526|965|965|2
9|INDONESIA|51|9|15538.77|0.0|51|16963|16963|965|965|2
24|UNITED STATES|46|24|35879.2|0.05|46|16963|16963|965|965|2
19|ROMANIA|17|19|36159.0|0.1|17|16963|16963|965|965|2
5|ETHIOPIA|63|5|47931.1|0.04|63|16963|16963|965|965|2
9|INDONESIA|50|9|50368.92|0.01|50|29889|29889|965|965|2
21|VIETNAM|80|21|36760.4|0.01|80|38438|38438|701|701|2
16|MOZAMBIQUE|73|16|5078.37|0.0|73|38438|38438|701|701|2
7|GERMANY|44|7|51096.04|0.07|44|38438|38438|701|701|2
4|EGYPT|69|4|32515.7|0.0|69|38438|38438|701|701|2
4|EGYPT|67|4|28556.09|0.0|67|38438|38438|701|701|2
9|INDONESIA|51|9|1066.16|0.04|51|26658|26658|701|701|2
24|UNITED STATES|55|24|34181.82|0.1|55|26658|26658|701|701|2
23|UNITED KINGDOM|66|23|35773.1|0.01|66|26658|26658|701|701|2
3|CANADA|13|3|38122.26|0.03|13|26658|26658|701|701|2
23|UNITED KINGDOM|7|23|4609.0|0.02|7|25607|25607|701|701|2
24|UNITED STATES|64|24|22311.13|0.07|64|25607|25607|701|701|2
6|FRANCE|70|6|37023.1|0.0|70|34660|34660|701|701|2
17|PERU|59|17|60481.58|0.05|59|34660|34660|701|701|2
21|VIETNAM|26|21|5711.2|0.07|26|34660|34660|701|701|2
22|RUSSIA|25|22|50959.02|0.05|25|34660|34660|701|701|2
19|ROMANIA|17|19|67140.68|0.08|17|34660|34660|701|701|2
18|CHINA|41|18|23425.2|0.03|41|34660|34660|701|701|2
18|CHINA|41|18|87704.12|0.08|41|34660|34660|701|701|2
14|KENYA|6|14|34308.96|0.07|6|15841|15841|701|701|2
0|ALGERIA|37|0|58382.55|0.0|37|15841|15841|701|701|2
7|GERMANY|44|7|27930.25|0.08|44|38822|38822|646|646|2
10|IRAN|9|10|57797.1|0.02|9|38822|38822|646|646|2
17|PERU|59|17|49465.68|0.1|59|27526|27526|646|646|2
8|INDIA|15|8|15772.92|0.05|15|27526|27526|646|646|2
9|INDONESIA|23|9|56088.26|0.02|23|27526|27526|646|646|2
1|ARGENTINA|29|1|58476.95|0.01|29|27526|27526|646|646|2
18|CHINA|75|18|59718.55|0.05|75|27526|27526|646|646|2
22|RUSSIA|40|22|60589.8|0.05|40|9537|9537|646|646|2
16|MOZAMBIQUE|58|16|61220.25|0.08|58|9537|9537|646|646|2
16|MOZAMBIQUE|56|16|61138.74|0.07|56|9537|9537|646|646|2
18|CHINA|75|18|29455.68|0.04|75|9537|9537|646|646|2
14|KENYA|6|14|21983.4|0.06|6|44416|44416|646|646|2
16|MOZAMBIQUE|73|16|15234.52|0.08|73|44416|44416|646|646|2
7|GERMANY|44|7|49583.43|0.03|44|44416|44416|646|646|2
14|KENYA|79|14|32990.98|0.05|79|44416|44416|646|646|2
18|CHINA|27|18|26653.12|0.08|27|44416|44416|646|646|2
16|MOZAMBIQUE|31|16|46501.5|0.02|31|44416|44416|646|646|2
17|PERU|8|17|46961.92|0.06|8|4482|4482|646|646|2
2|BRAZIL|21|2|53208.32|0.01|21|4482|4482|646|646|2
19|ROMANIA|62|19|35205.8|0.0|62|3460|3460|646|646|2
19|ROMANIA|62|19|47130.8|0.08|62|3460|3460|646|646|2
24|UNITED STATES|55|24|4462.74|0.06|55|3460|3460|646|646|2
7|GERMANY|77|7|44040.41|0.08|77|3460|3460|646|646|2
6|FRANCE|70|6|64284.54|0.03|70|3460|3460|646|646|2
6|FRANCE|70|6|39443.2|0.1|70|3460|3460|646|646|2
19|ROMANIA|17|19|82937.5|0.02|17|3460|3460|646|646|2
17|PERU|1|17|46069.92|0.03|1|47330|47330|646|646|2
21|VIETNAM|26|21|40062.9|0.08|26|47330|47330|646|646|2
12|JAPAN|54|12|55985.67|0.03|54|47330|47330|646|646|2
22|RUSSIA|65|22|8228.82|0.01|65|47330|47330|646|646|2
14|KENYA|47|14|23145.0|0.04|47|23143|23143|646|646|2
21|VIETNAM|35|21|60151.64|0.05|35|40480|40480|646|646|2
16|MOZAMBIQUE|56|16|56999.7|0.1|56|40480|40480|646|646|2
19|ROMANIA|17|19|45570.06|0.1|17|40480|40480|646|646|2
16|MOZAMBIQUE|73|16|38929.55|0.04|73|3425|3425|920|920|2
6|FRANCE|70|6|56558.94|0.06|70|3425|3425|920|920|2
8|INDIA|15|8|73325.76|0.08|15|3425|3425|920|920|2
5|ETHIOPIA|78|5|20437.45|0.03|78|3425|3425|920|920|2
8|INDIA|12|8|8064.8|0.06|12|3425|3425|920|920|2
22|RUSSIA|65|22|26044.32|0.05|65|3425|3425|920|920|2
6|FRANCE|70|6|62005.74|0.0|70|33830|33830|920|920|2
17|PERU|59|17|12101.74|0.08|59|33830|33830|920|920|2
0|ALGERIA|37|0|21607.37|0.05|37|33830|33830|920|920|2
22|RUSSIA|25|22|30965.0|0.08|25|33830|33830|920|920|2
21|VIETNAM|68|21|27929.7|0.0|68|33830|33830|920|920|2
1|ARGENTINA|3|1|3391.58|0.06|3|33830|33830|920|920|2
11|IRAQ|5|11|16401.92|0.03|5|41415|41415|920|920|2
0|ALGERIA|37|0|51144.99|0.04|37|41415|41415|920|920|2
24|UNITED STATES|19|24|56864.06|0.07|19|41415|41415|920|920|2
4|EGYPT|69|4|32002.56|0.03|69|38467|38467|920|920|2
16|MOZAMBIQUE|56|16|64969.08|0.01|56|38467|38467|920|920|2
14|KENYA|79|14|52907.5|0.02|79|43554|43554|535|535|2
7|GERMANY|33|7|23802.09|0.0|33|41827|41827|535|535|2
8|INDIA|12|8|34096.66|0.08|12|41827|41827|535|535|2
23|UNITED KINGDOM|7|23|51469.6|0.01|7|12614|12614|535|535|2
16|MOZAMBIQUE|73|16|24001.74|0.08|73|12614|12614|535|535|2
23|UNITED KINGDOM|66|23|62466.3|0.1|66|12614|12614|535|535|2
4|EGYPT|67|4|28305.75|0.02|67|12614|12614|535|535|2
5|ETHIOPIA|78|5|52589.04|0.03|78|12614|12614|535|535|2
12|JAPAN|54|12|10263.33|0.09|54|12614|12614|535|535|2
11|IRAQ|5|11|43299.52|0.1|5|45092|45092|535|535|2
14|KENYA|79|14|16917.9|0.09|79|45092|45092|535|535|2
23|UNITED KINGDOM|32|23|25251.6|0.03|32|45092|45092|535|535|2
0|ALGERIA|28|0|24176.5|0.08|28|45092|45092|535|535|2
22|RUSSIA|25|22|1285.38|0.01|25|3398|3398|535|535|2
1|ARGENTINA|71|1|24722.46|0.05|71|29255|29255|535|535|2
17|PERU|59|17|9626.4|0.0|59|29255|29255|535|535|2
16|MOZAMBIQUE|56|16|20518.47|0.02|56|29255|29255|535|535|2
17|PERU|1|17|40951.68|0.08|1|37344|37344|535|535|2
7|GERMANY|77|7|21702.56|0.08|77|37344|37344|535|535|2
24|UNITED STATES|46|24|24569.74|0.07|46|37344|37344|535|535|2
9|INDONESIA|23|9|14019.12|0.1|23|37344|37344|535|535|2
24|UNITED STATES|10|24|29563.74|0.07|10|37344|37344|535|535|2
22|RUSSIA|16|22|64733.85|0.01|16|37344|37344|535|535|2
8|INDIA|60|8|31433.4|0.04|60|39008|39008|535|535|2
10|IRAN|9|10|62326.44|0.08|9|39008|39008|535|535|2
10|IRAN|9|10|57261.2|0.07|9|39008|39008|535|535|2
16|MOZAMBIQUE|73|16|29643.68|0.09|73|28833|28833|535|535|2
22|RUSSIA|40|22|42868.41|0.09|40|28833|28833|535|535|2
9|INDONESIA|51|9|36178.74|0.05|51|26689|26689|326|326|2
10|IRAN|9|10|22910.07|0.06|9|4290|4290|326|326|2
14|KENYA|47|14|5066.34|0.09|47|4290|4290|326|326|2
14|KENYA|6|14|29264.51|0.05|6|43302|43302|1163|1163|2
8|INDIA|15|8|8138.6|0.06|15|43302|43302|1163|1163|2
9|INDONESIA|23|9|9810.8|0.0|23|43302|43302|1163|1163|2
10|IRAN|34|10|50366.32|0.08|34|43302|43302|1163|1163|2
17|PERU|8|17|42873.38|0.08|8|13095|13095|1163|1163|2
23|UNITED KINGDOM|7|23|45367.56|0.1|7|13095|13095|1163|1163|2
7|GERMANY|44|7|83976.69|0.02|44|13095|13095|1163|1163|2
6|FRANCE|70|6|46731.98|0.1|70|13095|13095|1163|1163|2
14|KENYA|79|14|25732.35|0.05|79|13095|13095|1163|1163|2
1|ARGENTINA|29|1|36347.15|0.1|29|13095|13095|1163|1163|2
19|ROMANIA|52|19|15504.17|0.07|52|13095|13095|1163|1163|2
23|UNITED KINGDOM|66|23|90911.52|0.06|66|17312|17312|1163|1163|2
22|RUSSIA|25|22|29671.6|0.09|25|17312|17312|1163|1163|2
24|UNITED STATES|19|24|25326.81|0.05|19|17312|17312|1163|1163|2
3|CANADA|20|3|28240.68|0.05|20|17312|17312|1163|1163|2
8|INDIA|61|8|49926.72|0.0|61|12994|12994|1162|1162|2
7|GERMANY|44|7|80385.0|0.03|44|5925|5925|1162|1162|2
18|CHINA|72|18|62370.72|0.02|72|5925|5925|1162|1162|2
22|RUSSIA|25|22|27931.0|0.03|25|5925|5925|1162|1162|2
14|KENYA|79|14|48350.07|0.0|79|5925|5925|1162|1162|2
5|ETHIOPIA|78|5|39822.6|0.02|78|5925|5925|1162|1162|2
5|ETHIOPIA|2|5|66934.98|0.05|2|5925|5925|1162|1162|2
6|FRANCE|70|6|39325.4|0.08|70|4835|4835|1162|1162|2
21|VIETNAM|68|21|23911.56|0.0|68|4835|4835|1162|1162|2
21|VIETNAM|35|21|4877.16|0.09|35|4835|4835|1162|1162|2
7|GERMANY|44|7|16635.92|0.0|44|28963|28963|1162|1162|2
0|ALGERIA|24|0|44772.25|0.02|24|28963|28963|1162|1162|2
17|PERU|57|17|32709.65|0.03|57|28963|28963|1162|1162|2
10|IRAN|34|10|55262.83|0.06|34|28963|28963|1162|1162|2
12|JAPAN|54|12|7189.74|0.04|54|28963|28963|1162|1162|2
23|UNITED KINGDOM|7|23|52240.32|0.02|7|12772|12772|1162|1162|2
9|INDONESIA|51|9|62251.62|0.07|51|12772|12772|1162|1162|2
0|ALGERIA|24|0|35633.22|0.09|24|12772|12772|1162|1162|2
10|IRAN|34|10|60095.04|0.01|34|12772|12772|1162|1162|2
24|UNITED STATES|64|24|39912.6|0.04|64|12772|12772|1162|1162|2
16|MOZAMBIQUE|58|16|60123.96|0.09|58|45189|45189|1162|1162|2
15|MOROCCO|4|15|24001.74|0.03|4|45189|45189|1162|1162|2
7|GERMANY|53|7|5986.45|0.03|53|45189|45189|1162|1162|2
18|CHINA|41|18|16506.18|0.03|41|45189|45189|1162|1162|2
21|VIETNAM|80|21|31678.29|0.09|80|36039|36039|1051|1051|2
4|EGYPT|67|4|16938.12|0.06|67|36039|36039|1051|1051|2
18|CHINA|27|18|8184.96|0.08|27|36039|36039|1051|1051|2
3|CANADA|20|3|83202.3|0.02|20|36039|36039|1051|1051|2
20|SAUDI ARABIA|74|20|7092.55|0.08|74|36039|36039|1051|1051|2
3|CANADA|13|3|12389.65|0.07|13|34631|34631|1051|1051|2
8|INDIA|60|8|46016.29|0.03|60|46689|46689|1051|1051|2
22|RUSSIA|25|22|56319.63|0.0|25|46689|46689|1051|1051|2
4|EGYPT|69|4|61910.1|0.1|69|46689|46689|1051|1051|2
4|EGYPT|69|4|25742.08|0.07|69|46689|46689|1051|1051|2
3|CANADA|13|3|28130.75|0.04|13|46689|46689|1051|1051|2
23|UNITED KINGDOM|32|23|28139.55|0.04|32|46689|46689|1051|1051|2
24|UNITED STATES|49|24|59263.2|0.05|49|46689|46689|1051|1051|2
24|UNITED STATES|46|24|11604.72|0.07|46|9314|9314|1051|1051|2
9|INDONESIA|50|9|47690.4|0.1|50|43681|43681|1051|1051|2
9|INDONESIA|51|9|35086.17|0.1|51|40197|40197|1084|1084|2
18|CHINA|11|18|36466.17|0.09|11|40197|40197|1084|1084|2
8|INDIA|60|8|10581.5|0.05|60|40197|40197|1084|1084|2
14|KENYA|79|14|4258.53|0.05|79|40197|40197|1084|1084|2
10|IRAN|34|10|42815.08|0.09|34|40197|40197|1084|1084|2
12|JAPAN|54|12|43481.9|0.07|54|40197|40197|1084|1084|2
4|EGYPT|69|4|29768.16|0.05|69|44800|44800|1084|1084|2
15|MOROCCO|4|15|19018.3|0.04|4|44800|44800|1084|1084|2
24|UNITED STATES|10|24|27846.24|0.1|10|44800|44800|1084|1084|2
12|JAPAN|54|12|56172.96|0.03|54|44800|44800|1084|1084|2
19|ROMANIA|17|19|35677.6|0.07|17|44800|44800|1084|1084|2
19|ROMANIA|17|19|38373.81|0.04|17|44800|44800|1084|1084|2
7|GERMANY|77|7|47307.48|0.05|77|45858|45858|1084|1084|2
0|ALGERIA|24|0|20790.24|0.06|24|43648|43648|1084|1084|2
16|MOZAMBIQUE|73|16|51670.8|0.08|73|41506|41506|1084|1084|2
10|IRAN|9|10|56125.5|0.01|9|41506|41506|1084|1084|2
9|INDONESIA|23|9|22196.94|0.0|23|41506|41506|1084|1084|2
16|MOZAMBIQUE|18|16|5866.35|0.03|18|41506|41506|1084|1084|2
8|INDIA|39|8|11035.76|0.02|39|41506|41506|1084|1084|2
18|CHINA|27|18|18475.56|0.02|27|41506|41506|1084|1084|2
17|PERU|59|17|28029.51|0.1|59|17985|17985|1084|1084|2
21|VIETNAM|26|21|40204.0|0.05|26|17985|17985|1084|1084|2
5|ETHIOPIA|78|5|5072.37|0.0|78|17985|17985|1084|1084|2
2|BRAZIL|21|2|58274.48|0.01|21|17985|17985|1084|1084|2
6|FRANCE|70|6|18073.72|0.09|70|28000|28000|869|869|2
21|VIETNAM|26|21|48411.46|0.08|26|28000|28000|869|869|2
13|JORDAN|36|13|11940.6|0.02|36|28000|28000|869|869|2
9|INDONESIA|51|9|10027.71|0.06|51|46435|46435|853|853|2
15|MOROCCO|14|15|32542.44|0.04|14|46435|46435|853|853|2
16|MOZAMBIQUE|31|16|35068.13|0.02|31|46435|46435|853|853|2
9|INDONESIA|51|9|50344.99|0.1|51|7651|7651|853|853|2
21|VIETNAM|80|21|35548.59|0.03|80|12066|12066|853|853|2
16|MOZAMBIQUE|73|16|29516.13|0.07|73|12066|12066|853|853|2
18|CHINA|11|18|22451.64|0.09|11|12066|12066|853|853|2
18|CHINA|11|18|51539.95|0.08|11|12066|12066|853|853|2
23|UNITED KINGDOM|32|23|33109.19|0.03|32|12066|12066|853|853|2
24|UNITED STATES|55|24|12190.05|0.07|55|1664|1664|512|512|2
1|ARGENTINA|71|1|39768.05|0.0|71|1664|1664|512|512|2
10|IRAN|9|10|11092.0|0.0|9|1664|1664|512|512|2
13|JORDAN|36|13|40884.8|0.09|36|1664|1664|512|512|2
3|CANADA|13|3|38381.1|0.06|13|1664|1664|512|512|2
22|RUSSIA|42|22|88316.64|0.04|42|1664|1664|512|512|2
10|IRAN|9|10|63966.34|0.01|9|35110|35110|512|512|2
14|KENYA|48|14|7848.54|0.09|48|35110|35110|512|512|2
15|MOROCCO|14|15|36858.8|0.01|14|35110|35110|512|512|2
19|ROMANIA|17|19|49718.75|0.05|17|35110|35110|512|512|2
3|CANADA|13|3|66034.38|0.06|13|46756|46756|346|346|2
11|IRAQ|5|11|11300.08|0.01|5|30950|30950|346|346|2
14|KENYA|79|14|57595.49|0.1|79|30950|30950|346|346|2
21|VIETNAM|68|21|6769.42|0.02|68|30950|30950|346|346|2
17|PERU|57|17|21157.65|0.04|57|25572|25572|346|346|2
4|EGYPT|38|4|65638.08|0.03|38|25572|25572|346|346|2
17|PERU|8|17|4653.04|0.09|8|32354|32354|521|521|2
15|MOROCCO|14|15|26124.84|0.04|14|32354|32354|521|521|2
2|BRAZIL|21|2|15047.84|0.03|21|32354|32354|521|521|2
18|CHINA|27|18|24530.74|0.08|27|32354|32354|521|521|2
1|ARGENTINA|3|1|83795.36|0.05|3|32354|32354|521|521|2
8|INDIA|60|8|19046.7|0.05|60|30820|30820|521|521|2
3|CANADA|13|3|32964.16|0.04|13|30820|30820|521|521|2
0|ALGERIA|28|0|2604.8|0.1|28|30820|30820|521|521|2
14|KENYA|6|14|23587.16|0.0|6|43392|43392|521|521|2
1|ARGENTINA|71|1|34580.38|0.04|71|43392|43392|521|521|2
3|CANADA|13|3|4961.36|0.06|13|43392|43392|521|521|2
17|PERU|57|17|50348.55|0.08|57|43392|43392|521|521|2
21|VIETNAM|68|21|1950.14|0.09|68|43392|43392|521|521|2
3|CANADA|13|3|10125.78|0.02|13|43392|43392|521|521|2
24|UNITED STATES|19|24|49928.2|0.09|19|43392|43392|521|521|2
1|ARGENTINA|71|1|9498.24|0.07|71|19424|19424|521|521|2
17|PERU|59|17|15905.04|0.09|59|19424|19424|521|521|2
14|KENYA|47|14|46759.5|0.08|47|19424|19424|521|521|2
12|JAPAN|43|12|36892.33|0.03|43|19424|19424|521|521|2
14|KENYA|76|14|2368.56|0.02|76|19424|19424|521|521|2
12|JAPAN|54|12|6398.07|0.07|54|19424|19424|521|521|2
16|MOZAMBIQUE|31|16|32441.73|0.03|31|19424|19424|521|521|2
7|GERMANY|33|7|60744.4|0.01|33|10214|10214|730|730|2
5|ETHIOPIA|78|5|26274.38|0.02|78|10214|10214|730|730|2
16|MOZAMBIQUE|18|16|32754.6|0.04|18|10214|10214|730|730|2
19|ROMANIA|17|19|8293.75|0.01|17|10214|10214|730|730|2
21|VIETNAM|26|21|8433.0|0.07|26|24582|24582|730|730|2
13|JORDAN|36|13|17502.6|0.06|36|24582|24582|730|730|2
14|KENYA|47|14|34417.2|0.06|47|24582|24582|730|730|2
21|VIETNAM|35|21|19208.88|0.01|35|24582|24582|730|730|2
8|INDIA|12|8|33412.48|0.05|12|24582|24582|730|730|2
24|UNITED STATES|64|24|66548.52|0.04|64|24582|24582|730|730|2
14|KENYA|6|14|25248.3|0.01|6|36192|36192|862|862|2
24|UNITED STATES|55|24|42872.36|0.04|55|36192|36192|862|862|2
8|INDIA|61|8|56088.06|0.03|61|36192|36192|862|862|2
3|CANADA|20|3|16878.0|0.04|20|18759|18759|862|862|2
8|INDIA|39|8|44842.74|0.07|39|33895|33895|862|862|2
20|SAUDI ARABIA|74|20|6134.52|0.09|74|33895|33895|862|862|2
7|GERMANY|33|7|24714.24|0.07|33|43618|43618|862|862|2
8|INDIA|39|8|65770.2|0.02|39|43618|43618|862|862|2
18|CHINA|27|18|30560.22|0.03|27|43618|43618|862|862|2
22|RUSSIA|42|22|72928.44|0.05|42|43618|43618|862|862|2
18|CHINA|75|18|53782.08|0.1|75|43618|43618|862|862|2
16|MOZAMBIQUE|31|16|59583.2|0.08|31|43618|43618|862|862|2
23|UNITED KINGDOM|66|23|46595.98|0.08|66|7204|7204|862|862|2
4|EGYPT|67|4|11772.7|0.09|67|7204|7204|862|862|2
24|UNITED STATES|64|24|55625.64|0.0|64|7204|7204|862|862|2
19|ROMANIA|62|19|5930.32|0.07|62|25760|25760|862|862|2
19|ROMANIA|62|19|60479.36|0.0|62|25760|25760|862|862|2
18|CHINA|72|18|81475.24|0.07|72|25760|25760|862|862|2
12|JAPAN|43|12|9730.48|0.08|43|25760|25760|862|862|2
16|MOZAMBIQUE|31|16|36260.15|0.01|31|25760|25760|862|862|2
21|VIETNAM|80|21|71915.6|0.03|80|36321|36321|862|862|2
15|MOROCCO|14|15|21371.04|0.0|14|36321|36321|862|862|2
21|VIETNAM|80|21|83697.75|0.0|80|42240|42240|862|862|2
23|UNITED KINGDOM|7|23|49052.8|0.04|7|42240|42240|862|862|2
14|KENYA|6|14|14315.6|0.06|6|42240|42240|862|862|2
4|EGYPT|67|4|22101.38|0.08|67|42240|42240|862|862|2
22|RUSSIA|42|22|39485.46|0.07|42|42240|42240|862|862|2
7|GERMANY|53|7|56452.04|0.05|53|42240|42240|862|862|2
17|PERU|1|17|64264.64|0.0|1|36674|36674|862|862|2
8|INDIA|15|8|4670.15|0.03|15|36674|36674|862|862|2
21|VIETNAM|68|21|36638.88|0.1|68|20196|20196|862|862|2
1|ARGENTINA|29|1|63311.5|0.04|29|20196|20196|862|862|2
18|CHINA|75|18|18804.32|0.05|75|20196|20196|862|862|2
10|IRAN|9|10|86441.0|0.03|9|47776|47776|554|554|2
14|KENYA|48|14|37840.5|0.08|48|47776|47776|554|554|2
13|JORDAN|36|13|2304.5|0.0|36|47776|47776|554|554|2
22|RUSSIA|25|22|7802.4|0.09|25|47776|47776|554|554|2
21|VIETNAM|68|21|15119.17|0.0|68|47776|47776|554|554|2
0|ALGERIA|24|0|17256.46|0.1|24|47776|47776|554|554|2
0|ALGERIA|24|0|8676.54|0.09|24|47776|47776|554|554|2
