10626
3680
10208
41701
34628
32802
41415
20999
22308
43648
36608
25828
5473
31559
22946
3075
45408
44836
16929
46816
418
45639
45925
14916
47718
13508
34529
30822
40678
46915
22627
11429
737
6375
46849
30338
42625
20548
42757
8102
4032
42658
45859
20966
21538
32934
41602
9895
35904
43747
30624
26818
44803
7398
9026
42823
32835
36806
7783
9730
21857
902
803
24739
23716
3174
5154
9763
7200
20416
10439
31878
30789
4197
24805
33319
1381
44737
2085
33825
37829
10725
21989
9345
41734
44517
21703
27907
3361
30503
31207
47938
11748
12518
935
23969
8256
6210
20647
21219
13827
9312
32615
32868
12804
20834
40326
41921
45606
1282
6023
33506
40645
34848
21824
7651
8674
8641
1095
10307
7684
25927
42977
7750
41668
40579
10945
22209
11968
31009
45507
40007
5891
9158
44418
12705
34947
20229
43428
6243
40898
6881
7431
12837
35937
8993
40865
704
44869
8388
21637
20449
45958
31328
43714
40711
23749
8289
23815
39908
5187
6177
2470
35717
33638
8740
2690
27808
13926
7079
15906
40128
46948
46629
2151
6661
11649
8960
30756
14817
30118
23936
13409
30855
20900
36707
8135
31779
4483
7970
517
7233
836
43329
30305
23617
41987
40997
21604
7266
41316
7013
30437
30019
31526
3042
35618
5088
25729
10406
43527
41635
8454
41888
9477
21923
20614
13959
33924
9697
20801
31713
4098
31845
34727
22759
6980
43813
20768
9510
6276
22407
21505
5121
5286
3394
