17|PERU|1|17|44597.4|0.09|1|15425|15425|334
23|UNITED KINGDOM|66|23|41985.36|0.1|66|15425|15425|334
22|RUSSIA|25|22|37761.6|0.0|25|15425|15425|334
16|MOZAMBIQUE|73|16|19857.6|0.05|73|45477|45477|400
24|UNITED STATES|55|24|50622.6|0.07|55|45477|45477|400
4|EGYPT|69|4|14689.73|0.02|69|45477|45477|400
0|ALGERIA|28|0|38651.08|0.05|28|45477|45477|400
5|ETHIOPIA|2|5|11748.6|0.01|2|45477|45477|400
23|UNITED KINGDOM|66|23|37390.2|0.06|66|20320|20320|389
3|CANADA|20|3|4093.38|0.02|20|20320|20320|389
5|ETHIOPIA|78|5|49310.04|0.09|78|29857|29857|235
22|RUSSIA|40|22|34392.96|0.01|40|27778|27778|334
7|GERMANY|44|7|10955.79|0.03|44|27778|27778|334
12|JAPAN|43|12|25651.08|0.03|43|27778|27778|334
0|ALGERIA|28|0|33828.0|0.09|28|27778|27778|334
16|MOZAMBIQUE|30|16|31586.68|0.05|30|27778|27778|334
22|RUSSIA|25|22|26692.82|0.08|25|46951|46951|4
17|PERU|8|17|4653.04|0.09|8|32354|32354|521
15|MOROCCO|14|15|26124.84|0.04|14|32354|32354|521
2|BRAZIL|21|2|15047.84|0.03|21|32354|32354|521
18|CHINA|27|18|24530.74|0.08|27|32354|32354|521
1|ARGENTINA|3|1|83795.36|0.05|3|32354|32354|521
21|VIETNAM|26|21|42007.66|0.02|26|41121|41121|433
0|ALGERIA|37|0|70782.46|0.03|37|45796|45796|598
4|EGYPT|69|4|33569.28|0.07|69|45796|45796|598
22|RUSSIA|65|22|31533.4|0.06|65|45796|45796|598
12|JAPAN|54|12|39852.6|0.02|54|45796|45796|598
17|PERU|8|17|36664.0|0.07|8|39526|39526|532
16|MOZAMBIQUE|58|16|31113.9|0.06|58|39526|39526|532
20|SAUDI ARABIA|74|20|59659.92|0.02|74|39526|39526|532
7|GERMANY|77|7|1216.31|0.08|77|26722|26722|4
22|RUSSIA|25|22|34538.92|0.05|25|26722|26722|4
22|RUSSIA|25|22|41612.8|0.0|25|26722|26722|4
16|MOZAMBIQUE|56|16|73437.2|0.02|56|26722|26722|4
8|INDIA|39|8|35966.16|0.05|39|26722|26722|4
18|CHINA|11|18|29935.52|0.07|11|14853|14853|367
6|FRANCE|70|6|16786.24|0.02|70|14853|14853|367
24|UNITED STATES|19|24|66310.84|0.03|19|14853|14853|367
18|CHINA|27|18|28127.88|0.0|27|14853|14853|367
14|KENYA|47|14|54111.72|0.08|47|24225|24225|895
7|GERMANY|77|7|27858.41|0.09|77|35555|35555|961
4|EGYPT|22|4|30033.0|0.03|22|35555|35555|961
14|KENYA|76|14|11226.06|0.1|76|35555|35555|961
16|MOZAMBIQUE|30|16|55196.9|0.08|30|35555|35555|961
22|RUSSIA|40|22|21664.37|0.06|40|44289|44289|323
5|ETHIOPIA|63|5|63229.11|0.03|63|44289|44289|323
10|IRAN|9|10|9514.24|0.03|9|25248|25248|367
10|IRAN|9|10|14447.51|0.07|9|25248|25248|367
13|JORDAN|36|13|18908.04|0.05|36|25248|25248|367
16|MOZAMBIQUE|56|16|17587.26|0.05|56|25248|25248|367
10|IRAN|9|10|86441.0|0.03|9|47776|47776|554
14|KENYA|48|14|37840.5|0.08|48|47776|47776|554
13|JORDAN|36|13|2304.5|0.0|36|47776|47776|554
22|RUSSIA|25|22|7802.4|0.09|25|47776|47776|554
21|VIETNAM|68|21|15119.17|0.0|68|47776|47776|554
0|ALGERIA|24|0|17256.46|0.1|24|47776|47776|554
0|ALGERIA|24|0|8676.54|0.09|24|47776|47776|554
6|FRANCE|70|6|7550.1|0.09|70|22278|22278|422
21|VIETNAM|35|21|18752.02|0.1|35|22278|22278|422
0|ALGERIA|28|0|31825.02|0.0|28|22278|22278|422
22|RUSSIA|16|22|43975.44|0.1|16|22278|22278|422
14|KENYA|6|14|25248.3|0.01|6|36192|36192|862
24|UNITED STATES|55|24|42872.36|0.04|55|36192|36192|862
8|INDIA|61|8|56088.06|0.03|61|36192|36192|862
17|PERU|57|17|56907.06|0.07|57|25280|25280|4
24|UNITED STATES|10|24|38123.25|0.06|10|25280|25280|4
10|IRAN|9|10|17607.7|0.02|9|8928|8928|136
21|VIETNAM|80|21|7297.75|0.02|80|19043|19043|499
8|INDIA|15|8|28305.75|0.0|15|19043|19043|499
21|VIETNAM|26|21|56098.8|0.0|26|4869|4869|455
23|UNITED KINGDOM|32|23|38046.92|0.1|32|4869|4869|455
16|MOZAMBIQUE|73|16|40188.4|0.06|73|26082|26082|631
9|INDONESIA|50|9|22334.61|0.1|50|26082|26082|631
24|UNITED STATES|46|24|75071.12|0.1|46|26082|26082|631
5|ETHIOPIA|63|5|9279.84|0.07|63|26082|26082|631
19|ROMANIA|62|19|53764.62|0.03|62|16160|16160|466
4|EGYPT|22|4|12403.09|0.01|22|8805|8805|697
10|IRAN|9|10|58316.16|0.0|9|8805|8805|697
17|PERU|57|17|74553.12|0.04|57|8805|8805|697
10|IRAN|34|10|59647.08|0.07|34|8805|8805|697
24|UNITED STATES|19|24|62005.74|0.02|19|8805|8805|697
12|JAPAN|43|12|32717.96|0.09|43|8805|8805|697
5|ETHIOPIA|2|5|39042.0|0.01|2|8805|8805|697
22|RUSSIA|40|22|29066.6|0.03|40|19041|19041|796
16|MOZAMBIQUE|73|16|19477.28|0.07|73|19041|19041|796
4|EGYPT|69|4|67202.03|0.0|69|19041|19041|796
4|EGYPT|69|4|37754.34|0.0|69|19041|19041|796
4|EGYPT|67|4|36309.41|0.01|67|19041|19041|796
12|JAPAN|43|12|2634.82|0.01|43|19041|19041|796
18|CHINA|41|18|19407.06|0.06|41|19041|19041|796
15|MOROCCO|14|15|78835.26|0.08|14|29381|29381|565
8|INDIA|12|8|25082.82|0.08|12|29381|29381|565
3|CANADA|20|3|32218.83|0.1|20|29381|29381|565
18|CHINA|41|18|27199.26|0.09|41|29381|29381|565
19|ROMANIA|62|19|32616.0|0.09|62|8706|8706|268
8|INDIA|61|8|63716.16|0.02|61|8706|8706|268
17|PERU|57|17|42066.2|0.1|57|8706|8706|268
7|GERMANY|53|7|35739.1|0.04|53|8706|8706|268
7|GERMANY|53|7|39003.14|0.01|53|8706|8706|268
7|GERMANY|53|7|35626.36|0.04|53|8706|8706|268
1|ARGENTINA|3|1|36822.94|0.1|3|8706|8706|268
24|UNITED STATES|55|24|41975.15|0.09|55|7329|7329|532
8|INDIA|60|8|40003.6|0.01|60|7329|7329|532
10|IRAN|9|10|9193.87|0.04|9|7329|7329|532
1|ARGENTINA|29|1|19377.54|0.08|29|7329|7329|532
23|UNITED KINGDOM|7|23|9610.6|0.09|7|4546|4546|334
22|RUSSIA|25|22|10911.9|0.08|25|4546|4546|334
17|PERU|57|17|6066.44|0.06|57|4546|4546|334
5|ETHIOPIA|78|5|18965.4|0.04|78|4546|4546|334
5|ETHIOPIA|2|5|12246.52|0.1|2|8902|8902|455
19|ROMANIA|62|19|33475.34|0.06|62|11367|11367|334
23|UNITED KINGDOM|7|23|17568.5|0.04|7|40198|40198|367
4|EGYPT|67|4|47729.43|0.04|67|40198|40198|367
4|EGYPT|38|4|35875.1|0.02|38|40198|40198|367
22|RUSSIA|42|22|25898.34|0.05|42|40198|40198|367
19|ROMANIA|52|19|28688.82|0.04|52|40198|40198|367
7|GERMANY|77|7|62717.65|0.04|77|44004|44004|565
0|ALGERIA|37|0|22044.0|0.0|37|44004|44004|565
1|ARGENTINA|3|1|18505.76|0.03|3|44004|44004|565
3|CANADA|20|3|16878.0|0.04|20|18759|18759|862
7|GERMANY|77|7|19445.85|0.03|77|31233|31233|158
23|UNITED KINGDOM|66|23|38741.0|0.03|66|31233|31233|158
8|INDIA|15|8|37363.59|0.01|15|31233|31233|158
16|MOZAMBIQUE|58|16|33531.63|0.07|58|31233|31233|158
22|RUSSIA|25|22|4180.56|0.1|25|31233|31233|158
5|ETHIOPIA|63|5|45023.3|0.01|63|31233|31233|158
14|KENYA|6|14|2144.34|0.01|6|22884|22884|763
14|KENYA|48|14|26110.62|0.0|48|22884|22884|763
9|INDONESIA|51|9|7904.64|0.02|51|25414|25414|884
8|INDIA|15|8|64268.0|0.04|15|25414|25414|884
13|JORDAN|36|13|20302.2|0.1|36|25414|25414|884
10|IRAN|34|10|22433.85|0.09|34|25414|25414|884
24|UNITED STATES|19|24|8409.0|0.06|19|25414|25414|884
7|GERMANY|53|7|75985.37|0.07|53|25414|25414|884
7|GERMANY|33|7|83175.84|0.02|33|46468|46468|499
4|EGYPT|69|4|38237.76|0.09|69|46468|46468|499
17|PERU|57|17|17353.08|0.09|57|46468|46468|499
16|MOZAMBIQUE|18|16|58109.12|0.0|18|46468|46468|499
16|MOZAMBIQUE|18|16|5447.73|0.05|18|46468|46468|499
12|JAPAN|54|12|16177.1|0.03|54|46468|46468|499
22|RUSSIA|65|22|38531.4|0.0|65|6181|6181|400
8|INDIA|39|8|44842.74|0.07|39|33895|33895|862
20|SAUDI ARABIA|74|20|6134.52|0.09|74|33895|33895|862
21|VIETNAM|35|21|81286.0|0.0|35|30595|30595|169
21|VIETNAM|80|21|75938.37|0.1|80|3335|3335|389
23|UNITED KINGDOM|7|23|50434.56|0.07|7|3335|3335|389
23|UNITED KINGDOM|32|23|16305.76|0.01|32|3335|3335|389
19|ROMANIA|17|19|22578.79|0.06|17|3335|3335|389
4|EGYPT|22|4|17665.21|0.03|22|11335|11335|697
6|FRANCE|70|6|50931.2|0.0|70|11335|11335|697
13|JORDAN|36|13|11001.69|0.08|36|11335|11335|697
21|VIETNAM|80|21|23570.16|0.09|80|47459|47459|961
10|IRAN|9|10|42986.08|0.06|9|47459|47459|961
0|ALGERIA|37|0|37930.8|0.05|37|47459|47459|961
9|INDONESIA|51|9|60065.0|0.09|51|38758|38758|268
8|INDIA|15|8|21597.69|0.05|15|38758|38758|268
9|INDONESIA|23|9|42417.72|0.0|23|38758|38758|268
12|JAPAN|43|12|58087.56|0.07|43|38758|38758|268
24|UNITED STATES|49|24|24251.03|0.06|49|38758|38758|268
22|RUSSIA|42|22|60964.4|0.01|42|38758|38758|268
10|IRAN|34|10|44039.58|0.0|34|35458|35458|983
11|IRAQ|5|11|51225.76|0.1|5|33126|33126|268
9|INDONESIA|51|9|33994.29|0.1|51|33126|33126|268
1|ARGENTINA|71|1|13889.26|0.01|71|33126|33126|268
21|VIETNAM|68|21|1449.54|0.08|68|33126|33126|268
10|IRAN|34|10|1976.16|0.04|34|33126|33126|268
18|CHINA|11|18|47174.5|0.1|11|42784|42784|697
16|MOZAMBIQUE|31|16|41084.64|0.1|31|42784|42784|697
23|UNITED KINGDOM|7|23|75544.55|0.04|7|22016|22016|136
9|INDONESIA|51|9|38114.81|0.1|51|22016|22016|136
18|CHINA|72|18|57193.64|0.07|72|22016|22016|136
24|UNITED STATES|46|24|10441.4|0.08|46|22016|22016|136
23|UNITED KINGDOM|32|23|59059.7|0.04|32|22016|22016|136
20|SAUDI ARABIA|74|20|13734.7|0.02|74|22016|22016|136
16|MOZAMBIQUE|30|16|55160.0|0.02|30|22016|22016|136
17|PERU|8|17|8369.12|0.04|8|6469|6469|598
21|VIETNAM|26|21|33075.84|0.04|26|6469|6469|598
16|MOZAMBIQUE|58|16|65398.08|0.09|58|6469|6469|598
4|EGYPT|67|4|17046.24|0.0|67|6469|6469|598
24|UNITED STATES|10|24|75736.36|0.09|10|6469|6469|598
4|EGYPT|38|4|22577.32|0.03|38|6469|6469|598
16|MOZAMBIQUE|30|16|26884.62|0.02|30|6469|6469|598
24|UNITED STATES|55|24|61974.0|0.1|55|1541|1541|752
14|KENYA|47|14|8849.6|0.1|47|1541|1541|752
0|ALGERIA|28|0|21626.37|0.03|28|6755|6755|884
21|VIETNAM|68|21|37740.3|0.0|68|7943|7943|994
17|PERU|8|17|31992.8|0.07|8|6017|6017|389
24|UNITED STATES|55|24|43783.96|0.05|55|6017|6017|389
6|FRANCE|70|6|19377.54|0.1|70|6017|6017|389
16|MOZAMBIQUE|56|16|10406.25|0.02|56|6017|6017|389
16|MOZAMBIQUE|31|16|20713.61|0.06|31|6017|6017|389
23|UNITED KINGDOM|7|23|46977.56|0.07|7|9702|9702|961
17|PERU|1|17|13959.26|0.05|1|9702|9702|961
9|INDONESIA|51|9|8919.81|0.09|51|9702|9702|961
7|GERMANY|77|7|28091.88|0.09|77|9702|9702|961
21|VIETNAM|26|21|5996.45|0.08|26|9702|9702|961
23|UNITED KINGDOM|32|23|42484.88|0.06|32|9702|9702|961
24|UNITED STATES|10|24|19043.57|0.04|10|9702|9702|961
7|GERMANY|77|7|32088.1|0.02|77|41409|41409|103
18|CHINA|11|18|22974.65|0.1|11|41409|41409|103
8|INDIA|61|8|7329.98|0.06|61|41409|41409|103
22|RUSSIA|65|22|4633.0|0.08|65|41409|41409|103
0|ALGERIA|28|0|29024.0|0.0|28|41409|41409|103
16|MOZAMBIQUE|30|16|51530.74|0.0|30|41409|41409|103
18|CHINA|41|18|31709.0|0.07|41|41409|41409|103
4|EGYPT|69|4|44759.04|0.09|69|8448|8448|499
15|MOROCCO|14|15|14133.34|0.04|14|8448|8448|499
18|CHINA|75|18|14169.54|0.06|75|8448|8448|499
17|PERU|8|17|19741.6|0.07|8|6721|6721|796
7|GERMANY|44|7|34442.8|0.02|44|6721|6721|796
7|GERMANY|33|7|31138.24|0.07|33|2882|2882|961
8|INDIA|61|8|41029.47|0.06|61|2882|2882|961
22|RUSSIA|16|22|42849.53|0.1|16|2882|2882|961
7|GERMANY|53|7|74856.43|0.06|53|2882|2882|961
19|ROMANIA|52|19|13034.42|0.09|52|2882|2882|961
5|ETHIOPIA|2|5|36879.6|0.0|2|2882|2882|961
18|CHINA|72|18|3641.84|0.0|72|1188|1188|158
1|ARGENTINA|71|1|54588.63|0.07|71|1188|1188|158
16|MOZAMBIQUE|18|16|16181.01|0.01|18|1188|1188|158
8|INDIA|15|8|1088.18|0.03|15|26848|26848|499
16|MOZAMBIQUE|58|16|61192.44|0.09|58|26848|26848|499
22|RUSSIA|16|22|28891.46|0.03|16|26848|26848|499
5|ETHIOPIA|63|5|23859.5|0.01|63|26848|26848|499
18|CHINA|41|18|27140.19|0.07|41|26848|26848|499
17|PERU|1|17|10211.2|0.07|1|33536|33536|983
1|ARGENTINA|29|1|36519.3|0.1|29|33536|33536|983
0|ALGERIA|28|0|33155.52|0.04|28|33536|33536|983
18|CHINA|27|18|1371.47|0.09|27|33536|33536|983
7|GERMANY|33|7|39596.29|0.07|33|30434|30434|697
0|ALGERIA|28|0|42668.88|0.07|28|30434|30434|697
16|MOZAMBIQUE|18|16|20853.96|0.08|18|2082|2082|389
4|EGYPT|38|4|53877.24|0.0|38|2082|2082|389
17|PERU|8|17|4580.05|0.06|8|20710|20710|400
17|PERU|1|17|13635.0|0.0|1|20710|20710|400
21|VIETNAM|68|21|16332.55|0.05|68|20710|20710|400
14|KENYA|76|14|23370.53|0.06|76|20710|20710|400
24|UNITED STATES|49|24|54818.46|0.05|49|20710|20710|400
7|GERMANY|44|7|1902.1|0.05|44|11107|11107|356
0|ALGERIA|28|0|50137.65|0.01|28|11107|11107|356
1|ARGENTINA|3|1|28297.59|0.05|3|11107|11107|356
15|MOROCCO|4|15|56558.25|0.03|4|20677|20677|323
19|ROMANIA|62|19|48771.62|0.07|62|21029|21029|400
14|KENYA|6|14|5531.0|0.1|6|22756|22756|565
17|PERU|1|17|58274.72|0.0|1|22756|22756|565
5|ETHIOPIA|2|5|75612.04|0.0|2|22756|22756|565
11|IRAQ|5|11|38755.34|0.08|5|10469|10469|499
7|GERMANY|77|7|37448.04|0.01|77|10469|10469|499
19|ROMANIA|52|19|911.01|0.02|52|10469|10469|499
3|CANADA|13|3|77773.25|0.03|13|41511|41511|488
9|INDONESIA|51|9|6771.16|0.04|51|20996|20996|466
24|UNITED STATES|55|24|65904.3|0.08|55|20996|20996|466
18|CHINA|75|18|3402.69|0.03|75|20996|20996|466
17|PERU|8|17|44006.76|0.04|8|44932|44932|950
8|INDIA|61|8|28110.48|0.05|61|44932|44932|950
21|VIETNAM|68|21|46449.6|0.0|68|44932|44932|950
24|UNITED STATES|46|24|8388.03|0.05|46|44932|44932|950
14|KENYA|79|14|70193.97|0.05|79|44932|44932|950
5|ETHIOPIA|78|5|15217.11|0.02|78|44932|44932|950
10|IRAN|34|10|17857.62|0.03|34|44932|44932|950
11|IRAQ|5|11|39277.7|0.06|5|45703|45703|697
1|ARGENTINA|71|1|19228.58|0.02|71|45703|45703|697
3|CANADA|20|3|37223.76|0.02|20|45703|45703|697
8|INDIA|61|8|20680.88|0.03|61|25826|25826|620
24|UNITED STATES|46|24|43649.19|0.03|46|25826|25826|620
19|ROMANIA|17|19|18294.89|0.09|17|25826|25826|620
22|RUSSIA|16|22|20091.78|0.01|16|25826|25826|620
3|CANADA|20|3|2080.26|0.02|20|25826|25826|620
8|INDIA|60|8|40991.79|0.01|60|30853|30853|884
16|MOZAMBIQUE|58|16|39082.8|0.03|58|30853|30853|884
22|RUSSIA|25|22|16082.68|0.1|25|30853|30853|884
15|MOROCCO|4|15|83371.89|0.02|4|30853|30853|884
2|BRAZIL|21|2|42004.2|0.03|21|30853|30853|884
18|CHINA|27|18|43210.8|0.0|27|30853|30853|884
8|INDIA|60|8|19046.7|0.05|60|30820|30820|521
3|CANADA|13|3|32964.16|0.04|13|30820|30820|521
0|ALGERIA|28|0|2604.8|0.1|28|30820|30820|521
17|PERU|8|17|16440.02|0.01|8|21635|21635|565
21|VIETNAM|35|21|26938.62|0.09|35|21635|21635|565
6|FRANCE|70|6|2794.98|0.07|70|7462|7462|103
15|MOROCCO|4|15|38647.0|0.04|4|7462|7462|103
12|JAPAN|54|12|46557.06|0.08|54|7462|7462|103
0|ALGERIA|28|0|81782.02|0.0|28|7462|7462|103
3|CANADA|20|3|6041.5|0.04|20|7462|7462|103
14|KENYA|48|14|54150.72|0.08|48|44449|44449|796
24|UNITED STATES|49|24|64725.12|0.02|49|44449|44449|796
14|KENYA|6|14|8809.6|0.03|6|22306|22306|367
11|IRAQ|5|11|17347.19|0.05|5|22306|22306|367
15|MOROCCO|14|15|63968.4|0.09|14|22306|22306|367
8|INDIA|12|8|18648.89|0.09|12|22306|22306|367
8|INDIA|12|8|23558.92|0.1|12|22306|22306|367
9|INDONESIA|51|9|65160.03|0.1|51|33669|33669|664
4|EGYPT|69|4|44904.74|0.04|69|33669|33669|664
9|INDONESIA|45|9|50862.46|0.07|45|33669|33669|664
17|PERU|59|17|28029.51|0.02|59|20323|20323|268
21|VIETNAM|68|21|6048.6|0.08|68|20323|20323|268
9|INDONESIA|23|9|82334.48|0.05|23|20323|20323|268
21|VIETNAM|35|21|41452.48|0.09|35|31367|31367|994
18|CHINA|27|18|58334.88|0.05|27|31367|31367|994
21|VIETNAM|68|21|65497.52|0.05|68|43621|43621|433
18|CHINA|11|18|45002.64|0.08|11|31873|31873|697
14|KENYA|47|14|45712.64|0.03|47|31873|31873|697
11|IRAQ|5|11|34119.12|0.02|5|42598|42598|158
7|GERMANY|44|7|29645.28|0.07|44|42598|42598|158
8|INDIA|60|8|3117.39|0.07|60|42598|42598|158
21|VIETNAM|68|21|4579.86|0.1|68|42598|42598|158
9|INDONESIA|45|9|85004.1|0.04|45|42598|42598|158
14|KENYA|76|14|48312.06|0.04|76|42598|42598|158
7|GERMANY|33|7|60744.4|0.01|33|10214|10214|730
5|ETHIOPIA|78|5|26274.38|0.02|78|10214|10214|730
16|MOZAMBIQUE|18|16|32754.6|0.04|18|10214|10214|730
19|ROMANIA|17|19|8293.75|0.01|17|10214|10214|730
7|GERMANY|77|7|61118.33|0.06|77|8064|8064|532
17|PERU|59|17|43276.2|0.09|59|8064|8064|532
14|KENYA|79|14|6222.78|0.05|79|8064|8064|532
16|MOZAMBIQUE|56|16|28906.25|0.01|56|8064|8064|532
19|ROMANIA|62|19|32785.25|0.1|62|26307|26307|323
24|UNITED STATES|55|24|43462.8|0.03|55|26307|26307|323
1|ARGENTINA|71|1|13034.42|0.0|71|26307|26307|323
16|MOZAMBIQUE|31|16|34695.18|0.03|31|26307|26307|323
5|ETHIOPIA|2|5|39923.6|0.0|2|26307|26307|323
17|PERU|8|17|41684.4|0.04|8|43137|43137|235
23|UNITED KINGDOM|7|23|62421.62|0.04|7|31620|31620|202
20|SAUDI ARABIA|74|20|12417.09|0.08|74|31620|31620|202
5|ETHIOPIA|2|5|25950.34|0.05|2|31620|31620|202
11|IRAQ|5|11|52809.6|0.02|5|24679|24679|136
9|INDONESIA|50|9|11092.0|0.05|50|24679|24679|136
14|KENYA|47|14|3237.51|0.0|47|24679|24679|136
22|RUSSIA|25|22|54045.09|0.1|25|24679|24679|136
0|ALGERIA|24|0|32314.2|0.09|24|24679|24679|136
5|ETHIOPIA|78|5|40273.2|0.05|78|24679|24679|136
22|RUSSIA|65|22|39745.29|0.1|65|24679|24679|136
19|ROMANIA|62|19|52551.76|0.09|62|11556|11556|565
8|INDIA|61|8|20959.89|0.05|61|11556|11556|565
16|MOZAMBIQUE|58|16|8969.66|0.03|58|11556|11556|565
14|KENYA|79|14|18980.4|0.04|79|11556|11556|565
18|CHINA|27|18|15161.38|0.09|27|11556|11556|565
16|MOZAMBIQUE|30|16|40235.2|0.05|30|11556|11556|565
1|ARGENTINA|3|1|63286.08|0.04|3|11556|11556|565
18|CHINA|72|18|15394.39|0.08|72|14438|14438|895
14|KENYA|48|14|48929.54|0.09|48|14438|14438|895
2|BRAZIL|21|2|40931.22|0.06|21|14438|14438|895
9|INDONESIA|23|9|43754.48|0.06|23|11744|11744|103
24|UNITED STATES|10|24|56010.5|0.07|10|11744|11744|103
19|ROMANIA|17|19|53649.54|0.01|17|11744|11744|103
21|VIETNAM|80|21|37253.33|0.05|80|14725|14725|455
14|KENYA|6|14|17758.7|0.03|6|14725|14725|455
17|PERU|1|17|16007.4|0.07|1|14725|14725|455
23|UNITED KINGDOM|66|23|40610.68|0.09|66|14725|14725|455
7|GERMANY|44|7|43392.0|0.04|44|14725|14725|455
2|BRAZIL|21|2|21470.82|0.04|21|14725|14725|455
24|UNITED STATES|49|24|79434.0|0.05|49|14725|14725|455
17|PERU|59|17|47931.6|0.1|59|1091|1091|664
17|PERU|1|17|25143.09|0.07|1|30466|30466|400
4|EGYPT|22|4|23859.5|0.04|22|30466|30466|400
17|PERU|57|17|7007.5|0.09|57|30466|30466|400
8|INDIA|12|8|35567.43|0.06|12|30466|30466|400
15|MOROCCO|4|15|7339.92|0.1|4|30466|30466|400
22|RUSSIA|16|22|12928.77|0.0|16|30466|30466|400
9|INDONESIA|50|9|39370.24|0.1|50|30246|30246|983
16|MOZAMBIQUE|73|16|45232.32|0.1|73|7141|7141|4
14|KENYA|48|14|35485.38|0.08|48|7141|7141|4
24|UNITED STATES|19|24|37416.32|0.03|19|7141|7141|4
19|ROMANIA|17|19|56220.3|0.08|17|7141|7141|4
20|SAUDI ARABIA|74|20|46332.29|0.06|74|7141|7141|4
1|ARGENTINA|3|1|8905.68|0.04|3|7141|7141|4
17|PERU|1|17|16027.92|0.05|1|6690|6690|136
6|FRANCE|70|6|51973.08|0.0|70|6690|6690|136
6|FRANCE|70|6|23163.3|0.01|70|6690|6690|136
3|CANADA|13|3|30002.7|0.06|13|6690|6690|136
24|UNITED STATES|64|24|4567.86|0.08|64|6690|6690|136
20|SAUDI ARABIA|74|20|56907.06|0.03|74|6690|6690|136
11|IRAQ|5|11|28770.6|0.09|5|47714|47714|631
19|ROMANIA|62|19|59778.9|0.07|62|47714|47714|631
9|INDONESIA|51|9|49187.08|0.04|51|47714|47714|631
1|ARGENTINA|71|1|53677.55|0.03|71|47714|47714|631
8|INDIA|60|8|84472.8|0.01|60|47714|47714|631
6|FRANCE|70|6|18268.36|0.05|70|47714|47714|631
14|KENYA|47|14|34121.91|0.01|47|47714|47714|631
18|CHINA|72|18|35461.68|0.05|72|46658|46658|587
24|UNITED STATES|64|24|61766.5|0.01|64|46658|46658|587
18|CHINA|41|18|85540.5|0.01|41|46658|46658|587
17|PERU|1|17|73754.49|0.02|1|6596|6596|895
7|GERMANY|33|7|3036.33|0.06|33|6596|6596|895
6|FRANCE|70|6|2958.24|0.05|70|6596|6596|895
10|IRAN|9|10|11740.48|0.05|9|6596|6596|895
0|ALGERIA|37|0|8604.45|0.07|37|6596|6596|895
19|ROMANIA|52|19|57421.92|0.02|52|6596|6596|895
19|ROMANIA|52|19|15776.34|0.0|52|6596|6596|895
14|KENYA|76|14|36699.6|0.06|76|12706|12706|367
12|JAPAN|43|12|45648.64|0.02|43|12706|12706|367
24|UNITED STATES|49|24|38048.82|0.09|49|12706|12706|367
3|CANADA|20|3|17378.88|0.02|20|12706|12706|367
18|CHINA|72|18|23692.99|0.06|72|9831|9831|631
0|ALGERIA|24|0|53929.35|0.02|24|9831|9831|631
10|IRAN|9|10|17088.0|0.07|9|3044|3044|422
15|MOROCCO|14|15|3714.99|0.06|14|3044|3044|422
24|UNITED STATES|10|24|49262.58|0.09|10|3044|3044|422
14|KENYA|6|14|1865.96|0.05|6|7554|7554|653
17|PERU|1|17|3597.78|0.08|1|7554|7554|653
16|MOZAMBIQUE|73|16|7616.4|0.01|73|7554|7554|653
8|INDIA|39|8|13768.95|0.08|39|7554|7554|653
19|ROMANIA|62|19|24867.54|0.09|62|7521|7521|697
3|CANADA|13|3|49113.48|0.04|13|7521|7521|697
8|INDIA|12|8|36898.73|0.03|12|7521|7521|697
21|VIETNAM|35|21|56927.68|0.0|35|4672|4672|631
8|INDIA|12|8|30062.12|0.01|12|4672|4672|631
15|MOROCCO|4|15|60004.35|0.08|4|4672|4672|631
2|BRAZIL|21|2|17555.85|0.1|21|4672|4672|631
12|JAPAN|43|12|20582.4|0.02|43|4672|4672|631
24|UNITED STATES|10|24|28758.96|0.04|10|4672|4672|631
19|ROMANIA|17|19|56071.66|0.01|17|4672|4672|631
17|PERU|8|17|27809.6|0.07|8|47808|47808|466
16|MOZAMBIQUE|58|16|39453.05|0.0|58|47808|47808|466
24|UNITED STATES|64|24|32924.98|0.09|64|47808|47808|466
1|ARGENTINA|71|1|1530.63|0.06|71|11109|11109|532
14|KENYA|47|14|2961.24|0.09|47|11109|11109|532
9|INDONESIA|51|9|55533.8|0.03|51|47618|47618|961
4|EGYPT|22|4|47170.92|0.08|22|47618|47618|961
24|UNITED STATES|19|24|30958.25|0.05|19|47618|47618|961
24|UNITED STATES|19|24|34705.26|0.06|19|47618|47618|961
1|ARGENTINA|29|1|50479.96|0.04|29|47618|47618|961
8|INDIA|61|8|3639.93|0.04|61|31558|31558|752
17|PERU|57|17|91846.5|0.02|57|31558|31558|752
1|ARGENTINA|29|1|3792.16|0.0|29|31558|31558|752
2|BRAZIL|21|2|18969.9|0.03|21|31558|31558|752
20|SAUDI ARABIA|74|20|34977.86|0.05|74|31558|31558|752
9|INDONESIA|45|9|62659.2|0.04|45|6055|6055|763
5|ETHIOPIA|78|5|12684.0|0.05|78|6055|6055|763
14|KENYA|76|14|51815.6|0.07|76|6055|6055|763
4|EGYPT|22|4|48003.43|0.04|22|37927|37927|686
21|VIETNAM|35|21|23686.26|0.07|35|37927|37927|686
5|ETHIOPIA|78|5|48723.22|0.03|78|37927|37927|686
18|CHINA|75|18|80199.77|0.0|75|37927|37927|686
5|ETHIOPIA|2|5|39818.86|0.06|2|37927|37927|686
17|PERU|8|17|6636.28|0.02|8|44516|44516|697
7|GERMANY|33|7|43975.26|0.07|33|44516|44516|697
18|CHINA|72|18|17868.11|0.05|72|44516|44516|697
8|INDIA|60|8|28130.83|0.06|60|44516|44516|697
15|MOROCCO|14|15|73628.5|0.04|14|44516|44516|697
21|VIETNAM|68|21|52114.5|0.09|68|44516|44516|697
17|PERU|1|17|4725.12|0.04|1|16609|16609|598
9|INDONESIA|45|9|52628.16|0.03|45|9344|9344|532
10|IRAN|34|10|34056.72|0.09|34|9344|9344|532
14|KENYA|76|14|74878.8|0.04|76|9344|9344|532
12|JAPAN|43|12|74130.32|0.04|43|9344|9344|532
0|ALGERIA|28|0|2520.7|0.1|28|9344|9344|532
20|SAUDI ARABIA|74|20|43401.11|0.0|74|9344|9344|532
16|MOZAMBIQUE|30|16|53447.94|0.06|30|9344|9344|532
22|RUSSIA|40|22|11303.88|0.02|40|36608|36608|202
23|UNITED KINGDOM|66|23|1814.91|0.03|66|36608|36608|202
23|UNITED KINGDOM|66|23|22343.52|0.1|66|36608|36608|202
6|FRANCE|70|6|47957.0|0.09|70|36608|36608|202
4|EGYPT|69|4|36718.6|0.03|69|36608|36608|202
13|JORDAN|36|13|89470.08|0.03|36|36608|36608|202
24|UNITED STATES|10|24|10084.68|0.09|10|36608|36608|202
24|UNITED STATES|55|24|57264.84|0.04|55|13728|13728|4
14|KENYA|48|14|21703.6|0.09|48|13728|13728|4
2|BRAZIL|21|2|40004.0|0.03|21|13728|13728|4
10|IRAN|34|10|21074.8|0.07|34|33858|33858|433
5|ETHIOPIA|78|5|23972.52|0.02|78|10912|10912|235
6|FRANCE|70|6|10281.2|0.09|70|40612|40612|499
17|PERU|57|17|44785.44|0.01|57|40612|40612|499
12|JAPAN|43|12|36434.88|0.07|43|40612|40612|499
22|RUSSIA|42|22|32236.02|0.05|42|40612|40612|499
20|SAUDI ARABIA|74|20|60264.5|0.01|74|40612|40612|499
18|CHINA|41|18|28410.4|0.06|41|40612|40612|499
1|ARGENTINA|3|1|17574.72|0.04|3|40612|40612|499
17|PERU|1|17|22560.96|0.05|1|12419|12419|785
16|MOZAMBIQUE|73|16|65379.3|0.04|73|12419|12419|785
24|UNITED STATES|55|24|20009.85|0.09|55|12419|12419|785
21|VIETNAM|35|21|56997.16|0.08|35|12419|12419|785
21|VIETNAM|35|21|42268.72|0.09|35|12419|12419|785
19|ROMANIA|17|19|16457.64|0.0|17|12419|12419|785
22|RUSSIA|42|22|32794.56|0.02|42|12419|12419|785
14|KENYA|47|14|42029.12|0.06|47|3141|3141|202
21|VIETNAM|68|21|13739.58|0.09|68|3141|3141|202
16|MOZAMBIQUE|56|16|36077.59|0.1|56|3141|3141|202
19|ROMANIA|17|19|59612.92|0.03|17|3141|3141|202
14|KENYA|47|14|34148.66|0.03|47|7266|7266|422
0|ALGERIA|28|0|9153.92|0.0|28|7266|7266|422
0|ALGERIA|28|0|5473.84|0.03|28|7266|7266|422
7|GERMANY|53|7|31137.75|0.06|53|7266|7266|422
24|UNITED STATES|55|24|52557.5|0.0|55|7585|7585|268
15|MOROCCO|14|15|26004.93|0.06|14|7585|7585|268
0|ALGERIA|24|0|13287.56|0.09|24|7585|7585|268
24|UNITED STATES|64|24|87019.68|0.04|64|7585|7585|268
24|UNITED STATES|19|24|9394.16|0.03|19|25729|25729|631
10|IRAN|9|10|4090.38|0.09|9|17570|17570|499
14|KENYA|48|14|27118.8|0.08|48|17570|17570|499
4|EGYPT|69|4|20884.0|0.05|69|17570|17570|499
24|UNITED STATES|46|24|39163.05|0.08|46|17570|17570|499
24|UNITED STATES|49|24|34540.51|0.03|49|17570|17570|499
24|UNITED STATES|49|24|58372.38|0.05|49|17570|17570|499
14|KENYA|6|14|32182.03|0.01|6|29153|29153|961
4|EGYPT|67|4|55289.22|0.0|67|29153|29153|961
5|ETHIOPIA|63|5|14430.9|0.09|63|29153|29153|961
21|VIETNAM|26|21|46085.4|0.1|26|39361|39361|103
12|JAPAN|54|12|41852.16|0.01|54|39361|39361|103
4|EGYPT|22|4|52752.15|0.05|22|19111|19111|532
5|ETHIOPIA|78|5|41516.01|0.02|78|19111|19111|532
7|GERMANY|53|7|68857.44|0.08|53|19111|19111|532
18|CHINA|75|18|26861.38|0.02|75|19111|19111|532
16|MOZAMBIQUE|73|16|31106.24|0.08|73|6818|6818|763
22|RUSSIA|25|22|6042.44|0.0|25|6818|6818|763
12|JAPAN|54|12|41033.85|0.06|54|6818|6818|763
24|UNITED STATES|49|24|39378.57|0.07|49|6818|6818|763
24|UNITED STATES|64|24|14085.0|0.05|64|6818|6818|763
18|CHINA|41|18|8654.31|0.0|41|6818|6818|763
19|ROMANIA|17|19|54626.14|0.06|17|7808|7808|994
19|ROMANIA|62|19|14139.18|0.07|62|3749|3749|301
9|INDONESIA|50|9|8334.18|0.08|50|3749|3749|301
6|FRANCE|70|6|6608.28|0.07|70|3749|3749|301
6|FRANCE|70|6|46270.29|0.0|70|3749|3749|301
21|VIETNAM|26|21|13304.3|0.1|26|3749|3749|301
16|MOZAMBIQUE|58|16|19046.3|0.02|58|3749|3749|301
21|VIETNAM|35|21|24351.75|0.05|35|2946|2946|994
9|INDONESIA|45|9|32340.7|0.03|45|2946|2946|994
18|CHINA|27|18|79043.52|0.03|27|2946|2946|994
9|INDONESIA|50|9|43441.53|0.0|50|35072|35072|763
10|IRAN|9|10|55322.24|0.03|9|35072|35072|763
17|PERU|57|17|14795.7|0.04|57|35072|35072|763
3|CANADA|13|3|14716.1|0.06|13|35072|35072|763
9|INDONESIA|23|9|19758.42|0.03|23|35072|35072|763
13|JORDAN|36|13|35438.4|0.05|36|33828|33828|653
4|EGYPT|38|4|69385.92|0.02|38|3045|3045|400
5|ETHIOPIA|63|5|65710.7|0.05|63|3045|3045|400
21|VIETNAM|68|21|66199.5|0.08|68|839|839|224
1|ARGENTINA|3|1|26639.75|0.07|3|839|839|224
9|INDONESIA|50|9|36147.6|0.04|50|41539|41539|598
21|VIETNAM|26|21|18755.1|0.1|26|41539|41539|598
21|VIETNAM|26|21|66161.09|0.09|26|41539|41539|598
10|IRAN|34|10|41611.92|0.1|34|41539|41539|598
20|SAUDI ARABIA|74|20|39171.6|0.01|74|41539|41539|598
5|ETHIOPIA|63|5|54778.32|0.1|63|41539|41539|598
16|MOZAMBIQUE|73|16|1143.24|0.03|73|42727|42727|224
22|RUSSIA|25|22|62867.5|0.08|25|42727|42727|224
17|PERU|57|17|41445.2|0.05|57|42727|42727|224
21|VIETNAM|26|21|39605.58|0.05|26|7137|7137|851
14|KENYA|76|14|21243.2|0.0|76|7137|7137|851
20|SAUDI ARABIA|74|20|37624.31|0.08|74|32739|32739|235
7|GERMANY|33|7|24714.24|0.07|33|43618|43618|862
8|INDIA|39|8|65770.2|0.02|39|43618|43618|862
18|CHINA|27|18|30560.22|0.03|27|43618|43618|862
22|RUSSIA|42|22|72928.44|0.05|42|43618|43618|862
18|CHINA|75|18|53782.08|0.1|75|43618|43618|862
16|MOZAMBIQUE|31|16|59583.2|0.08|31|43618|43618|862
14|KENYA|47|14|24954.79|0.03|47|6532|6532|4
21|VIETNAM|68|21|36216.06|0.07|68|6532|6532|4
2|BRAZIL|21|2|36465.0|0.06|21|6532|6532|4
4|EGYPT|38|4|13946.76|0.01|38|6532|6532|4
19|ROMANIA|62|19|49102.9|0.1|62|6148|6148|356
18|CHINA|72|18|34837.2|0.1|72|6148|6148|356
9|INDONESIA|51|9|73795.49|0.02|51|41639|41639|664
22|RUSSIA|25|22|27190.98|0.09|25|41639|41639|664
8|INDIA|12|8|36230.74|0.0|12|41639|41639|664
24|UNITED STATES|19|24|38053.14|0.02|19|41639|41639|664
23|UNITED KINGDOM|66|23|46595.98|0.08|66|7204|7204|862
4|EGYPT|67|4|11772.7|0.09|67|7204|7204|862
24|UNITED STATES|64|24|55625.64|0.0|64|7204|7204|862
17|PERU|59|17|22193.55|0.03|59|1891|1891|488
24|UNITED STATES|64|24|24596.28|0.06|64|1891|1891|488
8|INDIA|60|8|1958.14|0.08|60|39781|39781|103
14|KENYA|47|14|48856.92|0.01|47|39781|39781|103
14|KENYA|47|14|18754.52|0.09|47|39781|39781|103
16|MOZAMBIQUE|56|16|12363.3|0.04|56|39781|39781|103
24|UNITED STATES|19|24|24554.46|0.05|19|39781|39781|103
16|MOZAMBIQUE|18|16|39198.9|0.08|18|39781|39781|103
12|JAPAN|54|12|11051.84|0.09|54|39781|39781|103
23|UNITED KINGDOM|7|23|6967.45|0.08|7|16450|16450|367
8|INDIA|61|8|74679.5|0.02|61|16450|16450|367
17|PERU|59|17|45549.43|0.07|59|16450|16450|367
10|IRAN|34|10|9069.55|0.04|34|16450|16450|367
23|UNITED KINGDOM|32|23|49352.2|0.04|32|16450|16450|367
4|EGYPT|38|4|29855.36|0.07|38|16450|16450|367
24|UNITED STATES|46|24|19749.28|0.04|46|38241|38241|851
14|KENYA|6|14|1647.74|0.0|6|18562|18562|334
7|GERMANY|33|7|23567.83|0.01|33|18562|18562|334
13|JORDAN|36|13|25245.81|0.03|36|18562|18562|334
3|CANADA|13|3|19572.47|0.06|13|18562|18562|334
9|INDONESIA|23|9|4785.16|0.02|23|18562|18562|334
8|INDIA|12|8|2170.36|0.05|12|18562|18562|334
4|EGYPT|67|4|8836.52|0.0|67|18562|18562|334
16|MOZAMBIQUE|73|16|36154.06|0.03|73|1924|1924|598
18|CHINA|11|18|20132.76|0.04|11|1924|1924|598
5|ETHIOPIA|78|5|25563.51|0.09|78|1924|1924|598
16|MOZAMBIQUE|56|16|54218.0|0.04|56|1924|1924|598
12|JAPAN|43|12|48839.11|0.02|43|1924|1924|598
8|INDIA|60|8|70024.5|0.0|60|23072|23072|323
7|GERMANY|33|7|10083.78|0.09|33|1539|1539|895
22|RUSSIA|25|22|17475.48|0.01|25|1539|1539|895
9|INDONESIA|45|9|30818.76|0.08|45|1539|1539|895
13|JORDAN|36|13|36543.96|0.08|36|15395|15395|4
7|GERMANY|44|7|12361.23|0.05|44|15780|15780|895
7|GERMANY|33|7|22266.42|0.0|33|15780|15780|895
8|INDIA|15|8|8524.0|0.0|15|15780|15780|895
9|INDONESIA|45|9|18729.7|0.1|45|15780|15780|895
12|JAPAN|54|12|44424.59|0.02|54|15780|15780|895
22|RUSSIA|42|22|37070.25|0.1|42|15780|15780|895
22|RUSSIA|40|22|15604.68|0.08|40|39683|39683|136
7|GERMANY|77|7|39923.6|0.09|77|39683|39683|136
7|GERMANY|44|7|13510.84|0.03|44|39683|39683|136
4|EGYPT|22|4|51855.3|0.0|22|39683|39683|136
0|ALGERIA|37|0|31955.35|0.1|37|39683|39683|136
21|VIETNAM|68|21|26404.56|0.09|68|39683|39683|136
16|MOZAMBIQUE|31|16|34624.26|0.06|31|39683|39683|136
24|UNITED STATES|49|24|46282.5|0.1|49|17254|17254|763
9|INDONESIA|23|9|16254.55|0.08|23|17892|17892|895
8|INDIA|12|8|29841.9|0.01|12|17892|17892|895
2|BRAZIL|21|2|13394.52|0.07|21|17892|17892|895
8|INDIA|39|8|41580.48|0.05|39|17892|17892|895
5|ETHIOPIA|63|5|46576.74|0.06|63|17892|17892|895
21|VIETNAM|68|21|52321.18|0.09|68|16550|16550|103
9|INDONESIA|45|9|38562.4|0.08|45|16550|16550|103
1|ARGENTINA|29|1|43527.2|0.09|29|16550|16550|103
16|MOZAMBIQUE|18|16|8084.64|0.09|18|16550|16550|103
22|RUSSIA|16|22|5387.67|0.05|16|16550|16550|103
18|CHINA|75|18|81349.92|0.05|75|16550|16550|103
7|GERMANY|44|7|17574.72|0.04|44|16320|16320|785
8|INDIA|61|8|7435.8|0.08|61|16320|16320|785
4|EGYPT|67|4|44966.74|0.0|67|16320|16320|785
3|CANADA|20|3|22330.13|0.07|20|16320|16320|785
5|ETHIOPIA|2|5|12975.17|0.08|2|16320|16320|785
7|GERMANY|44|7|60454.8|0.09|44|19554|19554|686
19|ROMANIA|17|19|54743.29|0.05|17|19554|19554|686
24|UNITED STATES|49|24|37952.6|0.09|49|19554|19554|686
18|CHINA|41|18|28761.2|0.02|41|19554|19554|686
5|ETHIOPIA|63|5|46208.4|0.07|63|19554|19554|686
8|INDIA|15|8|11613.51|0.05|15|16485|16485|895
24|UNITED STATES|49|24|46038.9|0.04|49|16485|16485|895
16|MOZAMBIQUE|30|16|46595.64|0.03|30|16485|16485|895
6|FRANCE|70|6|84030.36|0.1|70|39079|39079|532
21|VIETNAM|35|21|30806.89|0.03|35|39079|39079|532
16|MOZAMBIQUE|56|16|54983.34|0.04|56|39079|39079|532
23|UNITED KINGDOM|32|23|44063.88|0.01|32|39079|39079|532
9|INDONESIA|45|9|33321.75|0.1|45|29444|29444|103
23|UNITED KINGDOM|32|23|31074.24|0.05|32|29444|29444|103
12|JAPAN|43|12|26908.8|0.04|43|29444|29444|103
22|RUSSIA|16|22|11163.92|0.05|16|29444|29444|103
24|UNITED STATES|49|24|61361.76|0.07|49|29444|29444|103
14|KENYA|6|14|23587.16|0.0|6|43392|43392|521
1|ARGENTINA|71|1|34580.38|0.04|71|43392|43392|521
3|CANADA|13|3|4961.36|0.06|13|43392|43392|521
17|PERU|57|17|50348.55|0.08|57|43392|43392|521
21|VIETNAM|68|21|1950.14|0.09|68|43392|43392|521
3|CANADA|13|3|10125.78|0.02|13|43392|43392|521
24|UNITED STATES|19|24|49928.2|0.09|19|43392|43392|521
16|MOZAMBIQUE|30|16|21659.4|0.07|30|36385|36385|334
24|UNITED STATES|55|24|6523.08|0.06|55|19456|19456|961
1|ARGENTINA|71|1|38951.7|0.02|71|19456|19456|961
24|UNITED STATES|46|24|68773.5|0.02|46|19456|19456|961
9|INDONESIA|45|9|75560.54|0.08|45|19456|19456|961
14|KENYA|76|14|24127.35|0.03|76|19456|19456|961
18|CHINA|41|18|40780.46|0.05|41|19456|19456|961
17|PERU|1|17|34035.12|0.04|1|32293|32293|499
16|MOZAMBIQUE|73|16|62370.44|0.02|73|32293|32293|499
16|MOZAMBIQUE|58|16|49219.8|0.03|58|32293|32293|499
0|ALGERIA|24|0|15484.56|0.02|24|32293|32293|499
10|IRAN|34|10|21317.04|0.08|34|32293|32293|499
2|BRAZIL|21|2|46004.6|0.01|21|32293|32293|499
19|ROMANIA|52|19|39412.47|0.03|52|32293|32293|499
23|UNITED KINGDOM|66|23|44429.97|0.06|66|29378|29378|532
17|PERU|57|17|42341.56|0.01|57|29378|29378|532
16|MOZAMBIQUE|56|16|47812.32|0.09|56|29378|29378|532
23|UNITED KINGDOM|32|23|73577.7|0.01|32|29378|29378|532
22|RUSSIA|65|22|37360.2|0.01|65|29378|29378|532
2|BRAZIL|21|2|45083.68|0.04|21|29378|29378|532
19|ROMANIA|52|19|19712.88|0.06|52|29378|29378|532
23|UNITED KINGDOM|7|23|39658.56|0.06|7|47495|47495|389
14|KENYA|79|14|36038.4|0.08|79|47495|47495|389
1|ARGENTINA|29|1|43486.2|0.1|29|47495|47495|389
19|ROMANIA|17|19|37352.32|0.08|17|47495|47495|389
18|CHINA|41|18|15586.95|0.08|41|47495|47495|389
16|MOZAMBIQUE|30|16|9449.9|0.08|30|47495|47495|389
2|BRAZIL|21|2|39642.9|0.04|21|34592|34592|202
21|VIETNAM|26|21|8433.0|0.07|26|24582|24582|730
13|JORDAN|36|13|17502.6|0.06|36|24582|24582|730
14|KENYA|47|14|34417.2|0.06|47|24582|24582|730
21|VIETNAM|35|21|19208.88|0.01|35|24582|24582|730
8|INDIA|12|8|33412.48|0.05|12|24582|24582|730
24|UNITED STATES|64|24|66548.52|0.04|64|24582|24582|730
8|INDIA|12|8|69855.26|0.09|12|21063|21063|356
5|ETHIOPIA|78|5|54398.14|0.0|78|21063|21063|356
18|CHINA|11|18|52904.16|0.05|11|37475|37475|895
8|INDIA|12|8|33366.3|0.1|12|29830|29830|620
15|MOROCCO|14|15|24201.5|0.03|14|45285|45285|136
24|UNITED STATES|46|24|5249.64|0.06|46|45285|45285|136
7|GERMANY|44|7|52796.16|0.08|44|38883|38883|763
14|KENYA|47|14|6757.25|0.09|47|38883|38883|763
24|UNITED STATES|46|24|32308.02|0.03|46|38883|38883|763
19|ROMANIA|62|19|5930.32|0.07|62|25760|25760|862
19|ROMANIA|62|19|60479.36|0.0|62|25760|25760|862
18|CHINA|72|18|81475.24|0.07|72|25760|25760|862
12|JAPAN|43|12|9730.48|0.08|43|25760|25760|862
16|MOZAMBIQUE|31|16|36260.15|0.01|31|25760|25760|862
14|KENYA|79|14|5525.92|0.07|79|44097|44097|235
4|EGYPT|38|4|14605.5|0.06|38|44097|44097|235
8|INDIA|61|8|18219.5|0.09|61|15970|15970|697
12|JAPAN|54|12|49693.6|0.01|54|15970|15970|697
19|ROMANIA|52|19|15827.51|0.07|52|15970|15970|697
16|MOZAMBIQUE|30|16|78314.28|0.03|30|15970|15970|697
9|INDONESIA|51|9|21655.2|0.06|51|13253|13253|631
16|MOZAMBIQUE|73|16|21118.86|0.1|73|13253|13253|631
21|VIETNAM|35|21|93148.0|0.03|35|13253|13253|631
3|CANADA|13|3|4180.56|0.01|13|13253|13253|631
16|MOZAMBIQUE|73|16|8463.95|0.0|73|35396|35396|455
8|INDIA|15|8|4781.16|0.06|15|35396|35396|455
4|EGYPT|69|4|13274.4|0.01|69|35396|35396|455
24|UNITED STATES|10|24|72645.08|0.01|10|35396|35396|455
7|GERMANY|53|7|54926.96|0.01|53|35396|35396|455
1|ARGENTINA|71|1|9498.24|0.07|71|19424|19424|521
17|PERU|59|17|15905.04|0.09|59|19424|19424|521
14|KENYA|47|14|46759.5|0.08|47|19424|19424|521
12|JAPAN|43|12|36892.33|0.03|43|19424|19424|521
14|KENYA|76|14|2368.56|0.02|76|19424|19424|521
12|JAPAN|54|12|6398.07|0.07|54|19424|19424|521
16|MOZAMBIQUE|31|16|32441.73|0.03|31|19424|19424|521
18|CHINA|72|18|38024.96|0.07|72|17026|17026|323
15|MOROCCO|14|15|43840.3|0.07|14|17026|17026|323
3|CANADA|13|3|65309.2|0.04|13|17026|17026|323
4|EGYPT|67|4|10901.79|0.02|67|17026|17026|323
4|EGYPT|67|4|2738.92|0.04|67|17026|17026|323
4|EGYPT|67|4|42172.2|0.03|67|17026|17026|323
2|BRAZIL|21|2|54069.96|0.0|21|17026|17026|323
17|PERU|8|17|18830.52|0.05|8|18951|18951|961
8|INDIA|61|8|27309.48|0.0|61|18951|18951|961
21|VIETNAM|35|21|63066.5|0.03|35|18951|18951|961
16|MOZAMBIQUE|56|16|18974.7|0.09|56|18951|18951|961
3|CANADA|20|3|43193.47|0.05|20|18951|18951|961
13|JORDAN|36|13|34957.2|0.08|36|26311|26311|356
10|IRAN|34|10|23353.68|0.07|34|26311|26311|356
24|UNITED STATES|10|24|51631.44|0.06|10|26311|26311|356
19|ROMANIA|52|19|42057.36|0.07|52|26311|26311|356
6|FRANCE|70|6|2326.52|0.1|70|35232|35232|499
24|UNITED STATES|46|24|40918.25|0.07|46|35232|35232|499
4|EGYPT|67|4|56300.0|0.1|67|35232|35232|499
9|INDONESIA|45|9|14018.07|0.09|45|35232|35232|499
12|JAPAN|54|12|18660.6|0.04|54|35232|35232|499
4|EGYPT|38|4|4709.08|0.04|38|35232|35232|499
1|ARGENTINA|3|1|57593.18|0.04|3|35232|35232|499
8|INDIA|61|8|7363.76|0.02|61|36486|36486|235
7|GERMANY|77|7|22680.16|0.04|77|45792|45792|367
0|ALGERIA|24|0|67791.6|0.04|24|45792|45792|367
0|ALGERIA|28|0|49827.05|0.06|28|45792|45792|367
3|CANADA|20|3|22498.14|0.07|20|45792|45792|367
8|INDIA|60|8|44116.3|0.03|60|46210|46210|367
7|GERMANY|33|7|30113.28|0.08|33|45572|45572|884
7|GERMANY|44|7|10421.4|0.04|44|45572|45572|884
8|INDIA|60|8|35130.13|0.03|60|45572|45572|884
13|JORDAN|36|13|48652.4|0.08|36|45572|45572|884
15|MOROCCO|14|15|34180.3|0.08|14|45572|45572|884
12|JAPAN|43|12|48083.03|0.07|43|45572|45572|884
18|CHINA|72|18|48892.54|0.06|72|25156|25156|158
21|VIETNAM|35|21|22418.85|0.05|35|25156|25156|158
3|CANADA|13|3|58198.35|0.02|13|25156|25156|158
9|INDONESIA|45|9|17410.04|0.0|45|25156|25156|158
15|MOROCCO|4|15|3832.2|0.05|4|25156|25156|158
22|RUSSIA|16|22|64515.0|0.1|16|25156|25156|158
17|PERU|8|17|85327.7|0.08|8|16389|16389|895
21|VIETNAM|26|21|33168.3|0.02|26|16389|16389|895
4|EGYPT|38|4|25046.82|0.04|38|16389|16389|895
1|ARGENTINA|71|1|19641.42|0.05|71|10691|10691|532
1|ARGENTINA|29|1|11392.3|0.04|29|10691|10691|532
12|JAPAN|54|12|49331.32|0.1|54|10691|10691|532
21|VIETNAM|26|21|20784.12|0.03|26|36453|36453|235
14|KENYA|47|14|30036.62|0.1|47|36453|36453|235
24|UNITED STATES|10|24|77315.88|0.01|10|36453|36453|235
8|INDIA|15|8|68473.0|0.03|15|10372|10372|994
16|MOZAMBIQUE|18|16|51234.0|0.03|18|10372|10372|994
9|INDONESIA|45|9|44284.12|0.04|45|17346|17346|466
21|VIETNAM|80|21|71915.6|0.03|80|36321|36321|862
15|MOROCCO|14|15|21371.04|0.0|14|36321|36321|862
11|IRAQ|5|11|32026.32|0.03|5|34341|34341|631
24|UNITED STATES|46|24|72016.12|0.1|46|34341|34341|631
24|UNITED STATES|19|24|7400.05|0.02|19|34341|34341|631
23|UNITED KINGDOM|32|23|47343.24|0.05|32|34341|34341|631
8|INDIA|61|8|14015.0|0.04|61|14563|14563|455
10|IRAN|9|10|41997.12|0.02|9|14563|14563|455
14|KENYA|47|14|68580.6|0.07|47|14563|14563|455
18|CHINA|27|18|39912.6|0.01|27|14563|14563|455
19|ROMANIA|52|19|32554.34|0.08|52|14563|14563|455
24|UNITED STATES|46|24|54169.76|0.06|46|36454|36454|466
5|ETHIOPIA|78|5|24446.4|0.1|78|36454|36454|466
12|JAPAN|54|12|28190.36|0.09|54|36454|36454|466
8|INDIA|39|8|37545.48|0.0|39|36454|36454|466
19|ROMANIA|17|19|11396.16|0.03|17|36454|36454|466
5|ETHIOPIA|2|5|19124.28|0.09|2|36454|36454|466
7|GERMANY|77|7|1460.55|0.0|77|23078|23078|136
6|FRANCE|70|6|15286.2|0.1|70|23078|23078|136
24|UNITED STATES|46|24|20838.0|0.07|46|23078|23078|136
12|JAPAN|54|12|3131.32|0.0|54|23078|23078|136
24|UNITED STATES|10|24|16514.68|0.01|10|23078|23078|136
18|CHINA|75|18|59102.21|0.01|75|23078|23078|136
24|UNITED STATES|64|24|15178.52|0.1|64|23078|23078|136
22|RUSSIA|40|22|5751.2|0.1|40|21890|21890|752
18|CHINA|72|18|38320.48|0.04|72|21890|21890|752
6|FRANCE|70|6|50477.46|0.0|70|21890|21890|752
4|EGYPT|67|4|22493.8|0.07|67|21890|21890|752
8|INDIA|39|8|5073.44|0.1|39|21890|21890|752
21|VIETNAM|26|21|39141.5|0.06|26|46277|46277|367
14|KENYA|6|14|3972.36|0.1|6|24387|24387|796
9|INDONESIA|51|9|6222.78|0.0|51|24387|24387|796
14|KENYA|48|14|9568.44|0.01|48|24387|24387|796
16|MOZAMBIQUE|58|16|13703.95|0.08|58|24387|24387|796
0|ALGERIA|24|0|30663.6|0.08|24|24387|24387|796
10|IRAN|34|10|35588.4|0.04|34|24387|24387|796
19|ROMANIA|52|19|49192.5|0.08|52|24387|24387|796
16|MOZAMBIQUE|18|16|29494.5|0.05|18|32065|32065|400
23|UNITED KINGDOM|32|23|13072.95|0.04|32|32065|32065|400
19|ROMANIA|17|19|55233.78|0.07|17|32065|32065|400
18|CHINA|27|18|60208.8|0.01|27|32065|32065|400
3|CANADA|20|3|60307.5|0.07|20|32065|32065|400
19|ROMANIA|52|19|74068.89|0.03|52|32065|32065|400
18|CHINA|11|18|42329.26|0.02|11|10054|10054|532
23|UNITED KINGDOM|32|23|56908.18|0.0|32|10054|10054|532
21|VIETNAM|80|21|83697.75|0.0|80|42240|42240|862
23|UNITED KINGDOM|7|23|49052.8|0.04|7|42240|42240|862
14|KENYA|6|14|14315.6|0.06|6|42240|42240|862
4|EGYPT|67|4|22101.38|0.08|67|42240|42240|862
22|RUSSIA|42|22|39485.46|0.07|42|42240|42240|862
7|GERMANY|53|7|56452.04|0.05|53|42240|42240|862
17|PERU|1|17|64264.64|0.0|1|36674|36674|862
8|INDIA|15|8|4670.15|0.03|15|36674|36674|862
4|EGYPT|22|4|39482.84|0.06|22|26565|26565|323
18|CHINA|72|18|39070.85|0.1|72|26565|26565|323
21|VIETNAM|68|21|36638.88|0.1|68|20196|20196|862
1|ARGENTINA|29|1|63311.5|0.04|29|20196|20196|862
18|CHINA|75|18|18804.32|0.05|75|20196|20196|862
19|ROMANIA|62|19|1443.54|0.1|62|13761|13761|136
6|FRANCE|70|6|24530.88|0.02|70|13761|13761|136
12|JAPAN|43|12|2364.56|0.1|43|13761|13761|136
18|CHINA|11|18|35188.85|0.07|11|26115|26115|103
4|EGYPT|22|4|32683.28|0.01|22|26115|26115|103
22|RUSSIA|25|22|18380.16|0.03|25|26115|26115|103
18|CHINA|75|18|43376.19|0.09|75|26115|26115|103
14|KENYA|6|14|18125.14|0.02|6|27589|27589|224
24|UNITED STATES|55|24|16289.4|0.09|55|27589|27589|224
8|INDIA|15|8|14911.35|0.01|15|27589|27589|224
20|SAUDI ARABIA|74|20|51295.44|0.1|74|27589|27589|224
19|ROMANIA|52|19|23699.46|0.06|52|27589|27589|224
11|IRAQ|5|11|55279.4|0.01|5|30691|30691|983
24|UNITED STATES|46|24|14436.51|0.09|46|30691|30691|983
8|INDIA|39|8|6298.68|0.02|39|30691|30691|983
8|INDIA|60|8|28330.75|0.04|60|31175|31175|466
9|INDONESIA|51|9|61015.02|0.0|51|42274|42274|103
22|RUSSIA|25|22|13838.67|0.03|25|42274|42274|103
8|INDIA|39|8|26208.38|0.08|39|42274|42274|103
19|ROMANIA|52|19|40684.71|0.07|52|42274|42274|103
14|KENYA|6|14|4624.92|0.09|6|8290|8290|587
22|RUSSIA|40|22|57180.52|0.1|40|8290|8290|587
3|CANADA|13|3|54219.22|0.09|13|8290|8290|587
7|GERMANY|44|7|14464.0|0.04|44|34178|34178|235
15|MOROCCO|14|15|35112.26|0.04|14|34178|34178|235
14|KENYA|76|14|25737.15|0.01|76|34178|34178|235
3|CANADA|20|3|43114.62|0.02|20|34178|34178|235
3|CANADA|13|3|4339.62|0.05|13|32033|32033|488
17|PERU|1|17|44220.8|0.03|1|20098|20098|653
7|GERMANY|77|7|38801.04|0.0|77|20098|20098|653
0|ALGERIA|37|0|22712.16|0.04|37|20098|20098|653
5|ETHIOPIA|63|5|68916.1|0.08|63|20098|20098|653
0|ALGERIA|37|0|8003.5|0.06|37|43363|43363|950
22|RUSSIA|65|22|43570.5|0.04|65|43363|43363|950
12|JAPAN|43|12|9985.64|0.09|43|43363|43363|950
0|ALGERIA|28|0|22332.42|0.05|28|43363|43363|950
22|RUSSIA|16|22|6198.78|0.09|16|43363|43363|950
24|UNITED STATES|49|24|80346.77|0.03|49|43363|43363|950
7|GERMANY|77|7|25587.36|0.07|77|40580|40580|895
3|CANADA|20|3|48955.41|0.0|20|40580|40580|895
16|MOZAMBIQUE|31|16|63087.62|0.06|31|40580|40580|895
19|ROMANIA|62|19|14546.62|0.03|62|32583|32583|202
7|GERMANY|77|7|61465.2|0.1|77|32583|32583|202
7|GERMANY|77|7|43771.86|0.07|77|32583|32583|202
18|CHINA|72|18|26604.16|0.07|72|32583|32583|202
9|INDONESIA|50|9|26797.4|0.1|50|32583|32583|202
9|INDONESIA|50|9|48807.15|0.1|50|32583|32583|202
8|INDIA|15|8|55044.52|0.0|15|15203|15203|103
22|RUSSIA|40|22|27722.41|0.02|40|39745|39745|466
8|INDIA|60|8|25324.6|0.02|60|39745|39745|466
1|ARGENTINA|71|1|35715.24|0.06|71|39745|39745|466
8|INDIA|15|8|18492.76|0.01|15|39745|39745|466
9|INDONESIA|23|9|34957.2|0.09|23|39745|39745|466
5|ETHIOPIA|63|5|79724.04|0.03|63|39745|39745|466
9|INDONESIA|51|9|31158.1|0.1|51|32551|32551|686
23|UNITED KINGDOM|66|23|56649.1|0.09|66|33442|33442|400
16|MOZAMBIQUE|58|16|33589.25|0.02|58|33442|33442|400
24|UNITED STATES|46|24|26529.0|0.04|46|33442|33442|400
3|CANADA|13|3|55895.4|0.08|13|33442|33442|400
10|IRAN|34|10|10505.55|0.1|34|33442|33442|400
1|ARGENTINA|29|1|26732.32|0.03|29|33442|33442|400
22|RUSSIA|65|22|9586.22|0.1|65|33442|33442|400
19|ROMANIA|62|19|38441.6|0.05|62|46147|46147|202
9|INDONESIA|51|9|40912.2|0.04|51|46147|46147|202
7|GERMANY|77|7|9210.2|0.0|77|46147|46147|202
10|IRAN|34|10|41612.48|0.02|34|46147|46147|202
19|ROMANIA|52|19|9225.78|0.03|52|46147|46147|202
20|SAUDI ARABIA|74|20|33628.14|0.01|74|46147|46147|202
17|PERU|8|17|12109.2|0.06|8|101|101|224
17|PERU|1|17|90549.06|0.1|1|101|101|224
16|MOZAMBIQUE|56|16|43498.8|0.0|56|101|101|224
10|IRAN|34|10|24133.48|0.03|34|47654|47654|752
19|ROMANIA|17|19|43057.38|0.08|17|40482|40482|169
0|ALGERIA|28|0|9081.66|0.09|28|40482|40482|169
