7183.74|0.03|13794
86587.2|0.0|14465
36735.93|0.02|39204
35653.92|0.06|45122
38320.48|0.04|21890
3802.08|0.05|45122
51126.08|0.02|45155
21334.44|0.07|16775
29149.28|0.04|12001
6951.63|0.0|37125
87653.12|0.06|36289
8655.24|0.03|32098
65053.88|0.09|43010
31731.48|0.03|14784
24555.41|0.1|32230
22008.24|0.01|28710
49032.08|0.05|34023
41343.96|0.01|12771
21767.4|0.1|13255
13137.19|0.05|9092
12893.8|0.06|24486
54395.04|0.09|28512
57223.32|0.05|37862
31912.98|0.0|15202
53944.96|0.02|47168
7257.75|0.02|30470
24902.25|0.09|37125
20507.1|0.05|24640
32239.01|0.03|34177
56227.5|0.05|35299
58413.35|0.03|43362
77868.34|0.0|26631
39474.43|0.04|26279
1260.35|0.1|47168
12573.5|0.02|27841
19287.09|0.01|41063
19962.59|0.03|10274
18452.16|0.0|132
61943.22|0.1|16610
51360.74|0.08|45056
26920.62|0.01|14597
20251.56|0.05|24288
27249.2|0.07|26466
29960.77|0.0|41063
51402.45|0.01|35299
67328.91|0.07|27687
59893.68|0.02|37510
37851.42|0.07|38852
85327.7|0.05|22242
46017.31|0.08|12485
35410.85|0.03|45155
34564.92|0.08|39204
34020.24|0.03|13794
43341.55|0.02|46497
32248.23|0.09|22693
6972.45|0.09|43010
21286.44|0.03|36069
53377.2|0.07|35299
44973.28|0.0|34375
24201.5|0.02|25157
25275.6|0.05|23232
17949.03|0.05|46112
14816.32|0.03|29953
25027.0|0.09|14212
51653.35|0.03|38434
18776.52|0.02|10021
26629.0|0.02|10373
65682.03|0.07|26884
46502.96|0.07|26499
81965.73|0.1|12386
57244.16|0.06|31141
32231.83|0.1|37543
35773.1|0.06|18304
67271.4|0.04|15202
31273.44|0.01|33891
64100.54|0.08|39204
36960.99|0.1|12452
55770.88|0.01|43043
71055.18|0.05|29766
38772.94|0.0|18788
39008.85|0.02|35233
4462.74|0.01|15015
51781.13|0.02|17633
50434.56|0.01|34595
29767.92|0.06|27137
29628.28|0.04|42691
37314.27|0.07|32582
6114.48|0.05|21153
51256.0|0.07|11011
34825.18|0.06|39776
43832.25|0.07|36773
16033.6|0.0|18337
67251.03|0.02|17831
43131.55|0.09|14245
38991.25|0.0|43010
73968.3|0.0|23584
15942.16|0.03|38434
59841.55|0.02|28259
45555.84|0.08|26499
36407.88|0.1|26565
42236.4|0.01|44099
65101.08|0.05|30690
3928.2|0.09|25542
74821.72|0.04|27236
34467.57|0.04|46310
14223.36|0.09|26466
15500.8|0.09|22022
9514.24|0.08|12485
21779.1|0.02|34496
35759.34|0.03|28039
2364.56|0.1|13761
35053.86|0.09|38852
30843.28|0.01|34144
19172.88|0.04|17831
19911.3|0.01|47872
53941.38|0.02|32164
13805.12|0.06|35079
60692.86|0.02|11682
50148.28|0.06|25861
75114.12|0.09|34881
81715.95|0.03|20262
62946.8|0.1|29953
29181.24|0.06|34177
12905.97|0.05|40194
10321.99|0.05|47872
17622.72|0.03|17633
48306.44|0.06|47872
13839.0|0.1|26631
9482.24|0.1|38753
55323.8|0.02|28259
4180.56|0.04|25696
48291.84|0.09|26565
32014.8|0.02|21670
35114.48|0.06|18788
28840.32|0.04|28611
61766.5|0.09|37158
30783.6|0.01|27687
40914.01|0.1|28512
23547.27|0.04|9092
37359.2|0.02|22374
4930.4|0.04|22055
63507.2|0.04|35233
33517.08|0.01|10593
39256.4|0.1|33088
8691.24|0.08|32483
42921.2|0.0|33473
6719.08|0.06|29953
56806.2|0.1|34980
9810.8|0.09|44099
25667.6|0.03|22176
18107.95|0.05|15873
21382.8|0.09|14212
10132.78|0.09|27302
11812.8|0.04|21120
28828.61|0.08|45122
9721.62|0.07|29953
34356.92|0.05|23232
57789.5|0.06|18887
13104.42|0.05|33187
57485.05|0.0|34177
59499.0|0.01|30470
52707.24|0.0|27236
29599.68|0.06|17666
14695.6|0.03|47267
55931.4|0.04|35079
68623.5|0.07|26532
29665.68|0.05|27236
18260.14|0.03|42592
13079.3|0.07|47168
3754.05|0.05|11330
28813.2|0.08|22176
15929.04|0.09|13024
6807.2|0.05|34595
57735.23|0.1|36036
1351.45|0.01|46244
18570.76|0.03|18337
9824.5|0.06|23782
12333.42|0.08|28512
5141.43|0.08|34144
11396.16|0.03|36454
33605.28|0.07|46596
68744.15|0.07|11044
20806.4|0.08|46596
35653.92|0.1|35266
10467.2|0.0|44000
79719.85|0.01|132
65070.0|0.1|13794
39663.8|0.09|23331
55260.0|0.08|15202
72112.36|0.04|231
5051.34|0.0|17831
66590.4|0.02|34023
68228.6|0.1|34243
25396.6|0.06|12067
6972.63|0.04|27302
36939.25|0.07|44198
6451.02|0.08|24321
15005.25|0.06|11682
29552.4|0.08|12067
37047.36|0.01|30151
42640.85|0.01|35046
70454.98|0.01|37664
4201.5|0.08|44099
26260.56|0.07|47520
31422.16|0.02|44099
9472.02|0.05|34375
35633.22|0.07|36773
48168.44|0.03|37664
72692.08|0.08|15554
63535.24|0.01|39204
22493.8|0.07|21890
16257.76|0.08|19778
43446.9|0.09|12133
22524.4|0.0|17028
60826.35|0.08|47520
18179.68|0.03|38599
24393.92|0.03|45573
17659.05|0.05|27654
4396.68|0.03|38049
12135.96|0.02|30470
10583.16|0.08|31174
5808.36|0.03|11044
30052.0|0.05|35266
78887.16|0.08|26279
17635.2|0.02|27555
8748.63|0.07|34980
1182.28|0.02|46563
66595.93|0.07|16995
39815.78|0.08|34144
30392.56|0.08|24288
28330.2|0.08|14630
7608.4|0.1|28710
10451.04|0.04|22693
66466.84|0.0|14597
14911.35|0.07|37444
10699.44|0.03|43076
62689.13|0.01|22055
56060.0|0.09|24640
70880.46|0.09|39776
37948.3|0.1|14311
18093.46|0.04|22374
36647.68|0.0|47399
24446.4|0.1|36454
9820.38|0.01|44198
9298.17|0.02|26466
45104.0|0.05|24167
36914.25|0.03|32131
54442.52|0.06|25157
35237.4|0.08|22880
22935.99|0.03|14784
57590.04|0.08|44033
43727.6|0.09|15301
22680.96|0.01|44352
30076.77|0.0|11011
54698.4|0.03|14630
35237.5|0.01|32483
39626.56|0.08|11297
10890.99|0.06|26499
10364.06|0.02|34177
85959.24|0.1|16005
66910.8|0.02|47267
80248.77|0.06|36289
35317.68|0.07|38368
3053.24|0.0|47366
60817.02|0.01|27137
24122.4|0.1|43076
20502.08|0.05|11011
47643.12|0.05|14784
34388.1|0.09|36102
18692.16|0.04|231
2074.26|0.01|45254
62442.7|0.07|26565
16173.5|0.09|37862
4705.98|0.08|24871
47826.1|0.02|18722
58759.02|0.09|12001
17893.92|0.05|12001
28581.0|0.03|22880
9618.4|0.07|43043
19281.91|0.03|15202
24931.06|0.05|32164
11965.08|0.08|27654
36389.43|0.08|24167
3474.75|0.09|32582
48692.44|0.09|33572
6018.4|0.0|45760
13020.28|0.01|34661
11868.64|0.0|43076
66319.05|0.07|35046
33135.3|0.03|9092
21874.15|0.09|33572
51731.56|0.08|11011
50804.25|0.05|11682
21561.54|0.07|36036
57391.65|0.0|11077
19953.01|0.05|14784
17238.6|0.07|27973
26476.31|0.08|20262
11740.48|0.01|12001
10024.62|0.04|37697
54165.6|0.02|13475
3247.44|0.03|22176
77346.45|0.0|18117
39192.05|0.08|34562
31778.72|0.05|24420
58155.35|0.08|47300
88930.59|0.07|36036
7187.56|0.09|47520
19893.44|0.07|29799
28190.36|0.08|17798
51992.64|0.0|21670
25705.35|0.03|37895
3027.22|0.1|20130
53048.0|0.09|29766
56084.63|0.05|37444
27380.97|0.01|44000
7646.22|0.01|12672
15226.65|0.08|44231
44737.49|0.09|23232
72598.08|0.08|12551
37739.6|0.05|44000
73278.0|0.01|26631
31993.66|0.1|22242
18175.72|0.1|18887
5652.24|0.0|25696
53061.12|0.07|32582
1443.54|0.1|13761
24941.4|0.1|17633
12642.0|0.08|12452
44136.4|0.07|43362
45840.96|0.02|28358
9072.9|0.07|46563
12874.68|0.08|34023
5156.43|0.09|15015
21668.1|0.09|11396
35534.76|0.02|19558
2868.15|0.07|10692
13271.93|0.01|14465
16848.3|0.07|23111
30657.6|0.05|30470
41947.92|0.0|46310
27294.07|0.0|37510
23028.66|0.09|24321
8208.09|0.01|47168
54188.72|0.04|15202
30583.02|0.1|25157
24931.52|0.09|46695
55548.59|0.07|22561
61357.56|0.05|19745
57686.23|0.04|33891
63562.95|0.04|10373
18040.0|0.07|33572
9097.84|0.04|42592
42975.63|0.03|47168
4713.08|0.08|46211
34518.54|0.02|45991
46524.0|0.1|23111
67511.2|0.08|34562
23995.67|0.07|352
52724.8|0.04|24486
64069.0|0.03|28512
52774.76|0.0|39589
59305.08|0.04|26499
23889.65|0.05|44000
46609.6|0.06|16005
64328.46|0.0|16610
69990.36|0.04|44352
21460.12|0.07|27456
8679.24|0.07|39776
33799.88|0.1|24167
25273.82|0.04|12551
65309.2|0.03|25575
16201.5|0.07|14630
39522.3|0.08|21285
48326.76|0.09|26631
43003.87|0.01|34595
44747.0|0.0|23111
44546.26|0.07|18689
19306.09|0.03|47014
901.0|0.0|46244
17042.34|0.03|38852
4260.64|0.08|29667
35174.52|0.0|23232
50156.52|0.08|26631
45868.72|0.03|22242
4755.25|0.06|15554
76142.22|0.09|30690
49262.5|0.08|18689
44281.6|0.07|12386
11052.24|0.1|14465
9330.3|0.07|14597
10041.0|0.03|10593
39312.3|0.04|38852
35738.62|0.0|41063
10283.04|0.02|42086
19626.0|0.05|22561
17223.6|0.1|34243
5240.7|0.09|47267
13819.12|0.06|35266
42733.76|0.0|27104
40901.71|0.07|47300
7411.98|0.09|44231
44422.8|0.0|29766
9334.8|0.0|16995
40461.93|0.08|16676
60409.8|0.06|37543
87370.65|0.05|16643
53743.12|0.06|19745
54109.05|0.02|24420
13272.56|0.0|22022
3201.48|0.07|32032
27553.95|0.05|43362
67707.0|0.08|11297
10811.7|0.08|25542
41023.8|0.0|17446
28604.94|0.01|46497
56661.5|0.07|30470
33671.58|0.05|36102
48503.5|0.0|37158
10104.78|0.08|10593
16902.54|0.03|25575
14295.48|0.1|47971
45552.96|0.09|46563
24530.88|0.02|13761
38870.16|0.08|34562
47436.09|0.05|29667
69484.89|0.05|29216
16913.93|0.02|32131
67887.0|0.04|14212
3327.52|0.06|19778
3707.9|0.09|17666
53067.68|0.0|15015
33668.8|0.0|29799
68485.15|0.01|28512
36783.12|0.04|13024
20482.66|0.06|34375
33924.24|0.06|14784
63423.68|0.01|19778
48880.65|0.01|31460
34420.96|0.05|44352
61137.12|0.06|35266
79019.16|0.02|35750
30296.64|0.08|34694
33035.2|0.09|19745
1142.24|0.05|11143
18067.2|0.02|35200
70547.1|0.04|14597
22504.0|0.04|29766
60715.5|0.07|46530
51397.47|0.08|165
40164.0|0.06|16742
17757.04|0.1|34243
24776.46|0.07|27555
25747.6|0.01|45254
78728.3|0.05|30470
5832.42|0.06|38753
56607.25|0.05|33220
3498.78|0.01|165
35149.44|0.04|23232
48893.24|0.07|46695
33860.8|0.0|29216
59294.4|0.01|12485
18596.89|0.08|32483
47154.24|0.05|22693
18147.14|0.02|28512
32479.44|0.03|22374
26929.25|0.1|46244
24602.08|0.1|22055
18091.8|0.07|41063
37636.04|0.03|19745
43387.76|0.01|16005
7487.95|0.01|27841
9586.44|0.05|16676
47390.76|0.0|32582
45518.61|0.09|42471
42295.39|0.05|27973
1391.49|0.1|16423
34035.12|0.04|24035
18211.68|0.05|37862
32802.65|0.01|46310
69674.4|0.01|23782
20941.8|0.08|44000
45523.0|0.1|21285
33526.72|0.04|32230
3405.6|0.05|35750
32374.54|0.03|13761
36033.18|0.05|25542
71415.44|0.03|12485
39070.85|0.1|26565
11262.2|0.1|46244
22650.0|0.04|47201
12573.5|0.1|38599
8919.81|0.01|30470
50562.0|0.02|15202
41324.1|0.08|12771
39817.25|0.05|47652
21381.62|0.04|25443
13040.3|0.07|40194
35948.61|0.09|31174
43376.55|0.0|21153
75642.54|0.1|19745
39788.84|0.07|31174
37146.99|0.03|39655
32270.7|0.03|18689
50192.18|0.1|31042
23553.16|0.05|18722
10667.44|0.07|36355
47571.2|0.09|11143
17729.04|0.1|34243
43696.0|0.0|36003
30840.48|0.01|165
6176.65|0.05|25575
18960.8|0.08|43043
36933.52|0.04|23111
22776.48|0.04|24035
12741.04|0.07|16676
12025.2|0.01|33572
28683.2|0.04|10274
44000.58|0.09|37664
39246.48|0.09|39655
27179.5|0.02|23111
907.0|0.1|13024
3145.34|0.01|14311
38289.48|0.01|20130
66510.84|0.06|36036
5990.36|0.01|17028
51113.86|0.01|45254
34284.48|0.09|37862
55163.22|0.01|47399
86382.71|0.0|16775
33475.4|0.08|16775
2798.98|0.01|17798
20915.44|0.05|33088
41203.96|0.04|44231
30335.84|0.04|47971
15617.1|0.1|32164
11472.6|0.04|22242
51661.93|0.05|43043
65429.66|0.02|23331
7275.64|0.01|27555
40324.0|0.04|46310
60345.58|0.09|25696
30543.21|0.09|24420
85840.5|0.06|17633
69238.35|0.07|25575
64291.68|0.09|46211
27974.52|0.04|27456
11992.09|0.07|36102
37597.23|0.09|34980
31504.5|0.05|30151
4459.74|0.08|47300
32206.23|0.05|33572
84089.0|0.07|47014
73518.24|0.02|31141
6348.9|0.01|22561
57433.32|0.1|39875
40342.75|0.09|22242
19262.88|0.02|18788
17802.96|0.04|24640
5585.88|0.08|14982
58608.0|0.04|16423
25663.2|0.07|33187
59647.08|0.08|24321
1032.13|0.02|24420
28830.93|0.02|28512
32616.0|0.06|11011
75399.2|0.04|18689
15266.2|0.09|35750
24194.03|0.07|34562
1162.26|0.03|17798
45660.96|0.08|31042
20541.9|0.0|165
26835.38|0.02|37862
3387.58|0.02|25058
51781.13|0.03|22693
18567.23|0.0|45089
50333.1|0.07|26279
13550.64|0.08|45056
77432.0|0.1|23298
51756.4|0.09|28611
4429.71|0.02|34375
23945.8|0.04|24640
4648.92|0.03|24167
2709.0|0.08|44000
25221.82|0.03|21120
58577.98|0.04|30151
32573.64|0.0|16742
56353.27|0.06|17952
15318.66|0.09|47399
71972.11|0.07|44231
51261.99|0.02|27973
19058.9|0.05|27104
35833.62|0.09|44231
31108.5|0.0|19778
28800.87|0.0|43362
34390.62|0.01|22660
4591.89|0.02|16643
28480.32|0.06|20295
30584.3|0.04|41063
6722.2|0.04|16610
6084.66|0.0|18722
62617.5|0.05|23298
