41707.14|0.09|45728
37276.56|0.05|21539
30754.79|0.05|8642
35719.43|0.1|5760
44393.88|0.05|5089
20770.61|0.09|24806
26249.58|0.09|4583
30163.86|0.08|10913
10090.98|0.07|9632
22704.48|0.06|10528
11111.7|0.08|42758
41596.14|0.03|2240
34212.48|0.03|8576
51966.5|0.1|42758
68228.6|0.09|7971
7133.77|0.07|8642
8354.94|0.07|31879
51938.6|0.1|3175
67859.28|0.01|41922
18823.92|0.06|3296
7363.92|0.03|5760
92797.5|0.02|6695
69625.5|0.02|36609
13845.3|0.09|45409
40684.71|0.02|8455
58662.4|0.07|6464
9847.71|0.05|4550
6687.15|0.06|30658
45966.58|0.08|8422
63271.62|0.08|22947
11330.97|0.1|2592
8044.68|0.04|2086
8559.12|0.08|7872
56696.52|0.0|15808
63278.11|0.08|47939
67485.04|0.1|6695
47057.92|0.0|6112
12641.3|0.1|43649
6142.52|0.06|27908
29911.8|0.01|2086
15768.83|0.05|8994
17321.59|0.08|10528
59132.37|0.02|35905
60502.68|0.08|30339
55962.88|0.04|21319
27371.4|0.02|8422
65113.46|0.01|2053
92266.02|0.03|6563
29024.0|0.01|3175
18845.25|0.06|22947
14565.5|0.02|15808
22873.2|0.02|40866
30565.3|0.0|8389
58463.0|0.06|2020
46789.5|0.06|11969
3627.9|0.0|5441
1792.89|0.04|44903
22023.52|0.04|11617
7115.48|0.08|23618
47352.0|0.0|22947
15541.38|0.09|24608
52086.33|0.06|24608
61429.78|0.06|4099
31089.36|0.01|10627
5168.46|0.06|36807
11402.4|0.1|11969
19273.54|0.05|33958
13594.98|0.0|8257
40028.1|0.08|22914
34894.53|0.05|7971
40587.12|0.1|9797
11169.83|0.04|21539
52416.76|0.01|32902
26501.75|0.02|45409
11386.43|0.1|42439
2934.21|0.05|22529
9962.72|0.05|31527
39162.0|0.05|40679
41184.54|0.1|22628
25981.74|0.06|2790
7247.7|0.1|32418
18635.1|0.01|8576
1962.16|0.06|8389
17208.6|0.05|9478
63652.95|0.05|8994
67885.75|0.09|3461
20534.08|0.03|42945
11184.36|0.09|3175
67922.22|0.03|40547
14561.96|0.02|33826
75243.58|0.09|41988
22128.48|0.04|9797
4929.32|0.1|9797
61596.12|0.04|11969
36040.0|0.1|42758
37029.69|0.03|20967
38255.25|0.06|40833
21737.73|0.03|3395
40775.86|0.07|4033
40724.28|0.03|40965
29080.28|0.07|3043
67187.44|0.07|5441
39542.58|0.05|13927
42255.0|0.02|7553
50305.38|0.0|738
33101.2|0.07|27908
24001.74|0.03|21605
26825.58|0.09|4099
38316.88|0.05|9126
14238.29|0.02|45959
1629.72|0.02|45827
4885.28|0.06|5991
62640.13|0.1|45728
8703.54|0.1|20868
19076.64|0.09|2691
57301.65|0.02|33826
14463.82|0.0|35905
36518.88|0.04|2240
64357.09|0.05|31747
32277.01|0.03|45926
929.02|0.03|20615
53658.5|0.1|40327
9820.8|0.1|43847
35612.61|0.09|6211
27959.4|0.09|6563
37189.5|0.0|7652
42829.76|0.03|40800
22129.52|0.02|3175
54159.0|0.08|8422
2564.76|0.0|2691
34111.83|0.1|44738
43778.4|0.0|8103
51698.9|0.0|6695
34070.4|0.05|44738
12829.68|0.01|21506
11588.32|0.07|6464
39784.78|0.0|5474
78754.72|0.0|41636
27586.24|0.01|42945
8753.52|0.05|11617
17882.92|0.04|2691
26629.0|0.06|31879
45787.56|0.08|40965
9514.35|0.09|5254
72498.93|0.05|46817
3711.99|0.08|6464
55450.45|0.06|10627
9249.94|0.06|41504
21854.75|0.06|8389
37990.25|0.08|31527
29334.96|0.08|41702
45724.0|0.03|21319
26112.6|0.02|8642
37204.66|0.07|1382
81441.57|0.02|11969
34796.96|0.07|46817
38392.56|0.08|837
16253.27|0.07|44738
18992.57|0.01|40833
21322.8|0.09|33826
43310.4|0.05|8422
57085.16|0.01|3175
49882.8|0.09|10913
15617.12|0.02|20934
45436.16|0.08|21605
35484.85|0.0|6310
45648.64|0.02|12706
20371.26|0.05|31747
69857.92|0.01|46817
30513.3|0.05|32869
55081.04|0.09|11716
5380.85|0.03|6112
44253.12|0.07|34948
13443.69|0.07|20868
57162.0|0.07|31747
21454.56|0.05|43814
42422.26|0.02|7751
29172.28|0.08|12519
57937.76|0.06|2053
33705.54|0.04|6244
33828.0|0.06|22628
46695.06|0.02|10209
73529.4|0.03|34849
31299.75|0.1|40547
18640.6|0.01|41955
14405.3|0.02|32869
29281.72|0.08|12519
20941.8|0.06|22628
54436.14|0.07|42439
19273.54|0.08|2790
7599.96|0.04|10308
48855.52|0.05|5155
31414.98|0.04|32418
91796.5|0.02|9665
45288.0|0.04|3494
13099.95|0.04|6310
42818.25|0.03|7267
26992.62|0.08|8257
2995.18|0.03|23618
24080.67|0.06|1030
49974.72|0.09|10726
57195.74|0.1|45409
20531.84|0.04|41922
10282.86|0.0|8576
59419.8|0.06|21319
27824.25|0.03|3142
57854.4|0.0|4099
5415.9|0.07|1382
37164.69|0.06|2790
51571.08|0.07|7267
18427.63|0.01|46949
61781.12|0.0|43814
23885.8|0.0|5089
22234.94|0.05|4451
8458.1|0.08|47939
15072.64|0.01|43429
41179.44|0.02|40833
7123.68|0.02|3296
40440.21|0.1|20967
21461.22|0.08|1382
49492.48|0.06|2240
36124.55|0.04|34816
38966.55|0.02|44903
34398.57|0.05|32737
57727.74|0.1|3043
26087.29|0.04|34816
56466.48|0.08|32935
58713.5|0.02|41955
17799.18|0.1|6563
34490.57|0.08|5892
14810.84|0.04|1382
47007.17|0.1|41702
16962.4|0.03|40646
27978.83|0.1|21319
5117.48|0.1|41504
17684.7|0.06|9665
66669.97|0.08|41922
37177.99|0.09|22914
46850.4|0.06|4099
4661.04|0.09|21825
15394.39|0.1|23717
23464.96|0.09|7300
68328.96|0.02|8103
34407.99|0.1|10209
52407.36|0.0|46949
39802.56|0.06|6112
21380.31|0.03|22914
52152.32|0.05|40833
61416.0|0.1|6695
38218.11|0.03|32902
65343.6|0.09|10627
65386.66|0.07|7553
52707.24|0.03|41636
14615.6|0.01|15808
39594.56|0.03|7300
33764.58|0.08|3296
27329.9|0.05|42439
31586.56|0.1|15907
52485.65|0.01|42912
33111.4|0.0|34948
40666.89|0.08|20615
24554.88|0.06|6112
73237.2|0.05|3494
61116.0|0.1|8257
6371.85|0.05|10726
4633.0|0.05|5089
1024.12|0.0|42758
69153.48|0.09|44903
30155.79|0.04|13927
83371.89|0.1|20967
52610.24|0.02|9379
5260.75|0.0|9764
69993.6|0.07|32517
53252.94|0.07|4099
37965.42|0.07|42208
48412.0|0.01|26918
39550.84|0.09|5254
27101.28|0.1|31527
13946.76|0.05|42912
24843.12|0.0|20549
39901.68|0.04|10308
30248.4|0.07|30658
44964.64|0.01|3395
64760.04|0.09|21605
34542.99|0.08|4583
44039.69|0.04|41889
40860.0|0.03|41636
75839.6|0.03|20615
22887.07|0.06|32902
48002.49|0.01|4033
21055.8|0.01|40800
26343.12|0.02|7366
5436.0|0.09|5760
35737.57|0.05|30625
30560.22|0.0|41955
16507.5|0.06|5474
29951.8|0.1|6310
28683.2|0.03|43429
27210.0|0.09|26918
27132.64|0.01|35905
45913.53|0.0|7300
30348.34|0.03|2086
33330.27|0.08|9632
25352.74|0.04|41702
7512.24|0.03|35938
51656.16|0.05|22947
20421.92|0.04|45959
13358.52|0.03|6112
17238.2|0.08|20417
42157.12|0.07|45827
50814.9|0.03|46949
34434.99|0.01|7872
76314.84|0.1|8224
51403.44|0.05|9478
1152.25|0.02|42758
1433.53|0.01|41988
35697.6|0.06|30625
83848.32|0.09|36807
59142.3|0.1|9478
49497.39|0.09|9797
15981.16|0.0|13927
64191.32|0.06|46949
1812.0|0.01|20967
34522.62|0.09|5441
26560.6|0.1|40965
26388.2|0.04|32418
4713.08|0.1|34948
23338.08|0.03|45827
22493.85|0.05|40646
28995.46|0.06|33507
11844.64|0.09|6464
35688.75|0.07|1382
30314.34|0.0|24806
18260.2|0.09|30625
2913.1|0.06|33958
31757.02|0.02|46949
36862.66|0.02|32902
24501.75|0.07|42912
60999.4|0.03|3681
53333.0|0.1|44903
5365.76|0.0|21319
34390.0|0.01|3175
4492.88|0.09|41504
48745.11|0.08|3175
5890.28|0.01|15907
21014.56|0.06|3296
21028.68|0.02|24707
12858.04|0.0|21539
66246.4|0.04|804
30483.35|0.07|35938
59983.6|0.04|7553
58628.78|0.08|40866
19383.42|0.08|40646
28768.62|0.03|33826
34612.0|0.1|42945
50516.19|0.04|33606
73084.83|0.05|3395
15633.12|0.07|33958
