23|UNITED KINGDOM|66|23|9217.08|0.1|66|22564|22564|1057
7|GERMANY|44|7|41650.93|0.05|44|45091|45091|1046
1|ARGENTINA|71|1|13852.85|0.02|71|45091|45091|1046
7|GERMANY|33|7|60789.33|0.1|33|5606|5606|1189
8|INDIA|12|8|23776.25|0.06|12|5606|5606|1189
11|IRAQ|5|11|27461.76|0.09|5|6947|6947|1024
24|UNITED STATES|55|24|23350.75|0.07|55|6947|6947|1024
22|RUSSIA|65|22|25041.06|0.02|65|6947|6947|1024
11|IRAQ|5|11|33776.88|0.1|5|1731|1731|1024
7|GERMANY|33|7|49444.92|0.1|33|1731|1731|1024
9|INDONESIA|45|9|77448.18|0.03|45|1731|1731|1024
10|IRAN|34|10|65420.0|0.05|34|1731|1731|1024
12|JAPAN|54|12|7056.7|0.04|54|1731|1731|1024
3|CANADA|20|3|48818.17|0.1|20|1731|1731|1024
23|UNITED KINGDOM|7|23|7342.8|0.04|7|4128|4128|1112
22|RUSSIA|42|22|33867.06|0.02|42|6658|6658|1189
8|INDIA|60|8|52376.0|0.01|60|32003|32003|1079
8|INDIA|60|8|46837.56|0.06|60|32003|32003|1079
14|KENYA|48|14|18587.58|0.1|48|32003|32003|1079
4|EGYPT|67|4|34260.34|0.09|67|32003|32003|1079
24|UNITED STATES|64|24|2732.92|0.05|64|32003|32003|1079
5|ETHIOPIA|63|5|28607.26|0.05|63|22983|22983|1079
4|EGYPT|38|4|44781.36|0.09|38|7490|7490|34
3|CANADA|20|3|26194.14|0.0|20|7490|7490|34
17|PERU|8|17|21085.61|0.01|8|8615|8615|34
8|INDIA|61|8|13884.8|0.03|61|8615|8615|34
1|ARGENTINA|71|1|64399.68|0.06|71|8615|8615|34
18|CHINA|72|18|6430.8|0.09|72|33764|33764|1024
9|INDONESIA|50|9|66743.04|0.01|50|33764|33764|1024
17|PERU|59|17|33769.08|0.08|59|33764|33764|1024
9|INDONESIA|23|9|62719.16|0.0|23|33764|33764|1024
2|BRAZIL|21|2|33471.88|0.06|21|33764|33764|1024
7|GERMANY|53|7|19171.24|0.1|53|33764|33764|1024
8|INDIA|61|8|30332.75|0.01|61|31751|31751|1123
8|INDIA|61|8|21623.6|0.08|61|31751|31751|1123
6|FRANCE|70|6|49507.85|0.07|70|31751|31751|1123
14|KENYA|48|14|14805.8|0.02|48|31751|31751|1123
3|CANADA|13|3|14892.75|0.06|13|31751|31751|1123
15|MOROCCO|4|15|11700.48|0.05|4|31751|31751|1123
12|JAPAN|54|12|5484.06|0.04|54|31751|31751|1123
19|ROMANIA|62|19|37195.76|0.1|62|12512|12512|1123
22|RUSSIA|40|22|47499.75|0.03|40|12512|12512|1123
24|UNITED STATES|55|24|25137.81|0.03|55|12512|12512|1123
17|PERU|1|17|75765.54|0.06|1|40870|40870|67
9|INDONESIA|50|9|37064.5|0.02|50|40870|40870|67
17|PERU|59|17|6745.32|0.05|59|40870|40870|67
14|KENYA|79|14|55390.68|0.03|79|40870|40870|67
12|JAPAN|54|12|20662.6|0.0|54|40870|40870|67
17|PERU|1|17|43632.0|0.06|1|12611|12611|34
17|PERU|59|17|5036.31|0.0|59|12611|12611|34
8|INDIA|15|8|39015.6|0.04|15|12611|12611|34
17|PERU|59|17|37289.75|0.01|59|12611|12611|34
9|INDONESIA|23|9|66464.65|0.05|23|12611|12611|34
24|UNITED STATES|19|24|18229.65|0.04|19|43268|43268|919
9|INDONESIA|51|9|53779.28|0.06|51|38208|38208|23
22|RUSSIA|25|22|19941.3|0.02|25|38208|38208|23
24|UNITED STATES|19|24|28596.82|0.01|19|38208|38208|23
0|ALGERIA|28|0|1825.92|0.03|28|38208|38208|23
16|MOZAMBIQUE|30|16|43125.36|0.09|30|38208|38208|23
11|IRAQ|5|11|86194.71|0.02|5|31938|31938|56
19|ROMANIA|62|19|25195.56|0.08|62|31938|31938|56
18|CHINA|72|18|11111.7|0.03|72|31938|31938|56
22|RUSSIA|25|22|36318.15|0.07|25|31938|31938|56
12|JAPAN|54|12|36951.12|0.0|54|31938|31938|56
2|BRAZIL|21|2|2160.36|0.08|21|31938|31938|56
8|INDIA|60|8|40933.8|0.07|60|34919|34919|919
8|INDIA|12|8|60972.66|0.09|12|34919|34919|919
2|BRAZIL|21|2|18245.5|0.01|21|34919|34919|919
0|ALGERIA|37|0|55619.6|0.1|37|20806|20806|1123
17|PERU|57|17|55627.8|0.01|57|20806|20806|1123
18|CHINA|72|18|26114.93|0.06|72|7076|7076|1123
12|JAPAN|54|12|54626.14|0.04|54|7076|7076|1123
15|MOROCCO|14|15|2766.06|0.1|14|34724|34724|1189
15|MOROCCO|14|15|11163.92|0.09|14|34724|34724|1189
5|ETHIOPIA|2|5|75760.08|0.0|2|34724|34724|1189
21|VIETNAM|80|21|18697.69|0.1|80|20611|20611|1057
4|EGYPT|22|4|29733.0|0.04|22|6273|6273|34
13|JORDAN|36|13|6877.44|0.07|36|23714|23714|1156
5|ETHIOPIA|63|5|58585.78|0.04|63|23714|23714|1156
4|EGYPT|22|4|21206.72|0.01|22|45920|45920|1057
17|PERU|57|17|38422.18|0.03|57|45920|45920|1057
24|UNITED STATES|49|24|35110.8|0.09|49|45920|45920|1057
22|RUSSIA|42|22|54093.76|0.02|42|45920|45920|1057
1|ARGENTINA|3|1|75780.5|0.01|3|45920|45920|1057
19|ROMANIA|62|19|69359.99|0.0|62|31169|31169|1156
4|EGYPT|22|4|63518.15|0.0|22|31169|31169|1156
4|EGYPT|69|4|14145.6|0.0|69|31169|31169|1156
14|KENYA|47|14|46355.96|0.01|47|31169|31169|1156
18|CHINA|75|18|30525.32|0.0|75|31169|31169|1156
16|MOZAMBIQUE|30|16|60224.86|0.07|30|31169|31169|1156
22|RUSSIA|40|22|28731.36|0.03|40|35207|35207|809
7|GERMANY|77|7|59664.5|0.05|77|35207|35207|809
8|INDIA|61|8|51373.76|0.0|61|35207|35207|809
19|ROMANIA|52|19|13604.49|0.01|52|35207|35207|809
23|UNITED KINGDOM|32|23|37693.92|0.04|32|2086|2086|1123
22|RUSSIA|40|22|91530.04|0.07|40|9159|9159|908
4|EGYPT|22|4|5210.7|0.09|22|9159|9159|908
9|INDONESIA|45|9|14743.52|0.06|45|9159|9159|908
23|UNITED KINGDOM|32|23|30974.34|0.03|32|9159|9159|908
18|CHINA|72|18|28339.08|0.09|72|10979|10979|1013
10|IRAN|9|10|6166.65|0.04|9|10979|10979|1013
14|KENYA|48|14|29379.51|0.02|48|10979|10979|1013
8|INDIA|12|8|32191.83|0.06|12|10979|10979|1013
22|RUSSIA|65|22|45798.25|0.1|65|10979|10979|1013
3|CANADA|20|3|12267.31|0.0|20|10979|10979|1013
5|ETHIOPIA|2|5|6341.8|0.09|2|10979|10979|1013
17|PERU|8|17|5417.7|0.1|8|44804|44804|56
23|UNITED KINGDOM|7|23|32533.73|0.0|7|44804|44804|56
19|ROMANIA|62|19|61890.24|0.04|62|44804|44804|56
3|CANADA|13|3|40760.46|0.09|13|44804|44804|56
22|RUSSIA|42|22|26362.08|0.05|42|44804|44804|56
6|FRANCE|70|6|1898.08|0.05|70|9798|9798|908
1|ARGENTINA|3|1|36998.8|0.03|3|9798|9798|908
14|KENYA|76|14|17673.04|0.0|76|35939|35939|1189
23|UNITED KINGDOM|7|23|17299.08|0.1|7|40710|40710|1057
21|VIETNAM|35|21|82737.5|0.04|35|21669|21669|908
8|INDIA|12|8|12550.41|0.04|12|21669|21669|908
22|RUSSIA|65|22|11933.6|0.06|65|21669|21669|908
5|ETHIOPIA|2|5|3225.51|0.09|2|21669|21669|908
23|UNITED KINGDOM|7|23|5862.24|0.09|7|4295|4295|34
9|INDONESIA|51|9|46098.9|0.07|51|4295|4295|34
24|UNITED STATES|55|24|55282.78|0.09|55|4295|4295|34
9|INDONESIA|23|9|4330.62|0.04|23|4295|4295|34
7|GERMANY|77|7|2748.03|0.1|77|43427|43427|1156
24|UNITED STATES|64|24|16036.92|0.04|64|43427|43427|1156
17|PERU|8|17|44559.1|0.01|8|9542|9542|919
24|UNITED STATES|10|24|66462.52|0.04|10|9542|9542|919
0|ALGERIA|28|0|17178.1|0.01|28|30822|30822|1112
16|MOZAMBIQUE|31|16|26812.44|0.03|31|30822|30822|1112
21|VIETNAM|26|21|85241.76|0.07|26|20229|20229|1156
14|KENYA|79|14|32814.8|0.05|79|20229|20229|1156
20|SAUDI ARABIA|74|20|49544.39|0.1|74|20229|20229|1156
3|CANADA|13|3|44795.85|0.02|13|43714|43714|89
10|IRAN|34|10|10912.99|0.0|34|43714|43714|89
22|RUSSIA|65|22|26956.48|0.03|65|43714|43714|89
18|CHINA|75|18|35273.49|0.07|75|43714|43714|89
18|CHINA|75|18|71426.0|0.1|75|43714|43714|89
7|GERMANY|53|7|40324.46|0.07|53|43714|43714|89
5|ETHIOPIA|63|5|24080.67|0.0|63|43714|43714|89
17|PERU|1|17|45887.88|0.08|1|3394|3394|1189
22|RUSSIA|25|22|19172.44|0.05|25|3394|3394|1189
3|CANADA|13|3|41722.2|0.01|13|3394|3394|1189
8|INDIA|39|8|37594.59|0.07|39|3394|3394|1189
7|GERMANY|53|7|27390.3|0.04|53|3394|3394|1189
5|ETHIOPIA|2|5|21582.96|0.08|2|3394|3394|1189
14|KENYA|48|14|28030.5|0.07|48|19781|19781|919
0|ALGERIA|28|0|13538.64|0.03|28|19781|19781|919
9|INDONESIA|51|9|32088.1|0.05|51|17185|17185|1057
24|UNITED STATES|10|24|5129.4|0.1|10|17185|17185|1057
7|GERMANY|33|7|6494.88|0.04|33|806|806|1046
9|INDONESIA|50|9|1739.83|0.04|50|806|806|1046
4|EGYPT|69|4|25943.94|0.08|69|806|806|1046
23|UNITED KINGDOM|66|23|47050.8|0.02|66|11719|11719|919
1|ARGENTINA|71|1|8053.55|0.1|71|11719|11719|919
21|VIETNAM|26|21|58758.92|0.06|26|11719|11719|919
4|EGYPT|69|4|28590.26|0.01|69|11719|11719|919
24|UNITED STATES|19|24|26686.44|0.05|19|11719|11719|919
8|INDIA|39|8|34833.75|0.03|39|11719|11719|919
21|VIETNAM|26|21|3788.16|0.07|26|2529|2529|1079
22|RUSSIA|25|22|12133.1|0.07|25|26593|26593|1112
5|ETHIOPIA|78|5|7656.4|0.02|78|18530|18530|1178
0|ALGERIA|28|0|49367.5|0.02|28|18530|18530|1178
18|CHINA|27|18|66044.3|0.01|27|18530|18530|1178
19|ROMANIA|62|19|21097.5|0.01|62|29696|29696|1079
24|UNITED STATES|19|24|45168.8|0.09|19|29696|29696|1079
24|UNITED STATES|55|24|76353.12|0.07|55|29795|29795|1145
8|INDIA|61|8|13346.41|0.07|61|29795|29795|1145
1|ARGENTINA|29|1|42856.88|0.08|29|18883|18883|919
7|GERMANY|53|7|87980.64|0.05|53|18883|18883|919
17|PERU|1|17|33696.96|0.01|1|39233|39233|1178
11|IRAQ|5|11|18452.16|0.1|5|39233|39233|1178
8|INDIA|60|8|39382.7|0.01|60|39233|39233|1178
3|CANADA|13|3|24232.78|0.08|13|39233|39233|1178
16|MOZAMBIQUE|31|16|52850.7|0.04|31|39233|39233|1178
16|MOZAMBIQUE|73|16|63767.2|0.01|73|19237|19237|56
22|RUSSIA|40|22|12467.65|0.03|40|19237|19237|56
24|UNITED STATES|55|24|56411.0|0.08|55|19237|19237|56
8|INDIA|61|8|28552.94|0.01|61|19237|19237|56
8|INDIA|15|8|38202.0|0.04|15|19237|19237|56
8|INDIA|39|8|64363.68|0.06|39|19237|19237|56
1|ARGENTINA|71|1|39522.28|0.04|71|11493|11493|1189
9|INDONESIA|23|9|10514.34|0.09|23|11493|11493|1189
20|SAUDI ARABIA|74|20|25406.85|0.05|74|28675|28675|1024
7|GERMANY|44|7|69752.48|0.07|44|13089|13089|1123
8|INDIA|61|8|51215.2|0.06|61|13089|13089|1123
10|IRAN|9|10|40026.56|0.05|9|13089|13089|1123
15|MOROCCO|14|15|82787.5|0.03|14|13089|13089|1123
9|INDONESIA|50|9|47570.25|0.04|50|17600|17600|34
8|INDIA|15|8|26533.31|0.05|15|17600|17600|34
0|ALGERIA|37|0|53561.64|0.09|37|17600|17600|34
14|KENYA|76|14|17920.11|0.09|76|17600|17600|34
14|KENYA|76|14|18400.2|0.04|76|17600|17600|34
22|RUSSIA|42|22|32263.0|0.09|42|17600|17600|34
19|ROMANIA|62|19|26260.56|0.07|62|47520|47520|1057
8|INDIA|60|8|27076.98|0.0|60|47520|47520|1057
11|IRAQ|5|11|20489.84|0.01|5|27203|27203|1057
18|CHINA|11|18|11830.13|0.04|11|27203|27203|1057
8|INDIA|60|8|44940.24|0.03|60|27203|27203|1057
16|MOZAMBIQUE|18|16|75724.54|0.02|18|27203|27203|1057
1|ARGENTINA|29|1|57685.74|0.1|29|27203|27203|1057
19|ROMANIA|17|19|61929.36|0.1|17|27203|27203|1057
8|INDIA|39|8|35246.52|0.06|39|27203|27203|1057
8|INDIA|61|8|44181.88|0.06|61|10340|10340|1189
4|EGYPT|69|4|44892.47|0.0|69|10340|10340|1189
15|MOROCCO|4|15|60694.93|0.01|4|10340|10340|1189
22|RUSSIA|65|22|21766.92|0.09|65|10340|10340|1189
3|CANADA|20|3|17461.19|0.01|20|10340|10340|1189
22|RUSSIA|42|22|31110.75|0.01|42|10340|10340|1189
21|VIETNAM|68|21|60880.68|0.1|68|11781|11781|1189
12|JAPAN|43|12|76015.8|0.07|43|11781|11781|1189
24|UNITED STATES|64|24|43670.36|0.07|64|11781|11781|1189
15|MOROCCO|14|15|5435.73|0.05|14|33253|33253|67
5|ETHIOPIA|78|5|31859.02|0.02|78|33253|33253|67
15|MOROCCO|4|15|27603.24|0.04|4|33253|33253|67
14|KENYA|48|14|64783.8|0.1|48|35431|35431|56
8|INDIA|15|8|52051.81|0.0|15|35431|35431|56
7|GERMANY|33|7|12989.76|0.0|33|32385|32385|1112
6|FRANCE|70|6|71027.46|0.1|70|32385|32385|1112
22|RUSSIA|25|22|6853.49|0.03|25|32385|32385|1112
9|INDONESIA|45|9|12900.58|0.08|45|32385|32385|1112
9|INDONESIA|45|9|52387.33|0.03|45|32385|32385|1112
24|UNITED STATES|10|24|47775.66|0.01|10|32385|32385|1112
7|GERMANY|53|7|52558.77|0.04|53|32385|32385|1112
17|PERU|59|17|5796.36|0.07|59|33287|33287|1156
7|GERMANY|77|7|27148.64|0.0|77|38787|38787|1079
8|INDIA|60|8|64832.88|0.1|60|38787|38787|1079
14|KENYA|48|14|44652.72|0.02|48|38787|38787|1079
16|MOZAMBIQUE|31|16|28210.2|0.09|31|38787|38787|1079
16|MOZAMBIQUE|31|16|34588.62|0.08|31|38787|38787|1079
17|PERU|8|17|36900.93|0.02|8|19648|19648|1189
7|GERMANY|77|7|84839.5|0.1|77|19648|19648|1189
18|CHINA|72|18|13298.13|0.03|72|19648|19648|1189
16|MOZAMBIQUE|58|16|32196.58|0.1|58|19648|19648|1189
22|RUSSIA|65|22|54423.8|0.07|65|19648|19648|1189
18|CHINA|11|18|46004.35|0.08|11|31396|31396|809
22|RUSSIA|25|22|4219.5|0.01|25|31396|31396|809
3|CANADA|13|3|14766.84|0.1|13|31396|31396|809
4|EGYPT|67|4|32975.7|0.01|67|31396|31396|809
24|UNITED STATES|19|24|1036.13|0.09|19|31396|31396|809
19|ROMANIA|62|19|19060.74|0.0|62|14533|14533|34
7|GERMANY|77|7|29624.13|0.07|77|14533|14533|34
21|VIETNAM|68|21|50706.0|0.04|68|14533|14533|34
3|CANADA|13|3|18849.71|0.06|13|14533|14533|34
9|INDONESIA|23|9|6142.52|0.01|23|14533|14533|34
2|BRAZIL|21|2|13534.32|0.02|21|14533|14533|34
9|INDONESIA|51|9|47604.18|0.08|51|24741|24741|919
