22|RUSSIA|65|22|33519.64|0.04|65|22784|22784|277
8|INDIA|39|8|3549.84|0.04|39|22784|22784|277
19|ROMANIA|17|19|32058.03|0.0|17|22784|22784|277
5|ETHIOPIA|63|5|42412.92|0.07|63|22784|22784|277
12|JAPAN|43|12|32459.0|0.03|43|20452|20452|794
24|UNITED STATES|10|24|4596.96|0.05|10|20452|20452|794
6|FRANCE|70|6|57110.55|0.08|70|26755|26755|992
3|CANADA|13|3|69163.79|0.03|13|11300|11300|277
1|ARGENTINA|71|1|41612.48|0.01|71|960|960|277
19|ROMANIA|62|19|6006.5|0.02|62|47105|47105|134
7|GERMANY|33|7|74058.3|0.05|33|47105|47105|134
3|CANADA|13|3|23741.74|0.0|13|47105|47105|134
5|ETHIOPIA|78|5|33460.75|0.01|78|47105|47105|134
24|UNITED STATES|64|24|14603.96|0.09|64|47105|47105|134
19|ROMANIA|17|19|11272.2|0.04|17|25831|25831|376
18|CHINA|11|18|28761.2|0.06|11|37380|37380|464
0|ALGERIA|37|0|58445.01|0.08|37|37380|37380|464
13|JORDAN|36|13|2999.18|0.03|36|37380|37380|464
21|VIETNAM|68|21|46251.76|0.09|68|37380|37380|464
21|VIETNAM|35|21|911.01|0.0|35|37380|37380|464
24|UNITED STATES|64|24|24936.14|0.04|64|37380|37380|464
18|CHINA|41|18|23152.5|0.01|41|37380|37380|464
14|KENYA|76|14|61769.16|0.04|76|2119|2119|497
18|CHINA|11|18|41137.74|0.08|11|15171|15171|365
11|IRAQ|5|11|44527.68|0.02|5|16480|16480|574
16|MOZAMBIQUE|73|16|14435.82|0.01|73|16480|16480|574
21|VIETNAM|68|21|2981.16|0.0|68|16480|16480|574
19|ROMANIA|17|19|64459.09|0.1|17|16480|16480|574
1|ARGENTINA|3|1|48933.58|0.09|3|16480|16480|574
16|MOZAMBIQUE|73|16|17222.87|0.05|73|18691|18691|530
24|UNITED STATES|55|24|24819.12|0.09|55|5924|5924|244
0|ALGERIA|37|0|49529.2|0.06|37|5924|5924|244
9|INDONESIA|45|9|64651.09|0.04|45|5924|5924|244
23|UNITED KINGDOM|7|23|7750.4|0.06|7|5605|5605|277
3|CANADA|13|3|3838.11|0.01|13|5605|5605|277
22|RUSSIA|65|22|60274.35|0.0|65|5605|5605|277
24|UNITED STATES|49|24|35650.28|0.08|49|5605|5605|277
16|MOZAMBIQUE|31|16|79734.5|0.08|31|5605|5605|277
7|GERMANY|53|7|56961.84|0.0|53|5605|5605|277
9|INDONESIA|51|9|2390.58|0.1|51|2723|2723|475
7|GERMANY|44|7|47098.7|0.09|44|2723|2723|475
23|UNITED KINGDOM|66|23|37040.8|0.09|66|2723|2723|475
4|EGYPT|67|4|18607.8|0.01|67|2723|2723|475
5|ETHIOPIA|63|5|11562.5|0.06|63|2723|2723|475
24|UNITED STATES|46|24|33275.52|0.0|46|3206|3206|970
8|INDIA|39|8|66151.56|0.07|39|3206|3206|970
20|SAUDI ARABIA|74|20|1303.4|0.07|74|3206|3206|970
15|MOROCCO|4|15|71355.2|0.05|4|19393|19393|442
8|INDIA|15|8|36864.25|0.04|15|37092|37092|376
2|BRAZIL|21|2|70025.0|0.1|21|37092|37092|376
22|RUSSIA|16|22|48775.22|0.08|16|37092|37092|376
18|CHINA|75|18|73283.28|0.0|75|37092|37092|376
3|CANADA|20|3|17217.46|0.01|20|37092|37092|376
18|CHINA|41|18|6222.78|0.1|41|37092|37092|376
5|ETHIOPIA|78|5|25680.37|0.09|78|5889|5889|167
19|ROMANIA|52|19|47898.66|0.0|52|40709|40709|970
21|VIETNAM|80|21|40633.5|0.07|80|2215|2215|310
9|INDONESIA|45|9|34837.8|0.01|45|2215|2215|310
24|UNITED STATES|19|24|48759.81|0.0|19|2215|2215|310
14|KENYA|76|14|21243.2|0.02|76|2215|2215|310
21|VIETNAM|26|21|41949.66|0.09|26|6208|6208|497
14|KENYA|79|14|1378.47|0.09|79|2886|2886|860
23|UNITED KINGDOM|32|23|52153.86|0.02|32|2886|2886|860
19|ROMANIA|17|19|43287.84|0.03|17|2886|2886|860
17|PERU|8|17|48432.48|0.06|8|8704|8704|442
8|INDIA|61|8|1440.54|0.1|61|8704|8704|442
10|IRAN|34|10|55661.16|0.07|34|8704|8704|442
9|INDONESIA|23|9|24344.1|0.09|23|8704|8704|442
8|INDIA|12|8|41535.56|0.05|12|8704|8704|442
12|JAPAN|54|12|43138.44|0.1|54|8704|8704|442
16|MOZAMBIQUE|30|16|50536.61|0.06|30|8704|8704|442
1|ARGENTINA|71|1|13950.45|0.03|71|5668|5668|871
9|INDONESIA|50|9|26685.75|0.0|50|24512|24512|277
6|FRANCE|70|6|34056.9|0.02|70|24512|24512|277
5|ETHIOPIA|78|5|35892.22|0.05|78|24512|24512|277
23|UNITED KINGDOM|7|23|36719.48|0.02|7|27108|27108|442
22|RUSSIA|40|22|18499.58|0.08|40|27108|27108|442
8|INDIA|61|8|54780.42|0.0|61|27108|27108|442
4|EGYPT|67|4|51615.2|0.02|67|27108|27108|442
12|JAPAN|43|12|38281.32|0.01|43|27108|27108|442
5|ETHIOPIA|63|5|13580.84|0.04|63|27108|27108|442
21|VIETNAM|26|21|36410.96|0.02|26|103|103|233
4|EGYPT|69|4|25949.06|0.01|69|103|103|233
14|KENYA|76|14|8757.3|0.03|76|103|103|233
4|EGYPT|38|4|36263.36|0.01|38|103|103|233
21|VIETNAM|26|21|52850.7|0.04|26|36359|36359|442
21|VIETNAM|26|21|47251.2|0.01|26|36359|36359|442
16|MOZAMBIQUE|56|16|20864.44|0.09|56|38339|38339|893
12|JAPAN|54|12|46052.72|0.06|54|38339|38339|893
4|EGYPT|38|4|46866.54|0.08|38|38339|38339|893
11|IRAQ|5|11|29244.96|0.09|5|961|961|442
7|GERMANY|44|7|41921.6|0.03|44|961|961|442
14|KENYA|47|14|12914.58|0.1|47|961|961|442
17|PERU|57|17|70424.34|0.06|57|961|961|442
17|PERU|57|17|44327.1|0.09|57|961|961|442
19|ROMANIA|52|19|33879.54|0.0|52|961|961|442
4|EGYPT|22|4|44597.85|0.05|22|14502|14502|640
20|SAUDI ARABIA|74|20|36777.26|0.1|74|14502|14502|640
14|KENYA|79|14|63129.69|0.0|79|26976|26976|365
21|VIETNAM|35|21|32384.75|0.05|35|26976|26976|365
1|ARGENTINA|29|1|40262.66|0.0|29|26976|26976|365
24|UNITED STATES|10|24|48470.46|0.03|10|26976|26976|365
24|UNITED STATES|64|24|75454.65|0.03|64|26976|26976|365
7|GERMANY|53|7|20704.97|0.07|53|26976|26976|365
5|ETHIOPIA|2|5|49982.13|0.05|2|26976|26976|365
19|ROMANIA|62|19|40010.88|0.0|62|40550|40550|662
21|VIETNAM|68|21|85005.24|0.04|68|40550|40550|662
9|INDONESIA|23|9|8696.38|0.07|23|40550|40550|662
9|INDONESIA|45|9|54296.75|0.02|45|40550|40550|662
0|ALGERIA|28|0|6156.72|0.01|28|40550|40550|662
5|ETHIOPIA|63|5|49612.5|0.05|63|40550|40550|662
8|INDIA|61|8|47787.12|0.08|61|25799|25799|244
24|UNITED STATES|10|24|43481.9|0.03|10|25799|25799|244
22|RUSSIA|65|22|24015.22|0.02|65|25799|25799|244
16|MOZAMBIQUE|58|16|9502.15|0.02|58|34786|34786|761
16|MOZAMBIQUE|31|16|46298.76|0.09|31|46336|46336|442
18|CHINA|41|18|29823.86|0.04|41|46336|46336|442
17|PERU|1|17|6101.6|0.1|1|23522|23522|145
11|IRAQ|5|11|57813.76|0.02|5|23522|23522|145
0|ALGERIA|37|0|3744.12|0.08|37|23522|23522|145
22|RUSSIA|25|22|31250.06|0.03|25|23522|23522|145
16|MOZAMBIQUE|58|16|50988.6|0.04|58|23522|23522|145
24|UNITED STATES|64|24|42029.12|0.01|64|23522|23522|145
19|ROMANIA|52|19|20122.0|0.1|52|23522|23522|145
24|UNITED STATES|55|24|35097.0|0.0|55|43168|43168|541
8|INDIA|60|8|39517.43|0.01|60|43168|43168|541
21|VIETNAM|26|21|49973.12|0.07|26|43168|43168|541
18|CHINA|27|18|8198.65|0.1|27|43168|43168|541
23|UNITED KINGDOM|32|23|51259.6|0.04|32|43014|43014|244
21|VIETNAM|68|21|53292.6|0.09|68|3302|3302|266
14|KENYA|48|14|55121.34|0.0|48|3269|3269|134
16|MOZAMBIQUE|18|16|48568.26|0.02|18|3269|3269|134
2|BRAZIL|21|2|15072.64|0.01|21|3269|3269|134
12|JAPAN|43|12|47491.2|0.02|43|3269|3269|134
0|ALGERIA|28|0|68911.08|0.09|28|3269|3269|134
20|SAUDI ARABIA|74|20|57633.05|0.07|74|3269|3269|134
17|PERU|1|17|20745.44|0.1|1|20102|20102|497
16|MOZAMBIQUE|73|16|11652.4|0.0|73|20102|20102|497
21|VIETNAM|26|21|8879.35|0.05|26|20102|20102|497
14|KENYA|79|14|17497.59|0.08|79|20102|20102|497
8|INDIA|39|8|68916.1|0.03|39|32576|32576|431
23|UNITED KINGDOM|7|23|22097.27|0.02|7|23941|23941|145
7|GERMANY|77|7|90353.06|0.03|77|23941|23941|145
1|ARGENTINA|71|1|30401.6|0.04|71|23941|23941|145
22|RUSSIA|16|22|5581.05|0.04|16|23941|23941|145
16|MOZAMBIQUE|30|16|9376.01|0.05|30|23941|23941|145
5|ETHIOPIA|2|5|45129.68|0.08|2|23941|23941|145
3|CANADA|13|3|2624.82|0.0|13|28704|28704|673
3|CANADA|13|3|27705.0|0.06|13|577|577|442
14|KENYA|79|14|19691.0|0.08|79|577|577|442
9|INDONESIA|51|9|32096.27|0.05|51|44962|44962|2
0|ALGERIA|24|0|4135.41|0.03|24|44962|44962|2
23|UNITED KINGDOM|7|23|14979.25|0.07|7|13634|13634|695
0|ALGERIA|28|0|23125.2|0.03|28|13634|13634|695
5|ETHIOPIA|2|5|24570.0|0.03|2|26625|26625|266
6|FRANCE|70|6|57727.74|0.09|70|11621|11621|772
14|KENYA|47|14|39277.7|0.01|47|11621|11621|772
8|INDIA|12|8|9990.9|0.02|12|11621|11621|772
12|JAPAN|54|12|67563.91|0.03|54|11621|11621|772
18|CHINA|75|18|7352.08|0.03|75|11621|11621|772
24|UNITED STATES|64|24|12721.92|0.01|64|11621|11621|772
24|UNITED STATES|55|24|67985.82|0.01|55|2311|2311|574
17|PERU|59|17|31874.88|0.01|59|2311|2311|574
13|JORDAN|36|13|18398.16|0.01|36|2311|2311|574
5|ETHIOPIA|78|5|91824.53|0.09|78|2311|2311|574
23|UNITED KINGDOM|32|23|19971.45|0.08|32|2311|2311|574
2|BRAZIL|21|2|1272.37|0.05|21|2311|2311|574
11|IRAQ|5|11|51992.64|0.08|5|4995|4995|310
8|INDIA|60|8|85433.76|0.09|60|4995|4995|310
10|IRAN|9|10|66419.52|0.0|9|4995|4995|310
14|KENYA|47|14|10982.88|0.07|47|4995|4995|310
9|INDONESIA|45|9|25195.28|0.03|45|4995|4995|310
4|EGYPT|67|4|22728.32|0.02|67|4995|4995|310
14|KENYA|6|14|53276.1|0.09|6|2850|2850|794
22|RUSSIA|25|22|5954.32|0.04|25|2850|2850|794
8|INDIA|39|8|85202.67|0.09|39|2850|2850|794
17|PERU|8|17|23897.44|0.06|8|3234|3234|112
16|MOZAMBIQUE|73|16|68968.35|0.01|73|3234|3234|112
0|ALGERIA|28|0|17028.34|0.01|28|3234|3234|112
16|MOZAMBIQUE|31|16|36033.18|0.03|31|3234|3234|112
20|SAUDI ARABIA|74|20|93498.0|0.09|74|3234|3234|112
17|PERU|8|17|68705.14|0.1|8|32928|32928|343
21|VIETNAM|80|21|57300.84|0.02|80|32928|32928|343
21|VIETNAM|68|21|57724.92|0.08|68|32928|32928|343
10|IRAN|34|10|48741.6|0.07|34|32928|32928|343
19|ROMANIA|52|19|53817.05|0.04|52|32928|32928|343
1|ARGENTINA|71|1|21528.12|0.01|71|30816|30816|860
11|IRAQ|5|11|7592.16|0.07|5|2310|2310|244
24|UNITED STATES|10|24|49120.56|0.03|10|2310|2310|244
5|ETHIOPIA|2|5|59007.36|0.08|2|2310|2310|244
7|GERMANY|44|7|36977.1|0.1|44|43876|43876|530
8|INDIA|61|8|71781.24|0.07|61|43876|43876|530
10|IRAN|9|10|33159.62|0.08|9|43876|43876|530
4|EGYPT|69|4|9179.65|0.05|69|43876|43876|530
14|KENYA|47|14|34407.99|0.03|47|43876|43876|530
23|UNITED KINGDOM|32|23|54633.96|0.01|32|43876|43876|530
5|ETHIOPIA|2|5|25815.72|0.04|2|43876|43876|530
18|CHINA|11|18|71329.9|0.06|11|37639|37639|871
9|INDONESIA|45|9|32286.32|0.02|45|37639|37639|871
24|UNITED STATES|55|24|53368.32|0.06|55|30566|30566|178
14|KENYA|48|14|9810.5|0.08|48|30566|30566|178
4|EGYPT|38|4|13093.08|0.01|38|30566|30566|178
1|ARGENTINA|3|1|13192.19|0.03|3|30566|30566|178
4|EGYPT|22|4|19312.54|0.05|22|13956|13956|574
14|KENYA|47|14|46638.16|0.1|47|13956|13956|574
13|JORDAN|36|13|36058.0|0.03|36|13956|13956|574
5|ETHIOPIA|2|5|5325.72|0.08|2|13956|13956|574
9|INDONESIA|51|9|56855.31|0.01|51|14946|14946|464
5|ETHIOPIA|63|5|35797.52|0.0|63|14946|14946|464
0|ALGERIA|37|0|77776.59|0.04|37|6592|6592|178
21|VIETNAM|68|21|84857.28|0.03|68|6592|6592|178
8|INDIA|39|8|25510.03|0.03|39|6592|6592|178
4|EGYPT|38|4|46493.64|0.02|38|6592|6592|178
3|CANADA|20|3|3742.02|0.01|20|6592|6592|178
17|PERU|1|17|5300.8|0.03|1|45669|45669|640
17|PERU|1|17|1880.08|0.08|1|45669|45669|640
17|PERU|1|17|4705.2|0.05|1|45669|45669|640
9|INDONESIA|45|9|37141.52|0.02|45|45669|45669|640
16|MOZAMBIQUE|56|16|20028.85|0.04|56|45669|45669|640
1|ARGENTINA|3|1|67888.52|0.06|3|45669|45669|640
16|MOZAMBIQUE|58|16|50977.65|0.04|58|14947|14947|2
15|MOROCCO|14|15|46084.17|0.08|14|14947|14947|2
4|EGYPT|69|4|58049.56|0.06|69|14947|14947|2
10|IRAN|34|10|16103.5|0.09|34|14947|14947|2
17|PERU|1|17|2440.64|0.05|1|10338|10338|970
24|UNITED STATES|55|24|34957.8|0.06|55|10338|10338|970
4|EGYPT|69|4|37433.04|0.01|69|10338|10338|970
8|INDIA|12|8|3964.36|0.07|12|10338|10338|970
16|MOZAMBIQUE|56|16|10937.52|0.08|56|10338|10338|970
16|MOZAMBIQUE|56|16|3799.98|0.09|56|10338|10338|970
4|EGYPT|22|4|32683.28|0.09|22|43712|43712|332
9|INDONESIA|51|9|59707.39|0.03|51|32965|32965|178
7|GERMANY|77|7|7608.4|0.01|77|32965|32965|178
8|INDIA|61|8|55400.34|0.02|61|32965|32965|178
3|CANADA|13|3|81734.4|0.09|13|32965|32965|178
15|MOROCCO|4|15|25407.2|0.09|4|32965|32965|178
24|UNITED STATES|49|24|41351.47|0.04|49|32965|32965|178
20|SAUDI ARABIA|74|20|35014.08|0.05|74|32965|32965|178
10|IRAN|34|10|33356.75|0.05|34|35748|35748|772
12|JAPAN|54|12|26916.21|0.08|54|35748|35748|772
16|MOZAMBIQUE|31|16|39840.02|0.03|31|35748|35748|772
8|INDIA|12|8|14566.05|0.02|12|11207|11207|970
8|INDIA|39|8|24688.41|0.02|39|11207|11207|970
24|UNITED STATES|49|24|38722.4|0.02|49|11207|11207|970
5|ETHIOPIA|78|5|18579.5|0.03|78|41795|41795|376
10|IRAN|34|10|47116.88|0.06|34|41795|41795|376
16|MOZAMBIQUE|56|16|36718.6|0.03|56|41795|41795|376
3|CANADA|13|3|18599.5|0.03|13|22721|22721|970
1|ARGENTINA|29|1|38474.48|0.09|29|22721|22721|970
11|IRAQ|5|11|23262.08|0.08|5|19619|19619|772
23|UNITED KINGDOM|66|23|36452.43|0.09|66|19619|19619|772
6|FRANCE|70|6|13757.58|0.05|70|19619|19619|772
5|ETHIOPIA|78|5|7092.55|0.01|78|19619|19619|772
22|RUSSIA|16|22|18184.65|0.08|16|19619|19619|772
8|INDIA|61|8|48906.41|0.05|61|15428|15428|541
14|KENYA|48|14|36934.56|0.0|48|15428|15428|541
15|MOROCCO|4|15|52838.24|0.01|4|15428|15428|541
8|INDIA|39|8|45952.17|0.08|39|15428|15428|541
6|FRANCE|70|6|11325.15|0.05|70|11138|11138|145
4|EGYPT|67|4|51855.6|0.06|67|11138|11138|145
24|UNITED STATES|64|24|76977.6|0.07|64|11138|11138|145
7|GERMANY|33|7|21943.15|0.05|33|43489|43489|673
17|PERU|59|17|16704.71|0.01|59|43489|43489|673
14|KENYA|48|14|66037.54|0.0|48|5281|5281|992
14|KENYA|48|14|41030.22|0.01|48|5281|5281|992
8|INDIA|12|8|66966.3|0.05|12|5281|5281|992
1|ARGENTINA|29|1|76449.12|0.03|29|5281|5281|992
5|ETHIOPIA|2|5|20930.0|0.08|2|5281|5281|992
21|VIETNAM|80|21|7832.56|0.06|80|35107|35107|530
1|ARGENTINA|29|1|50109.52|0.06|29|35107|35107|530
4|EGYPT|22|4|30335.34|0.08|22|20257|20257|2
17|PERU|57|17|46947.36|0.1|57|20257|20257|2
16|MOZAMBIQUE|56|16|1071.17|0.03|56|20257|20257|2
18|CHINA|27|18|44272.71|0.1|27|20257|20257|2
16|MOZAMBIQUE|30|16|35426.88|0.05|30|20257|20257|2
24|UNITED STATES|46|24|28992.0|0.05|46|42499|42499|343
24|UNITED STATES|19|24|10921.9|0.08|19|25922|25922|497
7|GERMANY|44|7|64553.09|0.01|44|38528|38528|475
6|FRANCE|70|6|36824.28|0.0|70|38528|38528|475
24|UNITED STATES|46|24|38682.0|0.02|46|38528|38528|475
24|UNITED STATES|19|24|40306.84|0.04|19|38528|38528|475
15|MOROCCO|4|15|34148.66|0.06|4|38528|38528|475
14|KENYA|76|14|32752.65|0.01|76|38528|38528|475
18|CHINA|41|18|28326.72|0.09|41|38528|38528|475
19|ROMANIA|52|19|24326.75|0.01|52|46305|46305|112
14|KENYA|48|14|12477.2|0.09|48|27649|27649|167
22|RUSSIA|25|22|25418.88|0.08|25|27649|27649|167
0|ALGERIA|28|0|1208.3|0.05|28|27649|27649|167
4|EGYPT|67|4|47480.6|0.1|67|24416|24416|2
14|KENYA|76|14|28955.64|0.01|76|24416|24416|2
7|GERMANY|77|7|27077.21|0.04|77|31654|31654|871
1|ARGENTINA|71|1|18628.16|0.07|71|31654|31654|871
17|PERU|59|17|4995.45|0.01|59|31654|31654|871
22|RUSSIA|25|22|16992.72|0.02|25|31654|31654|871
16|MOZAMBIQUE|18|16|53814.09|0.08|18|31654|31654|871
16|MOZAMBIQUE|31|16|1018.11|0.06|31|31654|31654|871
14|KENYA|6|14|34712.0|0.06|6|40454|40454|992
8|INDIA|12|8|53291.94|0.06|12|40454|40454|992
18|CHINA|27|18|14865.8|0.05|27|40454|40454|992
8|INDIA|15|8|32067.2|0.05|15|31973|31973|376
15|MOROCCO|14|15|11573.65|0.04|14|31973|31973|376
22|RUSSIA|25|22|25317.0|0.1|25|31973|31973|376
22|RUSSIA|25|22|6847.44|0.02|25|31973|31973|376
21|VIETNAM|68|21|10146.78|0.01|68|31973|31973|376
15|MOROCCO|4|15|13875.26|0.04|4|31973|31973|376
22|RUSSIA|40|22|4417.71|0.06|40|21732|21732|662
1|ARGENTINA|71|1|25488.6|0.1|71|21732|21732|662
13|JORDAN|36|13|17750.98|0.04|36|21732|21732|662
5|ETHIOPIA|78|5|67611.72|0.06|78|21732|21732|662
19|ROMANIA|17|19|61085.25|0.03|17|21732|21732|662
24|UNITED STATES|64|24|16916.2|0.03|64|21732|21732|662
8|INDIA|15|8|20675.42|0.03|15|36549|36549|178
0|ALGERIA|28|0|45149.28|0.1|28|36549|36549|178
14|KENYA|47|14|45759.0|0.0|47|17926|17926|871
21|VIETNAM|68|21|45364.5|0.05|68|17926|17926|871
18|CHINA|75|18|30374.76|0.1|75|17926|17926|871
21|VIETNAM|80|21|8927.59|0.0|80|39909|39909|376
7|GERMANY|33|7|32733.58|0.0|33|39909|39909|376
21|VIETNAM|35|21|46748.45|0.1|35|39909|39909|376
12|JAPAN|43|12|52166.25|0.09|43|39909|39909|376
16|MOZAMBIQUE|31|16|22640.64|0.09|31|39909|39909|376
18|CHINA|75|18|39132.0|0.07|75|39909|39909|376
21|VIETNAM|35|21|16054.92|0.0|35|43616|43616|277
1|ARGENTINA|3|1|53588.88|0.05|3|43616|43616|277
9|INDONESIA|50|9|18660.16|0.01|50|41735|41735|970
16|MOZAMBIQUE|56|16|31674.44|0.07|56|41735|41735|970
15|MOROCCO|14|15|19604.76|0.05|14|13829|13829|860
12|JAPAN|43|12|30739.28|0.0|43|13829|13829|860
14|KENYA|76|14|74829.5|0.0|76|13829|13829|860
12|JAPAN|54|12|33763.54|0.03|54|6630|6630|640
4|EGYPT|69|4|75048.96|0.04|69|30626|30626|530
4|EGYPT|67|4|49186.82|0.0|67|30626|30626|530
24|UNITED STATES|64|24|31624.06|0.01|64|30626|30626|530
16|MOZAMBIQUE|30|16|57871.91|0.04|30|30626|30626|530
23|UNITED KINGDOM|7|23|3355.54|0.04|7|9666|9666|178
11|IRAQ|5|11|12445.56|0.03|5|9666|9666|178
9|INDONESIA|50|9|61021.66|0.07|50|9666|9666|178
17|PERU|57|17|8713.44|0.09|57|9666|9666|178
8|INDIA|39|8|67231.76|0.03|39|9666|9666|178
24|UNITED STATES|49|24|53400.32|0.0|49|9666|9666|178
19|ROMANIA|62|19|2562.76|0.02|62|6432|6432|244
15|MOROCCO|14|15|34887.25|0.02|14|6432|6432|244
15|MOROCCO|14|15|38312.82|0.02|14|6432|6432|244
13|JORDAN|36|13|41040.4|0.04|36|6432|6432|244
16|MOZAMBIQUE|18|16|2959.14|0.07|18|6432|6432|244
23|UNITED KINGDOM|32|23|37776.69|0.04|32|6432|6432|244
16|MOZAMBIQUE|31|16|23582.0|0.01|31|6432|6432|244
0|ALGERIA|24|0|26122.71|0.07|24|46848|46848|167
4|EGYPT|67|4|51615.2|0.03|67|46848|46848|167
16|MOZAMBIQUE|31|16|12466.16|0.05|31|46848|46848|167
15|MOROCCO|14|15|45734.29|0.04|14|38818|38818|673
4|EGYPT|69|4|12403.4|0.05|69|38818|38818|673
4|EGYPT|67|4|16308.0|0.01|67|38818|38818|673
5|ETHIOPIA|63|5|35553.96|0.1|63|38818|38818|673
7|GERMANY|44|7|18468.0|0.09|44|20965|20965|992
16|MOZAMBIQUE|18|16|39796.38|0.07|18|20965|20965|992
12|JAPAN|54|12|2973.27|0.06|54|20965|20965|992
23|UNITED KINGDOM|7|23|11592.72|0.02|7|24519|24519|761
11|IRAQ|5|11|13901.76|0.03|5|24519|24519|761
11|IRAQ|5|11|49402.2|0.01|5|24519|24519|761
8|INDIA|60|8|57565.92|0.04|60|24519|24519|761
8|INDIA|12|8|33705.54|0.05|12|24519|24519|761
9|INDONESIA|23|9|46426.6|0.02|23|24519|24519|761
18|CHINA|41|18|27409.4|0.03|41|24519|24519|761
19|ROMANIA|17|19|16613.46|0.03|17|26917|26917|112
11|IRAQ|5|11|28458.59|0.06|5|2151|2151|464
22|RUSSIA|25|22|29179.92|0.1|25|2151|2151|464
17|PERU|1|17|75716.08|0.07|1|23617|23617|277
22|RUSSIA|40|22|65601.66|0.01|40|23617|23617|277
9|INDONESIA|50|9|56204.28|0.02|50|23617|23617|277
22|RUSSIA|25|22|28370.94|0.08|25|23617|23617|277
8|INDIA|39|8|34467.57|0.1|39|23617|23617|277
7|GERMANY|77|7|33211.2|0.07|77|19462|19462|277
18|CHINA|72|18|27583.95|0.08|72|19462|19462|277
6|FRANCE|70|6|34361.75|0.09|70|19462|19462|277
13|JORDAN|36|13|16557.5|0.09|36|19462|19462|277
21|VIETNAM|68|21|18091.8|0.01|68|19462|19462|277
6|FRANCE|70|6|32029.56|0.08|70|1988|1988|860
21|VIETNAM|26|21|28302.02|0.08|26|1988|1988|860
18|CHINA|27|18|10651.44|0.06|27|1988|1988|860
7|GERMANY|53|7|14298.12|0.08|53|1988|1988|860
24|UNITED STATES|64|24|52904.16|0.09|64|1988|1988|860
18|CHINA|41|18|39692.12|0.08|41|1988|1988|860
14|KENYA|79|14|22163.94|0.02|79|2208|2208|541
8|INDIA|12|8|61966.5|0.07|12|2208|2208|541
16|MOZAMBIQUE|56|16|61031.78|0.08|56|2208|2208|541
1|ARGENTINA|29|1|65205.6|0.08|29|2208|2208|541
24|UNITED STATES|10|24|42706.8|0.0|10|2208|2208|541
3|CANADA|20|3|48900.89|0.03|20|2208|2208|541
5|ETHIOPIA|63|5|18433.47|0.08|63|2208|2208|541
14|KENYA|48|14|36382.92|0.09|48|27360|27360|475
16|MOZAMBIQUE|18|16|39448.94|0.05|18|27360|27360|475
17|PERU|59|17|60737.93|0.05|59|17350|17350|442
8|INDIA|60|8|28234.36|0.04|60|25061|25061|761
17|PERU|59|17|3864.24|0.1|59|25061|25061|761
17|PERU|59|17|28632.66|0.06|59|25061|25061|761
16|MOZAMBIQUE|56|16|31625.66|0.0|56|25061|25061|761
2|BRAZIL|21|2|22185.52|0.06|21|25061|25061|761
16|MOZAMBIQUE|31|16|1489.58|0.05|31|25061|25061|761
16|MOZAMBIQUE|31|16|38859.34|0.01|31|25061|25061|761
8|INDIA|61|8|79513.28|0.06|61|15074|15074|464
4|EGYPT|69|4|30576.66|0.04|69|15074|15074|464
4|EGYPT|22|4|11541.42|0.0|22|18242|18242|178
16|MOZAMBIQUE|18|16|44656.43|0.05|18|34917|34917|244
8|INDIA|60|8|63081.62|0.1|60|8226|8226|244
4|EGYPT|69|4|30461.34|0.01|69|8226|8226|244
18|CHINA|27|18|50509.72|0.1|27|8226|8226|244
21|VIETNAM|26|21|32050.32|0.09|26|6147|6147|695
5|ETHIOPIA|78|5|63768.6|0.04|78|6147|6147|695
1|ARGENTINA|3|1|49893.2|0.06|3|6147|6147|695
12|JAPAN|43|12|38623.64|0.03|43|30309|30309|442
9|INDONESIA|51|9|1562.66|0.05|51|3750|3750|772
8|INDIA|61|8|35818.22|0.04|61|3750|3750|772
9|INDONESIA|23|9|30712.6|0.09|23|3750|3750|772
14|KENYA|76|14|40534.56|0.04|76|3750|3750|772
22|RUSSIA|16|22|36834.93|0.05|16|3750|3750|772
19|ROMANIA|52|19|84642.3|0.01|52|3750|3750|772
1|ARGENTINA|71|1|60767.68|0.05|71|34918|34918|662
10|IRAN|9|10|29854.24|0.08|9|34918|34918|662
12|JAPAN|54|12|34452.72|0.01|54|34918|34918|662
18|CHINA|41|18|16317.3|0.06|41|34918|34918|662
20|SAUDI ARABIA|74|20|34053.83|0.07|74|34918|34918|662
21|VIETNAM|80|21|9234.7|0.07|80|2276|2276|332
19|ROMANIA|62|19|3764.16|0.1|62|2276|2276|332
10|IRAN|9|10|34272.72|0.07|9|2276|2276|332
17|PERU|59|17|12740.91|0.08|59|2276|2276|332
24|UNITED STATES|46|24|56061.0|0.03|46|2276|2276|332
14|KENYA|76|14|67102.68|0.06|76|2276|2276|332
13|JORDAN|36|13|6930.56|0.02|36|4102|4102|167
12|JAPAN|43|12|28864.0|0.08|43|4102|4102|167
0|ALGERIA|28|0|55985.67|0.08|28|4102|4102|167
18|CHINA|27|18|39550.29|0.02|27|4102|4102|167
22|RUSSIA|16|22|7247.7|0.08|16|4102|4102|167
3|CANADA|20|3|16644.19|0.02|20|4102|4102|167
9|INDONESIA|50|9|60285.68|0.05|50|4773|4773|970
9|INDONESIA|50|9|6961.5|0.07|50|4773|4773|970
17|PERU|59|17|51702.35|0.09|59|4773|4773|970
10|IRAN|34|10|15581.61|0.1|34|4773|4773|970
8|INDIA|12|8|53048.52|0.09|12|4773|4773|970
22|RUSSIA|65|22|21943.8|0.02|65|4773|4773|970
18|CHINA|27|18|24084.22|0.0|27|4773|4773|970
21|VIETNAM|35|21|38262.42|0.05|35|11490|11490|596
23|UNITED KINGDOM|32|23|16447.4|0.02|32|11490|11490|596
14|KENYA|6|14|48514.96|0.05|6|29574|29574|2
8|INDIA|60|8|10961.52|0.01|60|29574|29574|2
23|UNITED KINGDOM|32|23|5490.95|0.07|32|29574|29574|2
3|CANADA|20|3|57239.64|0.03|20|29574|29574|2
8|INDIA|61|8|44807.7|0.1|61|28870|28870|695
14|KENYA|47|14|16442.28|0.06|47|28870|28870|695
16|MOZAMBIQUE|56|16|49453.2|0.09|56|28870|28870|695
15|MOROCCO|4|15|9739.62|0.0|4|28870|28870|695
8|INDIA|39|8|22865.05|0.03|39|28870|28870|695
5|ETHIOPIA|2|5|43785.5|0.07|2|28870|28870|695
9|INDONESIA|51|9|19252.8|0.02|51|3718|3718|244
14|KENYA|76|14|11660.4|0.05|76|3718|3718|244
19|ROMANIA|52|19|42686.4|0.01|52|3718|3718|244
17|PERU|8|17|50795.04|0.04|8|34051|34051|211
7|GERMANY|44|7|49271.04|0.07|44|34051|34051|211
7|GERMANY|44|7|43769.88|0.08|44|34051|34051|211
5|ETHIOPIA|78|5|42745.87|0.02|78|34051|34051|211
9|INDONESIA|45|9|15977.4|0.0|45|34051|34051|211
0|ALGERIA|28|0|6054.44|0.04|28|34051|34051|211
8|INDIA|39|8|47240.1|0.1|39|34051|34051|211
22|RUSSIA|40|22|76586.36|0.09|40|36483|36483|574
15|MOROCCO|14|15|72377.0|0.01|14|36483|36483|574
24|UNITED STATES|49|24|60307.5|0.06|49|36483|36483|574
22|RUSSIA|42|22|34571.51|0.07|42|36483|36483|574
5|ETHIOPIA|63|5|42570.0|0.04|63|36483|36483|574
17|PERU|8|17|51072.12|0.04|8|18564|18564|178
9|INDONESIA|50|9|49168.58|0.07|50|18564|18564|178
18|CHINA|72|18|13714.7|0.01|72|18564|18564|178
7|GERMANY|53|7|54346.11|0.01|53|18564|18564|178
10|IRAN|9|10|17399.59|0.04|9|38375|38375|772
23|UNITED KINGDOM|7|23|6517.21|0.0|7|38276|38276|2
11|IRAQ|5|11|46093.68|0.02|5|38276|38276|2
3|CANADA|13|3|62662.05|0.06|13|38276|38276|2
2|BRAZIL|21|2|49003.54|0.06|21|38276|38276|2
14|KENYA|76|14|12473.4|0.05|76|38276|38276|2
17|PERU|8|17|2548.74|0.02|8|28992|28992|640
21|VIETNAM|80|21|16197.1|0.06|80|28992|28992|640
16|MOZAMBIQUE|73|16|17628.6|0.02|73|28992|28992|640
17|PERU|57|17|30700.3|0.09|57|28992|28992|640
4|EGYPT|38|4|10956.99|0.06|38|28992|28992|640
17|PERU|8|17|7077.55|0.0|8|29510|29510|475
3|CANADA|20|3|5926.32|0.01|20|29510|29510|475
21|VIETNAM|80|21|35841.39|0.07|80|37991|37991|277
22|RUSSIA|40|22|36326.22|0.08|40|37991|37991|277
8|INDIA|12|8|2704.9|0.03|12|37991|37991|277
14|KENYA|79|14|24904.18|0.01|79|32161|32161|200
24|UNITED STATES|55|24|24213.03|0.04|55|16420|16420|475
17|PERU|59|17|10098.11|0.09|59|16420|16420|475
14|KENYA|79|14|49865.76|0.1|79|16420|16420|475
21|VIETNAM|68|21|16902.2|0.06|68|16420|16420|475
20|SAUDI ARABIA|74|20|81960.48|0.09|74|16420|16420|475
21|VIETNAM|80|21|45588.84|0.09|80|262|262|244
23|UNITED KINGDOM|66|23|47966.45|0.05|66|262|262|244
18|CHINA|11|18|55829.67|0.01|11|262|262|244
4|EGYPT|38|4|26979.04|0.01|38|18214|18214|530
1|ARGENTINA|71|1|43680.48|0.04|71|29863|29863|772
6|FRANCE|70|6|74529.0|0.03|70|29863|29863|772
8|INDIA|15|8|12143.81|0.05|15|29863|29863|772
24|UNITED STATES|10|24|3856.24|0.08|10|29863|29863|772
20|SAUDI ARABIA|74|20|26988.48|0.09|74|29863|29863|772
14|KENYA|48|14|63091.68|0.01|48|19105|19105|673
23|UNITED KINGDOM|32|23|15851.22|0.07|32|19105|19105|673
5|ETHIOPIA|63|5|26228.5|0.07|63|19105|19105|673
17|PERU|1|17|925.02|0.04|1|26663|26663|640
4|EGYPT|22|4|44315.12|0.0|22|26663|26663|640
7|GERMANY|77|7|42034.46|0.01|77|26663|26663|640
13|JORDAN|36|13|59103.84|0.08|36|26663|26663|640
16|MOZAMBIQUE|18|16|40503.75|0.1|18|26663|26663|640
24|UNITED STATES|64|24|45198.65|0.01|64|26663|26663|640
0|ALGERIA|24|0|37251.27|0.1|24|13760|13760|772
17|PERU|57|17|14976.06|0.05|57|13760|13760|772
15|MOROCCO|4|15|4279.56|0.0|4|13760|13760|772
7|GERMANY|53|7|13006.28|0.08|53|13760|13760|772
24|UNITED STATES|64|24|23992.22|0.05|64|13760|13760|772
18|CHINA|41|18|4895.19|0.03|41|13760|13760|772
18|CHINA|41|18|38146.89|0.03|41|13760|13760|772
14|KENYA|6|14|15712.8|0.1|6|47079|47079|376
22|RUSSIA|25|22|51085.35|0.1|25|47079|47079|376
22|RUSSIA|25|22|3696.08|0.05|25|47079|47079|376
22|RUSSIA|65|22|42188.51|0.05|65|47079|47079|376
22|RUSSIA|16|22|9946.72|0.03|16|47079|47079|376
18|CHINA|27|18|49074.58|0.03|27|47079|47079|376
5|ETHIOPIA|63|5|42516.09|0.04|63|47079|47079|376
11|IRAQ|5|11|23976.25|0.09|5|16422|16422|200
23|UNITED KINGDOM|66|23|76376.52|0.04|66|16422|16422|200
14|KENYA|76|14|68504.85|0.03|76|16422|16422|200
24|UNITED STATES|10|24|35111.44|0.08|10|16422|16422|200
24|UNITED STATES|49|24|37515.96|0.04|49|16422|16422|200
21|VIETNAM|26|21|3189.48|0.05|26|45154|45154|167
24|UNITED STATES|49|24|51017.94|0.01|49|45154|45154|167
18|CHINA|27|18|12169.32|0.0|27|45154|45154|167
23|UNITED KINGDOM|66|23|34237.2|0.04|66|19557|19557|497
17|PERU|59|17|27370.26|0.09|59|19557|19557|497
22|RUSSIA|25|22|20253.96|0.01|25|19557|19557|497
0|ALGERIA|24|0|53878.05|0.01|24|19557|19557|497
10|IRAN|34|10|51379.93|0.06|34|19557|19557|497
18|CHINA|27|18|41883.6|0.07|27|19557|19557|497
7|GERMANY|53|7|56424.72|0.01|53|19557|19557|497
19|ROMANIA|62|19|36968.0|0.06|62|15300|15300|772
2|BRAZIL|21|2|78419.04|0.03|21|15300|15300|772
8|INDIA|39|8|6962.45|0.02|39|15300|15300|772
7|GERMANY|53|7|37385.6|0.05|53|15300|15300|772
20|SAUDI ARABIA|74|20|40893.25|0.09|74|15300|15300|772
17|PERU|1|17|8144.88|0.06|1|43361|43361|233
7|GERMANY|77|7|1902.1|0.07|77|45671|45671|530
0|ALGERIA|37|0|46484.95|0.08|37|45671|45671|530
16|MOZAMBIQUE|56|16|11500.24|0.01|56|45671|45671|530
12|JAPAN|43|12|1463.56|0.08|43|45671|45671|530
24|UNITED STATES|46|24|17001.53|0.0|46|26531|26531|442
17|PERU|57|17|64219.0|0.01|57|26531|26531|442
24|UNITED STATES|19|24|41954.7|0.01|19|26531|26531|442
22|RUSSIA|65|22|12453.4|0.05|65|26531|26531|442
18|CHINA|75|18|82322.68|0.0|75|26531|26531|442
22|RUSSIA|42|22|32080.02|0.01|42|26531|26531|442
5|ETHIOPIA|2|5|18319.8|0.03|2|26531|26531|442
14|KENYA|6|14|18805.4|0.09|6|16642|16642|497
4|EGYPT|38|4|11606.65|0.1|38|16642|16642|497
16|MOZAMBIQUE|31|16|4750.25|0.07|31|16642|16642|497
5|ETHIOPIA|63|5|14102.88|0.02|63|16642|16642|497
21|VIETNAM|26|21|43521.99|0.06|26|21670|21670|673
21|VIETNAM|35|21|32014.8|0.02|35|21670|21670|673
19|ROMANIA|17|19|51992.64|0.0|17|21670|21670|673
3|CANADA|20|3|48312.06|0.1|20|21670|21670|673
14|KENYA|47|14|16000.05|0.08|47|26851|26851|145
22|RUSSIA|25|22|7415.8|0.03|25|26851|26851|145
18|CHINA|75|18|3549.74|0.0|75|26851|26851|145
7|GERMANY|77|7|27661.7|0.08|77|11264|11264|541
7|GERMANY|44|7|32951.36|0.03|44|11264|11264|541
7|GERMANY|77|7|30712.6|0.0|77|11264|11264|541
21|VIETNAM|68|21|18948.48|0.03|68|11264|11264|541
14|KENYA|79|14|17761.81|0.01|79|11264|11264|541
5|ETHIOPIA|78|5|53449.81|0.0|78|39622|39622|277
21|VIETNAM|68|21|4020.4|0.07|68|43395|43395|464
23|UNITED KINGDOM|66|23|33671.58|0.09|66|47553|47553|761
14|KENYA|48|14|55274.4|0.02|48|47553|47553|761
4|EGYPT|38|4|60565.5|0.09|38|47553|47553|761
24|UNITED STATES|64|24|40419.12|0.07|64|47553|47553|761
17|PERU|8|17|62942.88|0.09|8|29249|29249|112
4|EGYPT|67|4|28961.02|0.05|67|29249|29249|112
14|KENYA|76|14|9200.1|0.09|76|29249|29249|112
4|EGYPT|38|4|4733.01|0.0|38|29249|29249|112
16|MOZAMBIQUE|31|16|18140.0|0.08|31|29249|29249|112
5|ETHIOPIA|63|5|43292.7|0.03|63|29249|29249|112
9|INDONESIA|23|9|58628.78|0.01|23|26983|26983|992
8|INDIA|61|8|1405.5|0.07|61|31362|31362|145
10|IRAN|34|10|39936.87|0.07|34|31362|31362|145
17|PERU|8|17|17757.04|0.0|8|32198|32198|442
7|GERMANY|44|7|54262.72|0.07|44|32198|32198|442
24|UNITED STATES|46|24|41984.7|0.03|46|32198|32198|442
0|ALGERIA|28|0|60785.12|0.06|28|32198|32198|442
23|UNITED KINGDOM|66|23|56761.2|0.05|66|30592|30592|431
15|MOROCCO|14|15|50278.55|0.08|14|30592|30592|431
10|IRAN|34|10|36615.68|0.06|34|30592|30592|431
14|KENYA|76|14|73662.24|0.07|76|30592|30592|431
0|ALGERIA|28|0|43487.2|0.06|28|30592|30592|431
24|UNITED STATES|49|24|4369.65|0.07|49|16710|16710|244
4|EGYPT|67|4|13890.3|0.02|67|46531|46531|992
5|ETHIOPIA|78|5|55378.69|0.04|78|46531|46531|992
4|EGYPT|67|4|60922.68|0.06|67|46531|46531|992
1|ARGENTINA|29|1|4540.0|0.09|29|46531|46531|992
12|JAPAN|54|12|53114.61|0.04|54|46531|46531|992
18|CHINA|27|18|1086.18|0.08|27|46531|46531|992
20|SAUDI ARABIA|74|20|53976.96|0.05|74|46531|46531|992
1|ARGENTINA|29|1|53660.88|0.06|29|36774|36774|398
24|UNITED STATES|10|24|9775.43|0.05|10|36774|36774|398
0|ALGERIA|28|0|72568.44|0.09|28|13730|13730|761
8|INDIA|39|8|37670.07|0.01|39|24103|24103|695
9|INDONESIA|50|9|38220.0|0.09|50|14368|14368|541
4|EGYPT|69|4|6330.9|0.07|69|14368|14368|541
21|VIETNAM|35|21|50748.6|0.01|35|14368|14368|541
18|CHINA|75|18|7512.19|0.01|75|14368|14368|541
24|UNITED STATES|64|24|3733.02|0.04|64|14368|14368|541
23|UNITED KINGDOM|66|23|55443.34|0.08|66|43463|43463|178
1|ARGENTINA|71|1|22347.36|0.06|71|43463|43463|178
8|INDIA|60|8|44134.41|0.09|60|43463|43463|178
0|ALGERIA|37|0|83938.5|0.01|37|43463|43463|178
16|MOZAMBIQUE|58|16|25499.04|0.08|58|43463|43463|178
24|UNITED STATES|46|24|28992.0|0.07|46|43463|43463|178
8|INDIA|12|8|40896.9|0.05|12|43463|43463|178
22|RUSSIA|40|22|4625.0|0.03|40|28613|28613|596
22|RUSSIA|40|22|22106.63|0.08|40|28613|28613|596
8|INDIA|12|8|27940.83|0.07|12|28613|28613|596
7|GERMANY|53|7|57479.18|0.07|53|28613|28613|596
16|MOZAMBIQUE|73|16|60634.8|0.01|73|44288|44288|244
21|VIETNAM|68|21|38921.7|0.05|68|44288|44288|244
8|INDIA|12|8|57613.92|0.08|12|45377|45377|794
19|ROMANIA|17|19|37000.8|0.02|17|45377|45377|794
18|CHINA|75|18|62166.6|0.08|75|45377|45377|794
16|MOZAMBIQUE|30|16|42682.64|0.09|30|45377|45377|794
22|RUSSIA|40|22|3976.36|0.04|40|43232|43232|233
5|ETHIOPIA|2|5|42825.88|0.03|2|43232|43232|233
21|VIETNAM|80|21|1848.04|0.04|80|44101|44101|662
11|IRAQ|5|11|20457.6|0.02|5|44101|44101|662
4|EGYPT|22|4|38611.47|0.01|22|44101|44101|662
8|INDIA|61|8|26735.39|0.02|61|44101|44101|662
17|PERU|59|17|1856.95|0.03|59|44101|44101|662
22|RUSSIA|42|22|18532.0|0.09|42|44101|44101|662
23|UNITED KINGDOM|7|23|47813.46|0.08|7|35169|35169|541
16|MOZAMBIQUE|58|16|32462.1|0.04|58|35169|35169|541
4|EGYPT|38|4|18925.71|0.06|38|35169|35169|541
1|ARGENTINA|3|1|6562.05|0.03|3|35169|35169|541
14|KENYA|47|14|3727.02|0.06|47|14049|14049|761
16|MOZAMBIQUE|58|16|14415.4|0.07|58|14049|14049|761
8|INDIA|12|8|44898.75|0.0|12|14049|14049|761
