21|VIETNAM|80|21|16099.16|0.03|80|38305|38305|59
9|INDONESIA|23|9|42528.98|0.06|23|38305|38305|59
18|CHINA|27|18|53691.54|0.06|27|38305|38305|59
24|UNITED STATES|49|24|10031.0|0.05|49|38305|38305|59
7|GERMANY|33|7|17042.56|0.0|33|46885|46885|59
1|ARGENTINA|71|1|7824.56|0.06|71|46885|46885|59
4|EGYPT|69|4|34729.52|0.09|69|46885|46885|59
21|VIETNAM|68|21|47633.06|0.04|68|46885|46885|59
21|VIETNAM|35|21|33187.84|0.02|35|46885|46885|59
22|RUSSIA|65|22|2738.92|0.06|65|46885|46885|59
18|CHINA|75|18|63572.16|0.04|75|46885|46885|59
23|UNITED KINGDOM|7|23|37414.56|0.05|7|11751|11751|1027
10|IRAN|9|10|30976.64|0.01|9|11751|11751|1027
21|VIETNAM|35|21|6672.15|0.06|35|11751|11751|1027
24|UNITED STATES|64|24|66130.2|0.08|64|11751|11751|1027
21|VIETNAM|26|21|43867.25|0.0|26|3879|3879|1126
16|MOZAMBIQUE|31|16|40815.0|0.1|31|3879|3879|1126
19|ROMANIA|62|19|38407.32|0.09|62|2148|2148|1027
7|GERMANY|44|7|29707.0|0.05|44|12258|12258|1126
16|MOZAMBIQUE|58|16|47014.91|0.07|58|12258|12258|1126
18|CHINA|75|18|60787.35|0.07|75|12258|12258|1126
2|BRAZIL|21|2|81819.48|0.07|21|47811|47811|37
14|KENYA|76|14|4847.13|0.04|76|47811|47811|37
14|KENYA|76|14|30855.99|0.04|76|47811|47811|37
24|UNITED STATES|49|24|43124.24|0.0|49|47811|47811|37
24|UNITED STATES|49|24|68868.66|0.06|49|47811|47811|37
18|CHINA|11|18|24180.78|0.09|11|4005|4005|1115
14|KENYA|47|14|13244.56|0.09|47|4005|4005|1115
3|CANADA|13|3|41203.96|0.03|13|4005|4005|1115
12|JAPAN|54|12|28927.64|0.02|54|4005|4005|1115
22|RUSSIA|40|22|48399.68|0.1|40|20928|20928|1016
9|INDONESIA|51|9|29335.68|0.0|51|20928|20928|1016
7|GERMANY|77|7|24435.0|0.04|77|20928|20928|1016
16|MOZAMBIQUE|31|16|4108.48|0.09|31|20928|20928|1016
0|ALGERIA|24|0|89662.08|0.01|24|30817|30817|1027
23|UNITED KINGDOM|32|23|36819.6|0.05|32|30817|30817|1027
1|ARGENTINA|3|1|27789.6|0.1|3|30817|30817|1027
21|VIETNAM|35|21|52585.76|0.09|35|7623|7623|1027
9|INDONESIA|45|9|13298.13|0.03|45|6336|6336|1049
18|CHINA|41|18|51154.6|0.07|41|6336|6336|1049
8|INDIA|61|8|69373.5|0.07|61|8484|8484|1159
17|PERU|57|17|19281.2|0.05|57|8484|8484|1159
0|ALGERIA|28|0|14224.47|0.1|28|8484|8484|1159
18|CHINA|41|18|11412.4|0.09|41|8484|8484|1159
5|ETHIOPIA|63|5|1122.22|0.06|63|6020|6020|59
22|RUSSIA|25|22|49121.58|0.1|25|40035|40035|26
21|VIETNAM|68|21|24881.25|0.03|68|40035|40035|26
4|EGYPT|67|4|68228.6|0.05|67|40035|40035|26
22|RUSSIA|65|22|13018.86|0.01|65|40035|40035|26
9|INDONESIA|23|9|2356.54|0.04|23|21412|21412|1016
16|MOZAMBIQUE|56|16|2070.26|0.08|56|21412|21412|1016
10|IRAN|34|10|39341.75|0.06|34|21412|21412|1016
22|RUSSIA|16|22|37014.73|0.04|16|21412|21412|1016
16|MOZAMBIQUE|30|16|15733.9|0.03|30|21412|21412|1016
14|KENYA|48|14|59787.36|0.03|48|32897|32897|26
24|UNITED STATES|19|24|37046.33|0.08|19|32897|32897|26
1|ARGENTINA|29|1|48341.46|0.05|29|32897|32897|26
16|MOZAMBIQUE|31|16|20295.04|0.1|31|32897|32897|26
20|SAUDI ARABIA|74|20|46681.3|0.08|74|32897|32897|26
23|UNITED KINGDOM|66|23|12832.04|0.0|66|22689|22689|1159
1|ARGENTINA|71|1|7896.64|0.07|71|22689|22689|1159
22|RUSSIA|25|22|16244.1|0.01|25|22689|22689|1159
3|CANADA|13|3|43840.3|0.03|13|22689|22689|1159
24|UNITED STATES|46|24|15094.38|0.02|46|22689|22689|1159
5|ETHIOPIA|2|5|43006.8|0.05|2|22689|22689|1159
4|EGYPT|22|4|59230.4|0.04|22|29509|29509|1159
24|UNITED STATES|46|24|22679.76|0.02|46|29509|29509|1159
21|VIETNAM|68|21|11924.64|0.01|68|29509|29509|1159
8|INDIA|12|8|11672.6|0.09|12|29509|29509|1159
4|EGYPT|22|4|60393.5|0.05|22|25857|25857|1159
16|MOZAMBIQUE|73|16|34236.48|0.02|73|8774|8774|1159
21|VIETNAM|68|21|17394.48|0.06|68|8774|8774|1159
18|CHINA|27|18|63918.5|0.06|27|8774|8774|1159
4|EGYPT|38|4|43942.81|0.02|38|8774|8774|1159
3|CANADA|20|3|35736.22|0.1|20|8774|8774|1159
19|ROMANIA|52|19|19551.63|0.04|52|8774|8774|1159
5|ETHIOPIA|2|5|22883.08|0.0|2|8774|8774|1159
17|PERU|8|17|65113.46|0.01|8|2053|2053|1126
0|ALGERIA|37|0|34136.0|0.09|37|2053|2053|1126
3|CANADA|20|3|39414.5|0.07|20|2053|2053|1126
18|CHINA|41|18|57937.76|0.06|41|2053|2053|1126
22|RUSSIA|65|22|12233.52|0.0|65|32803|32803|26
19|ROMANIA|17|19|76275.85|0.0|17|32803|32803|26
10|IRAN|9|10|56676.48|0.02|9|5540|5540|1027
24|UNITED STATES|10|24|3419.6|0.06|10|5540|5540|1027
17|PERU|1|17|39312.5|0.05|1|21639|21639|1027
16|MOZAMBIQUE|58|16|33423.27|0.03|58|21639|21639|1027
21|VIETNAM|68|21|13744.7|0.09|68|21639|21639|1027
16|MOZAMBIQUE|56|16|26599.86|0.0|56|21639|21639|1027
24|UNITED STATES|19|24|42595.41|0.04|19|21639|21639|1027
22|RUSSIA|40|22|52795.5|0.01|40|10309|10309|1049
24|UNITED STATES|55|24|15292.44|0.06|55|10309|10309|1049
18|CHINA|75|18|29131.0|0.1|75|10309|10309|1049
18|CHINA|41|18|29956.73|0.01|41|10309|10309|1049
21|VIETNAM|80|21|11090.97|0.04|80|20866|20866|1148
1|ARGENTINA|29|1|59959.35|0.02|29|20866|20866|1148
24|UNITED STATES|64|24|67846.38|0.04|64|20866|20866|1148
22|RUSSIA|42|22|42515.57|0.1|42|20866|20866|1148
5|ETHIOPIA|2|5|20073.24|0.01|2|20866|20866|1148
19|ROMANIA|62|19|6881.56|0.1|62|8135|8135|1016
8|INDIA|60|8|31173.9|0.07|60|8135|8135|1016
21|VIETNAM|35|21|7946.61|0.02|35|8135|8135|1016
19|ROMANIA|17|19|90745.5|0.02|17|8135|8135|1016
18|CHINA|27|18|15493.5|0.04|27|8135|8135|1016
0|ALGERIA|37|0|10161.1|0.06|37|10406|10406|37
22|RUSSIA|25|22|74000.9|0.09|25|10406|10406|37
0|ALGERIA|28|0|64274.06|0.1|28|10406|10406|37
0|ALGERIA|28|0|21827.92|0.01|28|10406|10406|37
1|ARGENTINA|71|1|46239.29|0.05|71|27174|27174|1126
16|MOZAMBIQUE|58|16|16264.27|0.07|58|27174|27174|1126
10|IRAN|34|10|40152.9|0.06|34|27174|27174|1126
24|UNITED STATES|64|24|30271.84|0.03|64|27174|27174|1126
7|GERMANY|77|7|1794.89|0.01|77|17253|17253|37
1|ARGENTINA|71|1|1890.08|0.05|71|17253|17253|37
24|UNITED STATES|19|24|66202.4|0.0|19|17253|17253|37
15|MOROCCO|4|15|39647.86|0.1|4|17253|17253|37
24|UNITED STATES|49|24|31959.25|0.04|49|17253|17253|37
18|CHINA|75|18|13710.15|0.03|75|17253|17253|37
5|ETHIOPIA|63|5|17343.75|0.09|63|17253|17253|37
17|PERU|8|17|34897.8|0.03|8|15394|15394|1027
4|EGYPT|22|4|20902.08|0.02|22|15394|15394|1027
9|INDONESIA|50|9|28682.4|0.08|50|15394|15394|1027
16|MOZAMBIQUE|58|16|17268.75|0.06|58|15394|15394|1027
7|GERMANY|77|7|26741.04|0.04|77|39332|39332|26
22|RUSSIA|25|22|18653.69|0.0|25|39332|39332|26
14|KENYA|79|14|1109.2|0.02|79|39332|39332|26
8|INDIA|39|8|50929.48|0.06|39|39332|39332|26
18|CHINA|27|18|8163.82|0.01|27|39332|39332|26
9|INDONESIA|50|9|32794.86|0.06|50|2916|2916|59
7|GERMANY|33|7|58916.22|0.04|33|29410|29410|1126
4|EGYPT|22|4|18829.91|0.1|22|39553|39553|1027
15|MOROCCO|4|15|87606.12|0.04|4|39553|39553|1027
23|UNITED KINGDOM|66|23|56261.0|0.07|66|39685|39685|1016
22|RUSSIA|25|22|26992.98|0.05|25|39685|39685|1016
13|JORDAN|36|13|40522.03|0.0|36|39685|39685|1016
5|ETHIOPIA|63|5|35797.52|0.0|63|33890|33890|1027
6|FRANCE|70|6|80032.04|0.01|70|14343|14343|1126
12|JAPAN|43|12|22266.53|0.1|43|14343|14343|1126
22|RUSSIA|65|22|55904.26|0.05|65|13441|13441|1027
3|CANADA|20|3|2230.42|0.06|20|13441|13441|1027
8|INDIA|61|8|6695.08|0.1|61|26752|26752|1049
18|CHINA|72|18|61522.12|0.04|72|26752|26752|1049
4|EGYPT|67|4|13053.3|0.0|67|26752|26752|1049
8|INDIA|60|8|4476.84|0.05|60|13156|13156|1027
21|VIETNAM|68|21|30987.0|0.03|68|13156|13156|1027
22|RUSSIA|65|22|35975.04|0.1|65|13156|13156|1027
22|RUSSIA|16|22|29463.98|0.09|16|13156|13156|1027
7|GERMANY|53|7|57854.4|0.08|53|13156|13156|1027
21|VIETNAM|80|21|6722.2|0.04|80|16610|16610|26
24|UNITED STATES|46|24|64328.46|0.0|46|16610|16610|26
3|CANADA|13|3|31984.25|0.1|13|15169|15169|37
14|KENYA|76|14|57543.5|0.05|76|15169|15169|37
22|RUSSIA|40|22|41035.2|0.05|40|39777|39777|1049
19|ROMANIA|62|19|51954.9|0.09|62|39777|39777|1049
8|INDIA|60|8|32184.5|0.05|60|39777|39777|1049
14|KENYA|47|14|52856.8|0.02|47|39777|39777|1049
21|VIETNAM|68|21|62604.36|0.08|68|39777|39777|1049
3|CANADA|13|3|64798.58|0.08|13|39777|39777|1049
21|VIETNAM|80|21|47538.56|0.1|80|47268|47268|1016
9|INDONESIA|50|9|48411.46|0.09|50|47268|47268|1016
0|ALGERIA|37|0|84614.18|0.03|37|47268|47268|1016
14|KENYA|47|14|21078.4|0.07|47|47268|47268|1016
3|CANADA|20|3|52196.81|0.09|20|47268|47268|1016
14|KENYA|79|14|42522.33|0.01|79|43264|43264|37
23|UNITED KINGDOM|32|23|39543.12|0.04|32|43264|43264|37
17|PERU|1|17|8093.75|0.08|1|13795|13795|1126
7|GERMANY|44|7|64654.8|0.06|44|13795|13795|1126
0|ALGERIA|37|0|18649.6|0.01|37|13795|13795|1126
16|MOZAMBIQUE|58|16|6799.16|0.05|58|13795|13795|1126
5|ETHIOPIA|78|5|56263.76|0.06|78|13795|13795|1126
23|UNITED KINGDOM|32|23|59114.0|0.02|32|13795|13795|1126
3|CANADA|20|3|10036.89|0.06|20|13795|13795|1126
23|UNITED KINGDOM|7|23|15402.0|0.0|7|14884|14884|1159
18|CHINA|11|18|26001.72|0.08|11|14884|14884|1159
23|UNITED KINGDOM|66|23|45098.28|0.08|66|14884|14884|1159
13|JORDAN|36|13|44232.3|0.01|36|14884|14884|1159
3|CANADA|13|3|41818.51|0.1|13|14884|14884|1159
5|ETHIOPIA|63|5|39702.6|0.08|63|14884|14884|1159
18|CHINA|41|18|73956.12|0.03|41|14884|14884|1159
11|IRAQ|5|11|33360.75|0.04|5|34663|34663|26
1|ARGENTINA|71|1|58102.0|0.05|71|34663|34663|26
1|ARGENTINA|71|1|6657.15|0.09|71|34663|34663|26
3|CANADA|13|3|24163.92|0.08|13|34663|34663|26
3|CANADA|13|3|9120.1|0.03|13|34663|34663|26
3|CANADA|20|3|22404.2|0.04|20|34663|34663|26
