24|UNITED STATES|55|24|24478.74|0.08|55|33665|33665|181|181|9
24|UNITED STATES|55|24|43727.88|0.01|55|33665|33665|181|181|9
17|PERU|59|17|8794.25|0.04|59|33665|33665|181|181|9
10|IRAN|34|10|46971.52|0.01|34|33665|33665|181|181|9
22|RUSSIA|40|22|19028.02|0.08|40|19264|19264|181|181|9
6|FRANCE|70|6|26044.32|0.04|70|19264|19264|181|181|9
17|PERU|59|17|28590.66|0.04|59|19264|19264|181|181|9
22|RUSSIA|65|22|56519.63|0.04|65|19264|19264|181|181|9
24|UNITED STATES|49|24|14775.52|0.02|49|19264|19264|181|181|9
24|UNITED STATES|64|24|73585.74|0.09|64|19264|19264|181|181|9
9|INDONESIA|51|9|25487.4|0.03|51|27364|27364|181|181|9
21|VIETNAM|35|21|25442.03|0.04|35|27364|27364|181|181|9
5|ETHIOPIA|78|5|33220.38|0.0|78|27364|27364|181|181|9
16|MOZAMBIQUE|56|16|36056.18|0.02|56|27364|27364|181|181|9
23|UNITED KINGDOM|32|23|16025.16|0.1|32|27364|27364|181|181|9
14|KENYA|76|14|62367.0|0.02|76|27364|27364|181|181|9
1|ARGENTINA|3|1|55660.5|0.1|3|27364|27364|181|181|9
4|EGYPT|67|4|40171.2|0.08|67|40390|40390|181|181|9
21|VIETNAM|80|21|49153.65|0.05|80|11462|11462|181|181|9
19|ROMANIA|62|19|7868.35|0.04|62|11462|11462|181|181|9
22|RUSSIA|40|22|11370.24|0.0|40|11462|11462|181|181|9
8|INDIA|60|8|25576.88|0.05|60|11462|11462|181|181|9
1|ARGENTINA|71|1|81441.8|0.04|71|11462|11462|181|181|9
5|ETHIOPIA|63|5|12597.36|0.03|63|11462|11462|181|181|9
18|CHINA|11|18|28761.2|0.06|11|37380|37380|464|464|9
0|ALGERIA|37|0|58445.01|0.08|37|37380|37380|464|464|9
13|JORDAN|36|13|2999.18|0.03|36|37380|37380|464|464|9
21|VIETNAM|68|21|46251.76|0.09|68|37380|37380|464|464|9
21|VIETNAM|35|21|911.01|0.0|35|37380|37380|464|464|9
24|UNITED STATES|64|24|24936.14|0.04|64|37380|37380|464|464|9
18|CHINA|41|18|23152.5|0.01|41|37380|37380|464|464|9
9|INDONESIA|51|9|56855.31|0.01|51|14946|14946|464|464|9
5|ETHIOPIA|63|5|35797.52|0.0|63|14946|14946|464|464|9
11|IRAQ|5|11|28458.59|0.06|5|2151|2151|464|464|9
22|RUSSIA|25|22|29179.92|0.1|25|2151|2151|464|464|9
8|INDIA|61|8|79513.28|0.06|61|15074|15074|464|464|9
4|EGYPT|69|4|30576.66|0.04|69|15074|15074|464|464|9
21|VIETNAM|68|21|4020.4|0.07|68|43395|43395|464|464|9
23|UNITED KINGDOM|7|23|34567.5|0.07|7|34151|34151|341|341|9
17|PERU|1|17|51253.44|0.0|1|34151|34151|341|341|9
24|UNITED STATES|55|24|17748.7|0.03|55|34151|34151|341|341|9
24|UNITED STATES|55|24|53192.52|0.02|55|34151|34151|341|341|9
0|ALGERIA|37|0|36171.41|0.0|37|34151|34151|341|341|9
21|VIETNAM|68|21|17394.48|0.05|68|34151|34151|341|341|9
23|UNITED KINGDOM|32|23|36351.44|0.05|32|34151|34151|341|341|9
18|CHINA|72|18|53855.35|0.06|72|22786|22786|352|352|9
19|ROMANIA|17|19|28506.45|0.0|17|22786|22786|352|352|9
24|UNITED STATES|64|24|20362.2|0.03|64|22786|22786|352|352|9
20|SAUDI ARABIA|74|20|32185.23|0.08|74|22786|22786|352|352|9
5|ETHIOPIA|2|5|23946.52|0.02|2|22786|22786|352|352|9
10|IRAN|34|10|11727.76|0.08|34|41893|41893|352|352|9
22|RUSSIA|42|22|3928.32|0.08|42|41893|41893|352|352|9
20|SAUDI ARABIA|74|20|56075.4|0.03|74|41893|41893|352|352|9
18|CHINA|72|18|41452.48|0.01|72|3554|3554|352|352|9
15|MOROCCO|14|15|58815.73|0.02|14|3554|3554|352|352|9
10|IRAN|34|10|18974.7|0.03|34|3554|3554|352|352|9
12|JAPAN|54|12|44786.49|0.03|54|24327|24327|352|352|9
17|PERU|8|17|43229.19|0.01|8|25282|25282|352|352|9
24|UNITED STATES|55|24|5950.32|0.04|55|25282|25282|352|352|9
10|IRAN|9|10|53256.7|0.02|9|25282|25282|352|352|9
3|CANADA|13|3|69433.92|0.04|13|25282|25282|352|352|9
9|INDONESIA|23|9|62322.72|0.03|23|25282|25282|352|352|9
24|UNITED STATES|19|24|998.09|0.09|19|25282|25282|352|352|9
19|ROMANIA|52|19|23352.8|0.04|52|25282|25282|352|352|9
14|KENYA|6|14|61777.36|0.07|6|19365|19365|352|352|9
15|MOROCCO|4|15|23060.31|0.05|4|19365|19365|352|352|9
12|JAPAN|54|12|43229.19|0.06|54|19365|19365|352|352|9
22|RUSSIA|42|22|30114.5|0.09|42|19365|19365|352|352|9
6|FRANCE|70|6|14946.84|0.06|70|46562|46562|352|352|9
19|ROMANIA|17|19|1320.41|0.05|17|46562|46562|352|352|9
18|CHINA|41|18|45216.82|0.04|41|46562|46562|352|352|9
18|CHINA|72|18|29851.8|0.08|72|14146|14146|473|473|9
21|VIETNAM|26|21|9450.24|0.03|26|14146|14146|473|473|9
16|MOZAMBIQUE|58|16|12852.14|0.01|58|14146|14146|473|473|9
22|RUSSIA|25|22|4084.48|0.02|25|14146|14146|473|473|9
19|ROMANIA|52|19|32034.5|0.08|52|14146|14146|473|473|9
11|IRAQ|5|11|1704.8|0.0|5|34048|34048|892|892|9
23|UNITED KINGDOM|66|23|48227.07|0.02|66|34048|34048|892|892|9
17|PERU|59|17|67704.91|0.01|59|34048|34048|892|892|9
16|MOZAMBIQUE|58|16|35125.44|0.0|58|34048|34048|892|892|9
2|BRAZIL|21|2|80193.28|0.0|21|34048|34048|892|892|9
4|EGYPT|38|4|63594.08|0.04|38|34048|34048|892|892|9
1|ARGENTINA|71|1|19439.28|0.04|71|22885|22885|892|892|9
17|PERU|59|17|12148.88|0.04|59|22885|22885|892|892|9
14|KENYA|79|14|50819.37|0.09|79|22885|22885|892|892|9
18|CHINA|75|18|33950.89|0.02|75|22885|22885|892|892|9
24|UNITED STATES|55|24|47775.66|0.01|55|9792|9792|892|892|9
7|GERMANY|77|7|42244.5|0.03|77|9792|9792|892|892|9
14|KENYA|79|14|20149.6|0.07|79|9792|9792|892|892|9
24|UNITED STATES|49|24|33124.96|0.06|49|9792|9792|892|892|9
16|MOZAMBIQUE|30|16|7311.68|0.06|30|9792|9792|892|892|9
22|RUSSIA|25|22|19145.55|0.09|25|21281|21281|892|892|9
4|EGYPT|67|4|15108.17|0.1|67|21281|21281|892|892|9
16|MOZAMBIQUE|18|16|54283.5|0.01|18|21281|21281|892|892|9
18|CHINA|41|18|17308.3|0.01|41|21281|21281|892|892|9
1|ARGENTINA|71|1|78924.79|0.0|71|29666|29666|892|892|9
14|KENYA|47|14|59392.56|0.0|47|29666|29666|892|892|9
16|MOZAMBIQUE|56|16|47284.92|0.09|56|29666|29666|892|892|9
19|ROMANIA|17|19|54738.75|0.04|17|29666|29666|892|892|9
11|IRAQ|5|11|12854.04|0.08|5|42371|42371|892|892|9
11|IRAQ|5|11|10164.22|0.0|5|34981|34981|892|892|9
7|GERMANY|33|7|62934.62|0.08|33|34981|34981|892|892|9
8|INDIA|60|8|39946.88|0.1|60|34981|34981|892|892|9
14|KENYA|48|14|29535.04|0.06|48|34981|34981|892|892|9
17|PERU|57|17|2456.64|0.05|57|34981|34981|892|892|9
21|VIETNAM|68|21|83682.2|0.0|68|34981|34981|892|892|9
16|MOZAMBIQUE|18|16|31237.93|0.06|18|34981|34981|892|892|9
17|PERU|8|17|30163.77|0.01|8|20385|20385|892|892|9
18|CHINA|72|18|39006.16|0.03|72|20385|20385|892|892|9
16|MOZAMBIQUE|31|16|32935.56|0.01|31|20385|20385|892|892|9
16|MOZAMBIQUE|30|16|52020.32|0.08|30|20385|20385|892|892|9
20|SAUDI ARABIA|74|20|66742.2|0.02|74|20385|20385|892|892|9
1|ARGENTINA|3|1|50225.65|0.07|3|20385|20385|892|892|9
23|UNITED KINGDOM|7|23|5901.4|0.01|7|4257|4257|130|130|9
16|MOZAMBIQUE|58|16|30294.33|0.03|58|4257|4257|130|130|9
21|VIETNAM|35|21|4249.53|0.1|35|4257|4257|130|130|9
17|PERU|1|17|17988.9|0.04|1|21667|21667|130|130|9
15|MOROCCO|14|15|19108.64|0.05|14|21667|21667|130|130|9
3|CANADA|13|3|31731.48|0.0|13|21667|21667|130|130|9
17|PERU|57|17|32109.5|0.02|57|21667|21667|130|130|9
14|KENYA|79|14|28759.32|0.05|79|21667|21667|130|130|9
14|KENYA|76|14|23593.92|0.1|76|21667|21667|130|130|9
24|UNITED STATES|64|24|70225.0|0.02|64|21667|21667|130|130|9
19|ROMANIA|52|19|61445.56|0.02|52|18695|18695|130|130|9
16|MOZAMBIQUE|73|16|40423.2|0.07|73|18663|18663|130|130|9
19|ROMANIA|62|19|60866.93|0.0|62|18663|18663|130|130|9
6|FRANCE|70|6|34886.16|0.07|70|18663|18663|130|130|9
17|PERU|59|17|33275.52|0.04|59|18663|18663|130|130|9
24|UNITED STATES|19|24|12181.32|0.05|19|18663|18663|130|130|9
22|RUSSIA|65|22|5942.32|0.1|65|18663|18663|130|130|9
5|ETHIOPIA|2|5|29381.75|0.01|2|18663|18663|130|130|9
7|GERMANY|53|7|43202.25|0.01|53|19973|19973|130|130|9
23|UNITED KINGDOM|7|23|21693.76|0.1|7|35650|35650|130|130|9
4|EGYPT|22|4|40219.56|0.06|22|35650|35650|130|130|9
1|ARGENTINA|71|1|40250.09|0.07|71|35650|35650|130|130|9
0|ALGERIA|37|0|19130.44|0.09|37|35650|35650|130|130|9
2|BRAZIL|21|2|41243.02|0.06|21|35650|35650|130|130|9
8|INDIA|39|8|2598.78|0.06|39|35650|35650|130|130|9
20|SAUDI ARABIA|74|20|6625.2|0.07|74|35650|35650|130|130|9
20|SAUDI ARABIA|74|20|32378.84|0.04|74|19271|19271|593|593|9
23|UNITED KINGDOM|7|23|24400.8|0.08|7|2181|2181|593|593|9
22|RUSSIA|40|22|73770.2|0.0|40|2181|2181|593|593|9
10|IRAN|9|10|37476.04|0.04|9|2181|2181|593|593|9
14|KENYA|48|14|15009.84|0.06|48|2181|2181|593|593|9
24|UNITED STATES|64|24|5297.68|0.05|64|2181|2181|593|593|9
16|MOZAMBIQUE|73|16|31723.02|0.01|73|20931|20931|593|593|9
23|UNITED KINGDOM|66|23|23244.6|0.0|66|20931|20931|593|593|9
8|INDIA|60|8|959.05|0.03|60|20931|20931|593|593|9
24|UNITED STATES|46|24|54970.08|0.02|46|20931|20931|593|593|9
24|UNITED STATES|19|24|23911.56|0.02|19|20931|20931|593|593|9
22|RUSSIA|16|22|13154.1|0.08|16|20931|20931|593|593|9
21|VIETNAM|68|21|23829.96|0.06|68|32545|32545|593|593|9
6|FRANCE|70|6|83511.84|0.09|70|34434|34434|241|241|9
14|KENYA|48|14|9988.0|0.1|48|34434|34434|241|241|9
13|JORDAN|36|13|16737.82|0.0|36|34434|34434|241|241|9
3|CANADA|13|3|62995.68|0.06|13|34434|34434|241|241|9
14|KENYA|79|14|35813.25|0.03|79|34434|34434|241|241|9
24|UNITED STATES|10|24|18944.71|0.01|10|34434|34434|241|241|9
24|UNITED STATES|10|24|7890.54|0.06|10|34434|34434|241|241|9
21|VIETNAM|35|21|1754.85|0.02|35|37415|37415|241|241|9
17|PERU|8|17|48103.0|0.01|8|20673|20673|241|241|9
23|UNITED KINGDOM|7|23|48138.87|0.01|7|20673|20673|241|241|9
9|INDONESIA|50|9|31450.16|0.1|50|20673|20673|241|241|9
14|KENYA|48|14|58155.07|0.07|48|20673|20673|241|241|9
13|JORDAN|36|13|6506.88|0.02|36|20673|20673|241|241|9
4|EGYPT|38|4|46034.4|0.05|38|20673|20673|241|241|9
6|FRANCE|70|6|42879.87|0.02|70|37316|37316|241|241|9
12|JAPAN|43|12|39838.05|0.04|43|37316|37316|241|241|9
18|CHINA|11|18|50626.99|0.0|11|41764|41764|241|241|9
21|VIETNAM|68|21|6852.3|0.09|68|41764|41764|241|241|9
4|EGYPT|67|4|45818.21|0.06|67|41764|41764|241|241|9
2|BRAZIL|21|2|13996.07|0.1|21|41764|41764|241|241|9
24|UNITED STATES|49|24|16313.64|0.01|49|41764|41764|241|241|9
17|PERU|8|17|40440.21|0.1|8|20967|20967|241|241|9
23|UNITED KINGDOM|7|23|1812.0|0.01|7|20967|20967|241|241|9
3|CANADA|13|3|56189.1|0.01|13|20967|20967|241|241|9
0|ALGERIA|24|0|83371.89|0.1|24|20967|20967|241|241|9
4|EGYPT|67|4|37029.69|0.03|67|20967|20967|241|241|9
15|MOROCCO|4|15|87980.64|0.02|4|20967|20967|241|241|9
22|RUSSIA|42|22|3001.2|0.06|42|20967|20967|241|241|9
9|INDONESIA|51|9|52476.49|0.1|51|27238|27238|241|241|9
14|KENYA|79|14|18589.5|0.05|79|27238|27238|241|241|9
5|ETHIOPIA|78|5|48022.07|0.1|78|27238|27238|241|241|9
18|CHINA|75|18|67944.48|0.07|75|27238|27238|241|241|9
23|UNITED KINGDOM|66|23|21298.46|0.05|66|2018|2018|142|142|9
21|VIETNAM|35|21|2911.1|0.02|35|2018|2018|142|142|9
4|EGYPT|69|4|36862.12|0.03|69|4834|4834|142|142|9
13|JORDAN|36|13|38182.56|0.01|36|4834|4834|142|142|9
8|INDIA|15|8|19622.25|0.02|15|39527|39527|142|142|9
9|INDONESIA|45|9|9955.0|0.1|45|39527|39527|142|142|9
24|UNITED STATES|64|24|49642.5|0.01|64|39527|39527|142|142|9
16|MOZAMBIQUE|31|16|8777.52|0.03|31|39527|39527|142|142|9
22|RUSSIA|42|22|30105.77|0.02|42|39527|39527|142|142|9
14|KENYA|6|14|15548.61|0.08|6|7393|7393|142|142|9
11|IRAQ|5|11|68520.96|0.05|5|7393|7393|142|142|9
22|RUSSIA|40|22|5890.28|0.03|40|7393|7393|142|142|9
4|EGYPT|69|4|59107.3|0.06|69|7393|7393|142|142|9
21|VIETNAM|35|21|36888.94|0.0|35|7393|7393|142|142|9
4|EGYPT|69|4|60454.8|0.02|69|41025|41025|142|142|9
9|INDONESIA|45|9|28490.4|0.04|45|41025|41025|142|142|9
18|CHINA|41|18|8850.52|0.05|41|41025|41025|142|142|9
16|MOZAMBIQUE|73|16|14009.85|0.04|73|19458|19458|142|142|9
0|ALGERIA|24|0|52751.44|0.0|24|19458|19458|142|142|9
9|INDONESIA|45|9|43446.54|0.03|45|19458|19458|142|142|9
4|EGYPT|67|4|33780.0|0.06|67|19458|19458|142|142|9
16|MOZAMBIQUE|18|16|14250.47|0.03|18|19458|19458|142|142|9
24|UNITED STATES|10|24|26601.12|0.09|10|19458|19458|142|142|9
11|IRAQ|5|11|3249.44|0.06|5|12546|12546|173|173|9
19|ROMANIA|62|19|6947.4|0.06|62|12546|12546|173|173|9
8|INDIA|61|8|45436.16|0.01|61|12546|12546|173|173|9
21|VIETNAM|35|21|7451.84|0.0|35|12546|12546|173|173|9
16|MOZAMBIQUE|31|16|43270.75|0.06|31|12546|12546|173|173|9
24|UNITED STATES|19|24|34542.99|0.08|19|4583|4583|173|173|9
23|UNITED KINGDOM|32|23|51062.08|0.04|32|4583|4583|173|173|9
0|ALGERIA|28|0|49408.92|0.09|28|4583|4583|173|173|9
17|PERU|59|17|31405.58|0.03|59|33539|33539|173|173|9
24|UNITED STATES|19|24|41919.78|0.09|19|33539|33539|173|173|9
17|PERU|1|17|75765.54|0.06|1|40870|40870|67|67|9
9|INDONESIA|50|9|37064.5|0.02|50|40870|40870|67|67|9
17|PERU|59|17|6745.32|0.05|59|40870|40870|67|67|9
14|KENYA|79|14|55390.68|0.03|79|40870|40870|67|67|9
12|JAPAN|54|12|20662.6|0.0|54|40870|40870|67|67|9
15|MOROCCO|14|15|5435.73|0.05|14|33253|33253|67|67|9
5|ETHIOPIA|78|5|31859.02|0.02|78|33253|33253|67|67|9
15|MOROCCO|4|15|27603.24|0.04|4|33253|33253|67|67|9
24|UNITED STATES|19|24|18229.65|0.04|19|43268|43268|919|919|9
8|INDIA|60|8|40933.8|0.07|60|34919|34919|919|919|9
8|INDIA|12|8|60972.66|0.09|12|34919|34919|919|919|9
2|BRAZIL|21|2|18245.5|0.01|21|34919|34919|919|919|9
17|PERU|8|17|44559.1|0.01|8|9542|9542|919|919|9
24|UNITED STATES|10|24|66462.52|0.04|10|9542|9542|919|919|9
14|KENYA|48|14|28030.5|0.07|48|19781|19781|919|919|9
0|ALGERIA|28|0|13538.64|0.03|28|19781|19781|919|919|9
23|UNITED KINGDOM|66|23|47050.8|0.02|66|11719|11719|919|919|9
1|ARGENTINA|71|1|8053.55|0.1|71|11719|11719|919|919|9
21|VIETNAM|26|21|58758.92|0.06|26|11719|11719|919|919|9
4|EGYPT|69|4|28590.26|0.01|69|11719|11719|919|919|9
24|UNITED STATES|19|24|26686.44|0.05|19|11719|11719|919|919|9
8|INDIA|39|8|34833.75|0.03|39|11719|11719|919|919|9
1|ARGENTINA|29|1|42856.88|0.08|29|18883|18883|919|919|9
7|GERMANY|53|7|87980.64|0.05|53|18883|18883|919|919|9
9|INDONESIA|51|9|47604.18|0.08|51|24741|24741|919|919|9
5|ETHIOPIA|78|5|7656.4|0.02|78|18530|18530|1178|1178|9
0|ALGERIA|28|0|49367.5|0.02|28|18530|18530|1178|1178|9
18|CHINA|27|18|66044.3|0.01|27|18530|18530|1178|1178|9
17|PERU|1|17|33696.96|0.01|1|39233|39233|1178|1178|9
11|IRAQ|5|11|18452.16|0.1|5|39233|39233|1178|1178|9
8|INDIA|60|8|39382.7|0.01|60|39233|39233|1178|1178|9
3|CANADA|13|3|24232.78|0.08|13|39233|39233|1178|1178|9
16|MOZAMBIQUE|31|16|52850.7|0.04|31|39233|39233|1178|1178|9
1|ARGENTINA|71|1|65817.09|0.08|71|29095|29095|1007|1007|9
4|EGYPT|67|4|72636.4|0.0|67|29095|29095|1007|1007|9
22|RUSSIA|65|22|60990.78|0.07|65|29095|29095|1007|1007|9
24|UNITED STATES|49|24|32855.96|0.02|49|29095|29095|1007|1007|9
19|ROMANIA|52|19|49977.18|0.04|52|29095|29095|1007|1007|9
9|INDONESIA|50|9|47114.69|0.07|50|32454|32454|1007|1007|9
3|CANADA|20|3|40585.21|0.06|20|32454|32454|1007|1007|9
24|UNITED STATES|64|24|15112.2|0.1|64|32454|32454|1007|1007|9
14|KENYA|47|14|42285.44|0.1|47|26183|26183|1007|1007|9
9|INDONESIA|45|9|13298.13|0.03|45|6336|6336|1049|1049|9
18|CHINA|41|18|51154.6|0.07|41|6336|6336|1049|1049|9
22|RUSSIA|40|22|52795.5|0.01|40|10309|10309|1049|1049|9
24|UNITED STATES|55|24|15292.44|0.06|55|10309|10309|1049|1049|9
18|CHINA|75|18|29131.0|0.1|75|10309|10309|1049|1049|9
18|CHINA|41|18|29956.73|0.01|41|10309|10309|1049|1049|9
8|INDIA|61|8|6695.08|0.1|61|26752|26752|1049|1049|9
18|CHINA|72|18|61522.12|0.04|72|26752|26752|1049|1049|9
4|EGYPT|67|4|13053.3|0.0|67|26752|26752|1049|1049|9
22|RUSSIA|40|22|41035.2|0.05|40|39777|39777|1049|1049|9
19|ROMANIA|62|19|51954.9|0.09|62|39777|39777|1049|1049|9
8|INDIA|60|8|32184.5|0.05|60|39777|39777|1049|1049|9
14|KENYA|47|14|52856.8|0.02|47|39777|39777|1049|1049|9
21|VIETNAM|68|21|62604.36|0.08|68|39777|39777|1049|1049|9
3|CANADA|13|3|64798.58|0.08|13|39777|39777|1049|1049|9
9|INDONESIA|51|9|51378.99|0.06|51|10695|10695|1165|1165|9
22|RUSSIA|40|22|13514.4|0.05|40|10695|10695|1165|1165|9
8|INDIA|12|8|5786.25|0.02|12|10695|10695|1165|1165|9
22|RUSSIA|16|22|7643.1|0.09|16|10695|10695|1165|1165|9
19|ROMANIA|62|19|24632.28|0.02|62|21893|21893|1165|1165|9
24|UNITED STATES|55|24|41143.5|0.04|55|21893|21893|1165|1165|9
17|PERU|57|17|1043.14|0.06|57|21893|21893|1165|1165|9
16|MOZAMBIQUE|18|16|8613.45|0.05|18|21893|21893|1165|1165|9
5|ETHIOPIA|2|5|26709.58|0.08|2|21893|21893|1165|1165|9
1|ARGENTINA|71|1|11628.65|0.1|71|4327|4327|1165|1165|9
14|KENYA|79|14|69953.6|0.07|79|4327|4327|1165|1165|9
21|VIETNAM|35|21|11102.0|0.0|35|4327|4327|1165|1165|9
24|UNITED STATES|46|24|8489.28|0.04|46|4327|4327|1165|1165|9
16|MOZAMBIQUE|18|16|29875.5|0.08|18|4327|4327|1165|1165|9
20|SAUDI ARABIA|74|20|55165.89|0.01|74|4327|4327|1165|1165|9
3|CANADA|13|3|53606.78|0.07|13|47106|47106|1165|1165|9
21|VIETNAM|35|21|49865.76|0.03|35|47106|47106|1165|1165|9
21|VIETNAM|68|21|24128.52|0.08|68|47106|47106|1165|1165|9
8|INDIA|12|8|43407.2|0.05|12|47106|47106|1165|1165|9
22|RUSSIA|40|22|18199.1|0.09|40|8449|8449|1165|1165|9
16|MOZAMBIQUE|56|16|19956.45|0.07|56|8449|8449|1165|1165|9
17|PERU|1|17|11054.88|0.0|1|7142|7142|1165|1165|9
23|UNITED KINGDOM|66|23|87980.64|0.05|66|7142|7142|1165|1165|9
23|UNITED KINGDOM|32|23|28254.48|0.07|32|7142|7142|1165|1165|9
5|ETHIOPIA|63|5|58585.78|0.05|63|7142|7142|1165|1165|9
14|KENYA|48|14|41715.9|0.07|48|28739|28739|1165|1165|9
14|KENYA|47|14|74903.72|0.03|47|28739|28739|1165|1165|9
24|UNITED STATES|46|24|53075.82|0.0|46|28739|28739|1165|1165|9
0|ALGERIA|37|0|63559.76|0.04|37|16481|16481|1165|1165|9
2|BRAZIL|21|2|5880.48|0.09|21|16481|16481|1165|1165|9
8|INDIA|15|8|18541.88|0.0|15|34112|34112|1165|1165|9
22|RUSSIA|25|22|31668.44|0.01|25|34112|34112|1165|1165|9
22|RUSSIA|65|22|38699.82|0.03|65|34112|34112|1165|1165|9
16|MOZAMBIQUE|31|16|54826.8|0.09|31|34112|34112|1165|1165|9
1|ARGENTINA|71|1|23240.8|0.09|71|40263|40263|406|406|9
17|PERU|59|17|17765.57|0.08|59|40263|40263|406|406|9
22|RUSSIA|65|22|51925.77|0.04|65|40263|40263|406|406|9
24|UNITED STATES|10|24|65670.5|0.09|10|40263|40263|406|406|9
23|UNITED KINGDOM|32|23|50955.5|0.05|32|40263|40263|406|406|9
18|CHINA|72|18|70738.8|0.03|72|17317|17317|406|406|9
0|ALGERIA|24|0|49074.58|0.02|24|17317|17317|406|406|9
16|MOZAMBIQUE|73|16|53642.05|0.01|73|46501|46501|406|406|9
4|EGYPT|69|4|5966.36|0.01|69|46501|46501|406|406|9
9|INDONESIA|23|9|59001.45|0.0|23|46501|46501|406|406|9
16|MOZAMBIQUE|30|16|52471.16|0.08|30|46501|46501|406|406|9
17|PERU|1|17|23519.16|0.03|1|610|610|406|406|9
19|ROMANIA|62|19|47890.44|0.09|62|610|610|406|406|9
18|CHINA|72|18|38245.77|0.06|72|610|610|406|406|9
6|FRANCE|70|6|87606.12|0.1|70|610|610|406|406|9
14|KENYA|47|14|41619.24|0.08|47|610|610|406|406|9
22|RUSSIA|65|22|8278.75|0.0|65|610|610|406|406|9
5|ETHIOPIA|63|5|15889.94|0.07|63|610|610|406|406|9
12|JAPAN|54|12|4769.04|0.09|54|26438|26438|406|406|9
1|ARGENTINA|71|1|50795.04|0.04|71|10368|10368|406|406|9
1|ARGENTINA|71|1|14908.08|0.06|71|12326|12326|406|406|9
13|JORDAN|36|13|65429.66|0.02|36|12326|12326|406|406|9
16|MOZAMBIQUE|56|16|33821.54|0.05|56|12326|12326|406|406|9
24|UNITED STATES|64|24|44537.4|0.09|64|12326|12326|406|406|9
7|GERMANY|33|7|9955.8|0.1|33|37122|37122|406|406|9
8|INDIA|12|8|14775.96|0.03|12|37122|37122|406|406|9
3|CANADA|13|3|20949.61|0.05|13|13891|13891|406|406|9
21|VIETNAM|68|21|5235.7|0.03|68|13891|13891|406|406|9
8|INDIA|12|8|10041.71|0.01|12|13891|13891|406|406|9
24|UNITED STATES|10|24|43996.25|0.08|10|13891|13891|406|406|9
17|PERU|8|17|41203.96|0.04|8|44231|44231|406|406|9
6|FRANCE|70|6|54618.96|0.03|70|44231|44231|406|406|9
13|JORDAN|36|13|15226.65|0.08|36|44231|44231|406|406|9
21|VIETNAM|80|21|9442.16|0.01|80|24035|24035|406|406|9
13|JORDAN|36|13|22776.48|0.04|36|24035|24035|406|406|9
0|ALGERIA|24|0|51808.38|0.07|24|24035|24035|406|406|9
17|PERU|57|17|34035.12|0.04|57|24035|24035|406|406|9
4|EGYPT|38|4|14175.1|0.09|38|24035|24035|406|406|9
21|VIETNAM|80|21|44112.48|0.07|80|10244|10244|239|239|9
0|ALGERIA|24|0|37336.04|0.01|24|10244|10244|239|239|9
15|MOROCCO|4|15|37839.9|0.05|4|10244|10244|239|239|9
15|MOROCCO|4|15|17917.76|0.1|4|10244|10244|239|239|9
4|EGYPT|69|4|51350.4|0.03|69|19040|19040|239|239|9
24|UNITED STATES|46|24|87644.16|0.07|46|19040|19040|239|239|9
21|VIETNAM|68|21|2790.98|0.02|68|19040|19040|239|239|9
17|PERU|57|17|37166.66|0.1|57|19040|19040|239|239|9
0|ALGERIA|24|0|21512.82|0.0|24|19040|19040|239|239|9
4|EGYPT|67|4|2632.82|0.09|67|19040|19040|239|239|9
14|KENYA|76|14|32074.32|0.02|76|19040|19040|239|239|9
17|PERU|8|17|41049.79|0.0|8|43011|43011|239|239|9
18|CHINA|11|18|30940.79|0.09|11|43011|43011|239|239|9
6|FRANCE|70|6|12726.0|0.1|70|43011|43011|239|239|9
0|ALGERIA|24|0|45163.3|0.02|24|43011|43011|239|239|9
16|MOZAMBIQUE|56|16|18687.89|0.02|56|43011|43011|239|239|9
2|BRAZIL|21|2|17555.85|0.03|21|43011|43011|239|239|9
0|ALGERIA|28|0|40976.28|0.07|28|43011|43011|239|239|9
17|PERU|8|17|6398.76|0.09|8|15622|15622|239|239|9
8|INDIA|60|8|35130.13|0.08|60|15622|15622|239|239|9
6|FRANCE|70|6|11612.4|0.08|70|15622|15622|239|239|9
16|MOZAMBIQUE|18|16|40072.23|0.09|18|15622|15622|239|239|9
24|UNITED STATES|10|24|21831.36|0.04|10|15622|15622|239|239|9
19|ROMANIA|17|19|69978.8|0.05|17|15622|15622|239|239|9
20|SAUDI ARABIA|74|20|42661.8|0.01|74|15622|15622|239|239|9
9|INDONESIA|51|9|19111.74|0.04|51|1445|1445|910|910|9
6|FRANCE|70|6|23449.68|0.1|70|1445|1445|910|910|9
16|MOZAMBIQUE|58|16|48294.87|0.03|58|1445|1445|910|910|9
17|PERU|57|17|68953.44|0.1|57|1445|1445|910|910|9
14|KENYA|76|14|40698.96|0.01|76|1445|1445|910|910|9
24|UNITED STATES|49|24|10013.64|0.1|49|1445|1445|910|910|9
8|INDIA|60|8|47076.91|0.1|60|37767|37767|910|910|9
21|VIETNAM|26|21|6852.3|0.05|26|37767|37767|910|910|9
0|ALGERIA|24|0|17555.04|0.0|24|37767|37767|910|910|9
4|EGYPT|38|4|26939.38|0.05|38|37767|37767|910|910|9
24|UNITED STATES|55|24|27917.44|0.08|55|40385|40385|910|910|9
1|ARGENTINA|71|1|8704.2|0.01|71|40385|40385|910|910|9
7|GERMANY|53|7|46162.16|0.03|53|40385|40385|910|910|9
11|IRAQ|5|11|35638.0|0.0|5|36547|36547|910|910|9
21|VIETNAM|35|21|27497.4|0.06|35|36547|36547|910|910|9
9|INDONESIA|50|9|5410.9|0.04|50|38947|38947|910|910|9
6|FRANCE|70|6|46706.04|0.04|70|38947|38947|910|910|9
4|EGYPT|69|4|30032.0|0.06|69|38947|38947|910|910|9
1|ARGENTINA|71|1|40933.79|0.02|71|42657|42657|910|910|9
4|EGYPT|67|4|39122.16|0.05|67|42657|42657|910|910|9
24|UNITED STATES|64|24|32840.37|0.03|64|42657|42657|910|910|9
17|PERU|59|17|23776.83|0.1|59|24550|24550|910|910|9
22|RUSSIA|16|22|19424.46|0.01|16|24550|24550|910|910|9
16|MOZAMBIQUE|58|16|4833.2|0.07|58|46694|46694|910|910|9
15|MOROCCO|14|15|86971.68|0.05|14|46694|46694|910|910|9
3|CANADA|13|3|64146.54|0.02|13|46694|46694|910|910|9
16|MOZAMBIQUE|18|16|33759.18|0.04|18|46694|46694|910|910|9
24|UNITED STATES|49|24|28969.46|0.08|49|46694|46694|910|910|9
3|CANADA|20|3|62977.05|0.08|20|46694|46694|910|910|9
22|RUSSIA|40|22|20524.14|0.06|40|26214|26214|910|910|9
7|GERMANY|33|7|23118.84|0.03|33|26214|26214|910|910|9
9|INDONESIA|45|9|71910.44|0.07|45|26214|26214|910|910|9
14|KENYA|6|14|8324.88|0.06|6|8071|8071|910|910|9
0|ALGERIA|28|0|57212.0|0.03|28|8071|8071|910|910|9
22|RUSSIA|16|22|39337.05|0.03|16|8071|8071|910|910|9
20|SAUDI ARABIA|74|20|1026.12|0.02|74|8071|8071|910|910|9
17|PERU|8|17|17529.72|0.03|8|10625|10625|206|206|9
7|GERMANY|44|7|18667.8|0.03|44|10625|10625|206|206|9
18|CHINA|72|18|32234.2|0.09|72|10625|10625|206|206|9
8|INDIA|15|8|6958.63|0.07|15|10625|10625|206|206|9
13|JORDAN|36|13|11929.08|0.1|36|10625|10625|206|206|9
3|CANADA|13|3|48807.15|0.04|13|10625|10625|206|206|9
24|UNITED STATES|10|24|67692.22|0.03|10|10625|10625|206|206|9
19|ROMANIA|62|19|36578.4|0.05|62|32034|32034|206|206|9
12|JAPAN|43|12|44315.6|0.04|43|32034|32034|206|206|9
11|IRAQ|5|11|1391.49|0.07|5|45667|45667|524|524|9
16|MOZAMBIQUE|73|16|11948.72|0.09|73|45667|45667|524|524|9
17|PERU|59|17|46670.05|0.1|59|45667|45667|524|524|9
15|MOROCCO|14|15|47174.88|0.0|14|45667|45667|524|524|9
17|PERU|57|17|7718.28|0.09|57|45667|45667|524|524|9
4|EGYPT|38|4|23279.3|0.1|38|45667|45667|524|524|9
16|MOZAMBIQUE|30|16|7559.92|0.05|30|45667|45667|524|524|9
23|UNITED KINGDOM|7|23|25756.08|0.04|7|47207|47207|524|524|9
15|MOROCCO|14|15|3045.33|0.03|14|47207|47207|524|524|9
23|UNITED KINGDOM|32|23|16883.73|0.0|32|47207|47207|524|524|9
2|BRAZIL|21|2|37299.2|0.06|21|47207|47207|524|524|9
0|ALGERIA|28|0|1409.5|0.1|28|47207|47207|524|524|9
14|KENYA|6|14|40272.93|0.05|6|13473|13473|524|524|9
24|UNITED STATES|55|24|13443.69|0.08|55|13473|13473|524|524|9
7|GERMANY|77|7|74368.66|0.06|77|13473|13473|524|524|9
10|IRAN|9|10|26470.08|0.08|9|13473|13473|524|524|9
10|IRAN|9|10|20295.04|0.06|9|13473|13473|524|524|9
19|ROMANIA|17|19|3433.62|0.06|17|13473|13473|524|524|9
22|RUSSIA|65|22|27610.24|0.06|65|19360|19360|623|623|9
1|ARGENTINA|3|1|39040.16|0.03|3|19360|19360|623|623|9
21|VIETNAM|35|21|20042.22|0.06|35|37888|37888|139|139|9
23|UNITED KINGDOM|7|23|33047.84|0.1|7|47525|47525|139|139|9
18|CHINA|72|18|37892.44|0.03|72|47525|47525|139|139|9
16|MOZAMBIQUE|58|16|63739.62|0.01|58|47525|47525|139|139|9
14|KENYA|79|14|54350.8|0.06|79|47525|47525|139|139|9
9|INDONESIA|23|9|55889.9|0.05|23|47525|47525|139|139|9
17|PERU|8|17|2696.88|0.07|8|22567|22567|139|139|9
8|INDIA|61|8|6401.9|0.05|61|22567|22567|139|139|9
14|KENYA|76|14|25794.34|0.08|76|22567|22567|139|139|9
19|ROMANIA|17|19|16289.76|0.09|17|22567|22567|139|139|9
3|CANADA|20|3|18135.46|0.09|20|22567|22567|139|139|9
16|MOZAMBIQUE|31|16|55397.8|0.09|31|22567|22567|139|139|9
14|KENYA|79|14|65981.96|0.08|79|20901|20901|139|139|9
21|VIETNAM|26|21|35629.92|0.1|26|43108|43108|139|139|9
9|INDONESIA|23|9|65053.88|0.01|23|43108|43108|139|139|9
6|FRANCE|70|6|54547.22|0.03|70|31365|31365|865|865|9
24|UNITED STATES|46|24|79956.48|0.02|46|31365|31365|865|865|9
18|CHINA|41|18|39690.0|0.05|41|31365|31365|865|865|9
1|ARGENTINA|3|1|40188.4|0.0|3|31365|31365|865|865|9
18|CHINA|72|18|1976.16|0.04|72|30565|30565|865|865|9
8|INDIA|60|8|24596.28|0.01|60|30565|30565|865|865|9
8|INDIA|15|8|77867.25|0.03|15|30565|30565|865|865|9
4|EGYPT|67|4|59357.48|0.09|67|30565|30565|865|865|9
22|RUSSIA|65|22|6847.3|0.07|65|30565|30565|865|865|9
14|KENYA|76|14|37690.5|0.06|76|30565|30565|865|865|9
8|INDIA|15|8|36649.9|0.07|15|38691|38691|865|865|9
22|RUSSIA|40|22|38026.56|0.08|40|17189|17189|865|865|9
7|GERMANY|44|7|16642.24|0.09|44|17189|17189|865|865|9
24|UNITED STATES|46|24|61841.52|0.09|46|17189|17189|865|865|9
9|INDONESIA|23|9|90383.04|0.0|23|46178|46178|865|865|9
24|UNITED STATES|10|24|85433.76|0.02|10|46178|46178|865|865|9
7|GERMANY|53|7|17526.72|0.01|53|46178|46178|865|865|9
21|VIETNAM|80|21|35086.17|0.09|80|35872|35872|865|865|9
23|UNITED KINGDOM|7|23|46270.29|0.02|7|35872|35872|865|865|9
8|INDIA|15|8|3255.44|0.1|15|35872|35872|865|865|9
21|VIETNAM|35|21|12036.09|0.0|35|35872|35872|865|865|9
21|VIETNAM|35|21|4264.56|0.0|35|35872|35872|865|865|9
22|RUSSIA|42|22|10824.0|0.06|42|35872|35872|865|865|9
1|ARGENTINA|71|1|45462.06|0.08|71|27172|27172|704|704|9
7|GERMANY|33|7|30597.21|0.02|33|12358|12358|704|704|9
18|CHINA|27|18|1025.12|0.06|27|12358|12358|704|704|9
16|MOZAMBIQUE|30|16|2910.18|0.04|30|12358|12358|704|704|9
17|PERU|1|17|65725.2|0.06|1|31303|31303|704|704|9
4|EGYPT|67|4|71040.15|0.09|67|31303|31303|704|704|9
5|ETHIOPIA|63|5|15907.22|0.06|63|31303|31303|704|704|9
16|MOZAMBIQUE|30|16|15581.61|0.06|30|31303|31303|704|704|9
7|GERMANY|77|7|19588.25|0.04|77|20067|20067|308|308|9
15|MOROCCO|14|15|40891.2|0.1|14|20067|20067|308|308|9
17|PERU|8|17|16061.36|0.02|8|21799|21799|308|308|9
11|IRAQ|5|11|37690.5|0.06|5|21799|21799|308|308|9
7|GERMANY|77|7|11977.08|0.06|77|21799|21799|308|308|9
21|VIETNAM|26|21|33316.42|0.04|26|21799|21799|308|308|9
16|MOZAMBIQUE|56|16|39395.05|0.09|56|21799|21799|308|308|9
24|UNITED STATES|19|24|46697.98|0.06|19|21799|21799|308|308|9
21|VIETNAM|80|21|48154.68|0.04|80|14208|14208|308|308|9
17|PERU|57|17|30137.67|0.06|57|14208|14208|308|308|9
16|MOZAMBIQUE|18|16|55729.74|0.04|18|14208|14208|308|308|9
4|EGYPT|38|4|55299.2|0.01|38|10243|10243|308|308|9
13|JORDAN|36|13|52096.0|0.0|36|6787|6787|94|94|9
9|INDONESIA|45|9|18716.52|0.06|45|21348|21348|94|94|9
14|KENYA|6|14|16417.92|0.05|6|12615|12615|94|94|9
18|CHINA|11|18|24774.91|0.07|11|6499|6499|94|94|9
9|INDONESIA|50|9|41736.24|0.01|50|6499|6499|94|94|9
8|INDIA|39|8|15063.84|0.05|39|6499|6499|94|94|9
24|UNITED STATES|55|24|45875.29|0.04|55|17287|17287|94|94|9
15|MOROCCO|4|15|50214.0|0.09|4|17287|17287|94|94|9
18|CHINA|75|18|11682.6|0.04|75|17287|17287|94|94|9
22|RUSSIA|25|22|9208.08|0.01|25|22596|22596|94|94|9
14|KENYA|79|14|20448.45|0.1|79|22596|22596|94|94|9
7|GERMANY|53|7|17546.21|0.03|53|22596|22596|94|94|9
20|SAUDI ARABIA|74|20|34984.95|0.06|74|22596|22596|94|94|9
7|GERMANY|44|7|41800.15|0.05|44|7649|7649|215|215|9
17|PERU|59|17|43736.92|0.02|59|7649|7649|215|215|9
16|MOZAMBIQUE|56|16|47634.56|0.06|56|7649|7649|215|215|9
22|RUSSIA|65|22|11590.25|0.05|65|7649|7649|215|215|9
14|KENYA|6|14|64291.68|0.04|6|14405|14405|215|215|9
24|UNITED STATES|46|24|22957.65|0.04|46|14405|14405|215|215|9
22|RUSSIA|65|22|28190.0|0.1|65|14405|14405|215|215|9
22|RUSSIA|40|22|34507.2|0.06|40|25127|25127|841|841|9
4|EGYPT|69|4|41723.88|0.0|69|25127|25127|841|841|9
15|MOROCCO|4|15|10162.88|0.08|4|25127|25127|841|841|9
14|KENYA|76|14|66916.59|0.02|76|25127|25127|841|841|9
16|MOZAMBIQUE|30|16|27229.5|0.03|30|25127|25127|841|841|9
24|UNITED STATES|19|24|77037.77|0.03|19|10850|10850|841|841|9
14|KENYA|76|14|1416.51|0.04|76|10850|10850|841|841|9
22|RUSSIA|16|22|8460.27|0.06|16|10850|10850|841|841|9
24|UNITED STATES|64|24|19250.7|0.06|64|10850|10850|841|841|9
5|ETHIOPIA|2|5|1383.48|0.07|2|10850|10850|841|841|9
9|INDONESIA|50|9|26797.4|0.08|50|17638|17638|841|841|9
15|MOROCCO|14|15|25366.74|0.09|14|17638|17638|841|841|9
16|MOZAMBIQUE|30|16|20343.96|0.0|30|17638|17638|841|841|9
8|INDIA|61|8|1858.95|0.03|61|8230|8230|841|841|9
23|UNITED KINGDOM|32|23|51823.08|0.02|32|8230|8230|841|841|9
18|CHINA|27|18|11937.78|0.02|27|8230|8230|841|841|9
18|CHINA|75|18|25299.6|0.02|75|8230|8230|841|841|9
16|MOZAMBIQUE|30|16|16289.1|0.07|30|8230|8230|841|841|9
1|ARGENTINA|3|1|52977.82|0.08|3|8230|8230|841|841|9
21|VIETNAM|80|21|55521.83|0.01|80|1827|1827|841|841|9
17|PERU|1|17|75985.37|0.0|1|1827|1827|841|841|9
11|IRAQ|5|11|7449.12|0.1|5|1827|1827|841|841|9
22|RUSSIA|25|22|36903.12|0.0|25|1827|1827|841|841|9
4|EGYPT|69|4|3652.04|0.04|69|1827|1827|841|841|9
22|RUSSIA|16|22|54058.56|0.03|16|1827|1827|841|841|9
24|UNITED STATES|49|24|36025.52|0.05|49|1827|1827|841|841|9
19|ROMANIA|62|19|4219.5|0.03|62|35780|35780|841|841|9
22|RUSSIA|40|22|16962.4|0.05|40|35780|35780|841|841|9
22|RUSSIA|65|22|18752.02|0.02|65|35780|35780|841|841|9
20|SAUDI ARABIA|74|20|26692.82|0.0|74|35780|35780|841|841|9
6|FRANCE|70|6|7550.1|0.09|70|22278|22278|422|422|9
21|VIETNAM|35|21|18752.02|0.1|35|22278|22278|422|422|9
0|ALGERIA|28|0|31825.02|0.0|28|22278|22278|422|422|9
22|RUSSIA|16|22|43975.44|0.1|16|22278|22278|422|422|9
10|IRAN|9|10|17088.0|0.07|9|3044|3044|422|422|9
15|MOROCCO|14|15|3714.99|0.06|14|3044|3044|422|422|9
24|UNITED STATES|10|24|49262.58|0.09|10|3044|3044|422|422|9
14|KENYA|47|14|34148.66|0.03|47|7266|7266|422|422|9
0|ALGERIA|28|0|9153.92|0.0|28|7266|7266|422|422|9
0|ALGERIA|28|0|5473.84|0.03|28|7266|7266|422|422|9
7|GERMANY|53|7|31137.75|0.06|53|7266|7266|422|422|9
0|ALGERIA|37|0|70782.46|0.03|37|45796|45796|598|598|9
4|EGYPT|69|4|33569.28|0.07|69|45796|45796|598|598|9
22|RUSSIA|65|22|31533.4|0.06|65|45796|45796|598|598|9
12|JAPAN|54|12|39852.6|0.02|54|45796|45796|598|598|9
17|PERU|8|17|8369.12|0.04|8|6469|6469|598|598|9
21|VIETNAM|26|21|33075.84|0.04|26|6469|6469|598|598|9
16|MOZAMBIQUE|58|16|65398.08|0.09|58|6469|6469|598|598|9
4|EGYPT|67|4|17046.24|0.0|67|6469|6469|598|598|9
24|UNITED STATES|10|24|75736.36|0.09|10|6469|6469|598|598|9
4|EGYPT|38|4|22577.32|0.03|38|6469|6469|598|598|9
16|MOZAMBIQUE|30|16|26884.62|0.02|30|6469|6469|598|598|9
17|PERU|1|17|4725.12|0.04|1|16609|16609|598|598|9
9|INDONESIA|50|9|36147.6|0.04|50|41539|41539|598|598|9
21|VIETNAM|26|21|18755.1|0.1|26|41539|41539|598|598|9
21|VIETNAM|26|21|66161.09|0.09|26|41539|41539|598|598|9
10|IRAN|34|10|41611.92|0.1|34|41539|41539|598|598|9
20|SAUDI ARABIA|74|20|39171.6|0.01|74|41539|41539|598|598|9
5|ETHIOPIA|63|5|54778.32|0.1|63|41539|41539|598|598|9
16|MOZAMBIQUE|73|16|36154.06|0.03|73|1924|1924|598|598|9
18|CHINA|11|18|20132.76|0.04|11|1924|1924|598|598|9
5|ETHIOPIA|78|5|25563.51|0.09|78|1924|1924|598|598|9
16|MOZAMBIQUE|56|16|54218.0|0.04|56|1924|1924|598|598|9
12|JAPAN|43|12|48839.11|0.02|43|1924|1924|598|598|9
7|GERMANY|77|7|32088.1|0.02|77|41409|41409|103|103|9
18|CHINA|11|18|22974.65|0.1|11|41409|41409|103|103|9
8|INDIA|61|8|7329.98|0.06|61|41409|41409|103|103|9
22|RUSSIA|65|22|4633.0|0.08|65|41409|41409|103|103|9
0|ALGERIA|28|0|29024.0|0.0|28|41409|41409|103|103|9
16|MOZAMBIQUE|30|16|51530.74|0.0|30|41409|41409|103|103|9
18|CHINA|41|18|31709.0|0.07|41|41409|41409|103|103|9
6|FRANCE|70|6|2794.98|0.07|70|7462|7462|103|103|9
15|MOROCCO|4|15|38647.0|0.04|4|7462|7462|103|103|9
12|JAPAN|54|12|46557.06|0.08|54|7462|7462|103|103|9
0|ALGERIA|28|0|81782.02|0.0|28|7462|7462|103|103|9
3|CANADA|20|3|6041.5|0.04|20|7462|7462|103|103|9
9|INDONESIA|23|9|43754.48|0.06|23|11744|11744|103|103|9
24|UNITED STATES|10|24|56010.5|0.07|10|11744|11744|103|103|9
19|ROMANIA|17|19|53649.54|0.01|17|11744|11744|103|103|9
21|VIETNAM|26|21|46085.4|0.1|26|39361|39361|103|103|9
12|JAPAN|54|12|41852.16|0.01|54|39361|39361|103|103|9
8|INDIA|60|8|1958.14|0.08|60|39781|39781|103|103|9
14|KENYA|47|14|48856.92|0.01|47|39781|39781|103|103|9
14|KENYA|47|14|18754.52|0.09|47|39781|39781|103|103|9
16|MOZAMBIQUE|56|16|12363.3|0.04|56|39781|39781|103|103|9
24|UNITED STATES|19|24|24554.46|0.05|19|39781|39781|103|103|9
16|MOZAMBIQUE|18|16|39198.9|0.08|18|39781|39781|103|103|9
12|JAPAN|54|12|11051.84|0.09|54|39781|39781|103|103|9
21|VIETNAM|68|21|52321.18|0.09|68|16550|16550|103|103|9
9|INDONESIA|45|9|38562.4|0.08|45|16550|16550|103|103|9
1|ARGENTINA|29|1|43527.2|0.09|29|16550|16550|103|103|9
16|MOZAMBIQUE|18|16|8084.64|0.09|18|16550|16550|103|103|9
22|RUSSIA|16|22|5387.67|0.05|16|16550|16550|103|103|9
18|CHINA|75|18|81349.92|0.05|75|16550|16550|103|103|9
9|INDONESIA|45|9|33321.75|0.1|45|29444|29444|103|103|9
23|UNITED KINGDOM|32|23|31074.24|0.05|32|29444|29444|103|103|9
12|JAPAN|43|12|26908.8|0.04|43|29444|29444|103|103|9
22|RUSSIA|16|22|11163.92|0.05|16|29444|29444|103|103|9
24|UNITED STATES|49|24|61361.76|0.07|49|29444|29444|103|103|9
18|CHINA|11|18|35188.85|0.07|11|26115|26115|103|103|9
4|EGYPT|22|4|32683.28|0.01|22|26115|26115|103|103|9
22|RUSSIA|25|22|18380.16|0.03|25|26115|26115|103|103|9
18|CHINA|75|18|43376.19|0.09|75|26115|26115|103|103|9
9|INDONESIA|51|9|61015.02|0.0|51|42274|42274|103|103|9
22|RUSSIA|25|22|13838.67|0.03|25|42274|42274|103|103|9
8|INDIA|39|8|26208.38|0.08|39|42274|42274|103|103|9
19|ROMANIA|52|19|40684.71|0.07|52|42274|42274|103|103|9
8|INDIA|15|8|55044.52|0.0|15|15203|15203|103|103|9
21|VIETNAM|26|21|39605.58|0.05|26|7137|7137|851|851|9
14|KENYA|76|14|21243.2|0.0|76|7137|7137|851|851|9
24|UNITED STATES|46|24|19749.28|0.04|46|38241|38241|851|851|9
23|UNITED KINGDOM|66|23|37390.2|0.06|66|20320|20320|389|389|9
3|CANADA|20|3|4093.38|0.02|20|20320|20320|389|389|9
21|VIETNAM|80|21|75938.37|0.1|80|3335|3335|389|389|9
23|UNITED KINGDOM|7|23|50434.56|0.07|7|3335|3335|389|389|9
23|UNITED KINGDOM|32|23|16305.76|0.01|32|3335|3335|389|389|9
19|ROMANIA|17|19|22578.79|0.06|17|3335|3335|389|389|9
17|PERU|8|17|31992.8|0.07|8|6017|6017|389|389|9
24|UNITED STATES|55|24|43783.96|0.05|55|6017|6017|389|389|9
6|FRANCE|70|6|19377.54|0.1|70|6017|6017|389|389|9
16|MOZAMBIQUE|56|16|10406.25|0.02|56|6017|6017|389|389|9
16|MOZAMBIQUE|31|16|20713.61|0.06|31|6017|6017|389|389|9
16|MOZAMBIQUE|18|16|20853.96|0.08|18|2082|2082|389|389|9
4|EGYPT|38|4|53877.24|0.0|38|2082|2082|389|389|9
23|UNITED KINGDOM|7|23|39658.56|0.06|7|47495|47495|389|389|9
14|KENYA|79|14|36038.4|0.08|79|47495|47495|389|389|9
1|ARGENTINA|29|1|43486.2|0.1|29|47495|47495|389|389|9
19|ROMANIA|17|19|37352.32|0.08|17|47495|47495|389|389|9
18|CHINA|41|18|15586.95|0.08|41|47495|47495|389|389|9
16|MOZAMBIQUE|30|16|9449.9|0.08|30|47495|47495|389|389|9
