17157
38563
36770
24065
41060
26661
45350
28641
13890
36198
35296
18884
13571
22085
29026
28740
25253
26177
12262
25187
36550
18433
36099
18147
46241
27398
16486
43491
27200
31270
15364
162
47781
20160
39553
17410
18565
13351
19489
47044
23141
25990
37540
18213
13285
13120
17894
47682
27013
20193
46692
39366
39399
35780
39971
37089
26243
28773
39652
15650
43392
19841
29477
24384
1509
46087
38464
24164
16871
29059
14561
38211
16321
45185
38343
28454
14880
36385
34240
12130
23042
44294
294
17795
46593
25671
11041
16002
38596
35142
21062
19687
195
37573
24197
26342
29763
45383
24483
32480
37056
36231
16354
2818
28487
20292
44481
16640
1927
35494
33030
12482
14275
15331
33283
33184
18400
19555
28388
37122
16167
15012
26496
18631
19522
261
26210
28993
35043
10370
12064
24263
37287
27651
2917
39685
36033
37793
46274
30181
12196
17377
27233
17542
35076
12295
18532
43172
26694
12163
28960
1828
27970
19456
11393
35395
40070
46054
16387
47330
14176
42050
37991
22690
47363
29862
19973
38178
15111
36352
26881
43271
15463
45031
18950
27750
19302
39014
13252
31171
23680
31072
36132
29895
41280
26276
19236
24131
23174
24230
28421
3907
38497
46340
27046
29543
16288
14341
29378
27431
16068
39586
16101
33250
23493
39201
38244
38662
17443
34471
40290
47495
32161
14594
34592
27684
38145
29125
14660
19203
39047
16420
19940
18466
16035
15045
31490
28069
18279
47143
47396
18114
