23|UNITED KINGDOM|66|23|34791.75|0.03|66|22982|22982|170|170|15
7|GERMANY|33|7|64874.88|0.01|33|22982|22982|170|170|15
24|UNITED STATES|10|24|35302.76|0.08|10|22982|22982|170|170|15
23|UNITED KINGDOM|32|23|63327.11|0.03|32|22982|22982|170|170|15
21|VIETNAM|35|21|49232.04|0.03|35|6662|6662|170|170|15
4|EGYPT|67|4|36894.42|0.08|67|6662|6662|170|170|15
22|RUSSIA|42|22|31021.87|0.1|42|6662|6662|170|170|15
20|SAUDI ARABIA|74|20|12052.8|0.04|74|6662|6662|170|170|15
4|EGYPT|69|4|17938.03|0.04|69|44291|44291|170|170|15
0|ALGERIA|28|0|6276.75|0.03|28|10594|10594|170|170|15
24|UNITED STATES|55|24|24819.12|0.09|55|5924|5924|244|244|15
0|ALGERIA|37|0|49529.2|0.06|37|5924|5924|244|244|15
9|INDONESIA|45|9|64651.09|0.04|45|5924|5924|244|244|15
8|INDIA|61|8|47787.12|0.08|61|25799|25799|244|244|15
24|UNITED STATES|10|24|43481.9|0.03|10|25799|25799|244|244|15
22|RUSSIA|65|22|24015.22|0.02|65|25799|25799|244|244|15
23|UNITED KINGDOM|32|23|51259.6|0.04|32|43014|43014|244|244|15
11|IRAQ|5|11|7592.16|0.07|5|2310|2310|244|244|15
24|UNITED STATES|10|24|49120.56|0.03|10|2310|2310|244|244|15
5|ETHIOPIA|2|5|59007.36|0.08|2|2310|2310|244|244|15
19|ROMANIA|62|19|2562.76|0.02|62|6432|6432|244|244|15
15|MOROCCO|14|15|34887.25|0.02|14|6432|6432|244|244|15
15|MOROCCO|14|15|38312.82|0.02|14|6432|6432|244|244|15
13|JORDAN|36|13|41040.4|0.04|36|6432|6432|244|244|15
16|MOZAMBIQUE|18|16|2959.14|0.07|18|6432|6432|244|244|15
23|UNITED KINGDOM|32|23|37776.69|0.04|32|6432|6432|244|244|15
16|MOZAMBIQUE|31|16|23582.0|0.01|31|6432|6432|244|244|15
16|MOZAMBIQUE|18|16|44656.43|0.05|18|34917|34917|244|244|15
8|INDIA|60|8|63081.62|0.1|60|8226|8226|244|244|15
4|EGYPT|69|4|30461.34|0.01|69|8226|8226|244|244|15
18|CHINA|27|18|50509.72|0.1|27|8226|8226|244|244|15
9|INDONESIA|51|9|19252.8|0.02|51|3718|3718|244|244|15
14|KENYA|76|14|11660.4|0.05|76|3718|3718|244|244|15
19|ROMANIA|52|19|42686.4|0.01|52|3718|3718|244|244|15
21|VIETNAM|80|21|45588.84|0.09|80|262|262|244|244|15
23|UNITED KINGDOM|66|23|47966.45|0.05|66|262|262|244|244|15
18|CHINA|11|18|55829.67|0.01|11|262|262|244|244|15
24|UNITED STATES|49|24|4369.65|0.07|49|16710|16710|244|244|15
16|MOZAMBIQUE|73|16|60634.8|0.01|73|44288|44288|244|244|15
21|VIETNAM|68|21|38921.7|0.05|68|44288|44288|244|244|15
1|ARGENTINA|29|1|53660.88|0.06|29|36774|36774|398|398|15
24|UNITED STATES|10|24|9775.43|0.05|10|36774|36774|398|398|15
23|UNITED KINGDOM|7|23|15208.32|0.02|7|1378|1378|157|157|15
8|INDIA|60|8|33983.64|0.05|60|1378|1378|157|157|15
14|KENYA|48|14|49999.04|0.09|48|1378|1378|157|157|15
0|ALGERIA|24|0|16319.38|0.1|24|1378|1378|157|157|15
21|VIETNAM|68|21|42036.66|0.05|68|1378|1378|157|157|15
12|JAPAN|43|12|10289.16|0.06|43|1378|1378|157|157|15
18|CHINA|11|18|19685.28|0.07|11|46755|46755|157|157|15
14|KENYA|48|14|48760.2|0.05|48|46755|46755|157|157|15
22|RUSSIA|25|22|34726.82|0.01|25|46755|46755|157|157|15
24|UNITED STATES|19|24|20140.05|0.0|19|46755|46755|157|157|15
24|UNITED STATES|64|24|57608.1|0.03|64|46755|46755|157|157|15
18|CHINA|41|18|64496.25|0.08|41|46755|46755|157|157|15
21|VIETNAM|26|21|43707.36|0.08|26|17895|17895|157|157|15
15|MOROCCO|14|15|11436.6|0.0|14|17895|17895|157|157|15
21|VIETNAM|35|21|24426.61|0.01|35|17895|17895|157|157|15
18|CHINA|27|18|33277.42|0.03|27|17895|17895|157|157|15
5|ETHIOPIA|63|5|43336.2|0.04|63|17895|17895|157|157|15
18|CHINA|41|18|23701.0|0.04|41|17895|17895|157|157|15
8|INDIA|15|8|69116.98|0.07|15|26212|26212|157|157|15
10|IRAN|34|10|53566.31|0.0|34|26212|26212|157|157|15
16|MOZAMBIQUE|18|16|58585.78|0.02|18|26212|26212|157|157|15
12|JAPAN|43|12|21245.99|0.1|43|26212|26212|157|157|15
18|CHINA|75|18|22804.48|0.01|75|26212|26212|157|157|15
18|CHINA|41|18|6162.72|0.09|41|26212|26212|157|157|15
23|UNITED KINGDOM|66|23|28990.8|0.02|66|31461|31461|157|157|15
23|UNITED KINGDOM|66|23|8437.1|0.06|66|31461|31461|157|157|15
24|UNITED STATES|46|24|6486.95|0.02|46|31461|31461|157|157|15
2|BRAZIL|21|2|21993.27|0.03|21|31461|31461|157|157|15
18|CHINA|27|18|47634.56|0.06|27|31461|31461|157|157|15
18|CHINA|27|18|7603.26|0.1|27|16964|16964|157|157|15
8|INDIA|60|8|49890.75|0.08|60|6820|6820|682|682|15
16|MOZAMBIQUE|31|16|51030.08|0.05|31|6820|6820|682|682|15
22|RUSSIA|40|22|70905.15|0.03|40|10503|10503|682|682|15
4|EGYPT|69|4|13214.4|0.04|69|10503|10503|682|682|15
19|ROMANIA|17|19|26208.84|0.01|17|10503|10503|682|682|15
18|CHINA|75|18|27273.96|0.07|75|10503|10503|682|682|15
7|GERMANY|77|7|50967.04|0.09|77|21957|21957|682|682|15
16|MOZAMBIQUE|31|16|1063.16|0.05|31|21957|21957|682|682|15
18|CHINA|11|18|40411.21|0.1|11|16294|16294|682|682|15
23|UNITED KINGDOM|66|23|19508.86|0.05|66|16294|16294|682|682|15
18|CHINA|41|18|45798.6|0.04|41|16294|16294|682|682|15
11|IRAQ|5|11|46941.3|0.06|5|26882|26882|682|682|15
18|CHINA|11|18|17808.8|0.09|11|26882|26882|682|682|15
16|MOZAMBIQUE|31|16|36711.68|0.04|31|26882|26882|682|682|15
3|CANADA|20|3|40292.75|0.03|20|26882|26882|682|682|15
16|MOZAMBIQUE|30|16|20665.68|0.02|30|26882|26882|682|682|15
14|KENYA|6|14|5395.85|0.04|6|39492|39492|253|253|15
8|INDIA|60|8|63894.15|0.08|60|39492|39492|253|253|15
0|ALGERIA|37|0|5736.3|0.08|37|39492|39492|253|253|15
16|MOZAMBIQUE|58|16|2871.15|0.1|58|39492|39492|253|253|15
2|BRAZIL|21|2|25227.3|0.1|21|39492|39492|253|253|15
17|PERU|8|17|49288.47|0.02|8|26977|26977|253|253|15
15|MOROCCO|4|15|44238.6|0.0|4|26977|26977|253|253|15
7|GERMANY|33|7|25408.03|0.05|33|15908|15908|253|253|15
8|INDIA|60|8|78620.19|0.05|60|15908|15908|253|253|15
1|ARGENTINA|71|1|39754.88|0.06|71|15908|15908|253|253|15
16|MOZAMBIQUE|18|16|5585.88|0.02|18|15908|15908|253|253|15
0|ALGERIA|28|0|4745.2|0.07|28|15908|15908|253|253|15
18|CHINA|41|18|23719.74|0.03|41|15908|15908|253|253|15
5|ETHIOPIA|2|5|14283.36|0.02|2|15908|15908|253|253|15
9|INDONESIA|45|9|2436.62|0.09|45|24929|24929|253|253|15
4|EGYPT|67|4|46598.04|0.02|67|24929|24929|253|253|15
24|UNITED STATES|19|24|40538.75|0.05|19|24929|24929|253|253|15
24|UNITED STATES|55|24|26786.43|0.06|55|26149|26149|253|253|15
9|INDONESIA|23|9|19264.91|0.08|23|26149|26149|253|253|15
8|INDIA|39|8|32940.36|0.09|39|26149|26149|253|253|15
4|EGYPT|38|4|36470.5|0.09|38|26149|26149|253|253|15
21|VIETNAM|26|21|5856.35|0.02|26|28773|28773|562|562|15
0|ALGERIA|37|0|62674.65|0.07|37|28773|28773|562|562|15
22|RUSSIA|16|22|60031.04|0.03|16|28773|28773|562|562|15
18|CHINA|27|18|29335.68|0.03|27|28773|28773|562|562|15
24|UNITED STATES|64|24|35437.75|0.08|64|28773|28773|562|562|15
5|ETHIOPIA|63|5|1624.72|0.0|63|28773|28773|562|562|15
24|UNITED STATES|64|24|12913.9|0.03|64|30948|30948|584|584|15
23|UNITED KINGDOM|7|23|56935.2|0.09|7|31777|31777|584|584|15
7|GERMANY|77|7|4138.41|0.09|77|31777|31777|584|584|15
0|ALGERIA|37|0|30432.75|0.02|37|31777|31777|584|584|15
17|PERU|57|17|1462.56|0.01|57|31777|31777|584|584|15
6|FRANCE|70|6|22031.94|0.06|70|1634|1634|551|551|15
8|INDIA|15|8|56116.28|0.05|15|1634|1634|551|551|15
17|PERU|59|17|24489.18|0.08|59|1634|1634|551|551|15
16|MOZAMBIQUE|58|16|26824.77|0.0|58|1634|1634|551|551|15
21|VIETNAM|35|21|13852.85|0.01|35|1634|1634|551|551|15
24|UNITED STATES|49|24|3017.2|0.07|49|1634|1634|551|551|15
22|RUSSIA|42|22|35003.5|0.06|42|1634|1634|551|551|15
2|BRAZIL|21|2|18189.1|0.07|21|9959|9959|551|551|15
19|ROMANIA|17|19|7754.34|0.0|17|9959|9959|551|551|15
16|MOZAMBIQUE|73|16|45360.32|0.03|73|10914|10914|551|551|15
4|EGYPT|22|4|32434.8|0.04|22|10914|10914|551|551|15
8|INDIA|12|8|17178.46|0.05|12|10914|10914|551|551|15
9|INDONESIA|23|9|25323.6|0.05|23|10914|10914|551|551|15
22|RUSSIA|65|22|21474.18|0.09|65|10914|10914|551|551|15
19|ROMANIA|17|19|38401.16|0.07|17|10914|10914|551|551|15
24|UNITED STATES|19|24|8433.0|0.09|19|836|836|551|551|15
0|ALGERIA|28|0|30272.2|0.0|28|11718|11718|551|551|15
11|IRAQ|5|11|41250.1|0.0|5|11651|11651|551|551|15
18|CHINA|41|18|9210.0|0.08|41|11651|11651|551|551|15
0|ALGERIA|28|0|42973.74|0.08|28|40070|40070|1|1|15
4|EGYPT|22|4|65964.5|0.09|22|23654|23654|350|350|15
24|UNITED STATES|19|24|39784.29|0.02|19|23654|23654|350|350|15
16|MOZAMBIQUE|73|16|63387.2|0.06|73|33798|33798|350|350|15
12|JAPAN|54|12|59859.8|0.01|54|33798|33798|350|350|15
7|GERMANY|44|7|7820.47|0.0|44|2978|2978|350|350|15
24|UNITED STATES|55|24|37231.26|0.09|55|2978|2978|350|350|15
10|IRAN|9|10|38514.42|0.01|9|2978|2978|350|350|15
15|MOROCCO|14|15|4953.32|0.08|14|2978|2978|350|350|15
14|KENYA|79|14|46942.59|0.0|79|2978|2978|350|350|15
19|ROMANIA|17|19|32352.84|0.07|17|2978|2978|350|350|15
18|CHINA|41|18|36908.1|0.05|41|31617|31617|350|350|15
9|INDONESIA|51|9|38176.56|0.0|51|39074|39074|395|395|15
23|UNITED KINGDOM|66|23|29791.36|0.02|66|39074|39074|395|395|15
8|INDIA|60|8|14145.03|0.09|60|39074|39074|395|395|15
6|FRANCE|70|6|62633.88|0.01|70|39074|39074|395|395|15
21|VIETNAM|68|21|75030.0|0.09|68|39074|39074|395|395|15
22|RUSSIA|42|22|45778.96|0.05|42|39074|39074|395|395|15
21|VIETNAM|80|21|8261.89|0.06|80|42017|42017|395|395|15
13|JORDAN|36|13|44664.84|0.09|36|42017|42017|395|395|15
12|JAPAN|43|12|42562.08|0.05|43|42017|42017|395|395|15
24|UNITED STATES|64|24|11804.0|0.06|64|42017|42017|395|395|15
12|JAPAN|43|12|57513.72|0.03|43|39013|39013|395|395|15
19|ROMANIA|52|19|48100.08|0.01|52|39013|39013|395|395|15
22|RUSSIA|42|22|56466.48|0.09|42|12896|12896|296|296|15
23|UNITED KINGDOM|7|23|10994.69|0.04|7|30721|30721|296|296|15
14|KENYA|79|14|24029.04|0.05|79|30721|30721|296|296|15
17|PERU|8|17|77151.06|0.06|8|47650|47650|296|296|15
24|UNITED STATES|55|24|36350.64|0.06|55|47650|47650|296|296|15
8|INDIA|60|8|65145.08|0.04|60|47650|47650|296|296|15
21|VIETNAM|26|21|27929.13|0.01|26|47650|47650|296|296|15
14|KENYA|76|14|10098.88|0.09|76|47650|47650|296|296|15
8|INDIA|60|8|51823.08|0.09|60|1|1|296|296|15
10|IRAN|9|10|32835.84|0.07|9|1|1|296|296|15
5|ETHIOPIA|78|5|19435.08|0.04|78|1|1|296|296|15
8|INDIA|39|8|25704.28|0.09|39|1|1|296|296|15
3|CANADA|20|3|26236.56|0.1|20|1|1|296|296|15
16|MOZAMBIQUE|31|16|11284.08|0.1|31|1|1|296|296|15
18|CHINA|72|18|28339.08|0.09|72|10979|10979|1013|1013|15
10|IRAN|9|10|6166.65|0.04|9|10979|10979|1013|1013|15
14|KENYA|48|14|29379.51|0.02|48|10979|10979|1013|1013|15
8|INDIA|12|8|32191.83|0.06|12|10979|10979|1013|1013|15
22|RUSSIA|65|22|45798.25|0.1|65|10979|10979|1013|1013|15
3|CANADA|20|3|12267.31|0.0|20|10979|10979|1013|1013|15
5|ETHIOPIA|2|5|6341.8|0.09|2|10979|10979|1013|1013|15
4|EGYPT|38|4|44781.36|0.09|38|7490|7490|34|34|15
3|CANADA|20|3|26194.14|0.0|20|7490|7490|34|34|15
17|PERU|8|17|21085.61|0.01|8|8615|8615|34|34|15
8|INDIA|61|8|13884.8|0.03|61|8615|8615|34|34|15
1|ARGENTINA|71|1|64399.68|0.06|71|8615|8615|34|34|15
17|PERU|1|17|43632.0|0.06|1|12611|12611|34|34|15
17|PERU|59|17|5036.31|0.0|59|12611|12611|34|34|15
8|INDIA|15|8|39015.6|0.04|15|12611|12611|34|34|15
17|PERU|59|17|37289.75|0.01|59|12611|12611|34|34|15
9|INDONESIA|23|9|66464.65|0.05|23|12611|12611|34|34|15
4|EGYPT|22|4|29733.0|0.04|22|6273|6273|34|34|15
23|UNITED KINGDOM|7|23|5862.24|0.09|7|4295|4295|34|34|15
9|INDONESIA|51|9|46098.9|0.07|51|4295|4295|34|34|15
24|UNITED STATES|55|24|55282.78|0.09|55|4295|4295|34|34|15
9|INDONESIA|23|9|4330.62|0.04|23|4295|4295|34|34|15
9|INDONESIA|50|9|47570.25|0.04|50|17600|17600|34|34|15
8|INDIA|15|8|26533.31|0.05|15|17600|17600|34|34|15
0|ALGERIA|37|0|53561.64|0.09|37|17600|17600|34|34|15
14|KENYA|76|14|17920.11|0.09|76|17600|17600|34|34|15
14|KENYA|76|14|18400.2|0.04|76|17600|17600|34|34|15
22|RUSSIA|42|22|32263.0|0.09|42|17600|17600|34|34|15
19|ROMANIA|62|19|19060.74|0.0|62|14533|14533|34|34|15
7|GERMANY|77|7|29624.13|0.07|77|14533|14533|34|34|15
21|VIETNAM|68|21|50706.0|0.04|68|14533|14533|34|34|15
3|CANADA|13|3|18849.71|0.06|13|14533|14533|34|34|15
9|INDONESIA|23|9|6142.52|0.01|23|14533|14533|34|34|15
2|BRAZIL|21|2|13534.32|0.02|21|14533|14533|34|34|15
21|VIETNAM|80|21|44116.3|0.07|80|33856|33856|79|79|15
19|ROMANIA|62|19|20609.27|0.0|62|33856|33856|79|79|15
22|RUSSIA|40|22|24199.84|0.07|40|33856|33856|79|79|15
16|MOZAMBIQUE|73|16|61414.15|0.02|73|33856|33856|79|79|15
18|CHINA|72|18|52228.18|0.07|72|33856|33856|79|79|15
22|RUSSIA|16|22|21531.37|0.03|16|33856|33856|79|79|15
5|ETHIOPIA|63|5|22242.15|0.03|63|33856|33856|79|79|15
5|ETHIOPIA|2|5|921.02|0.04|2|25380|25380|79|79|15
4|EGYPT|22|4|11772.7|0.03|22|15172|15172|79|79|15
7|GERMANY|77|7|50894.8|0.02|77|15172|15172|79|79|15
8|INDIA|12|8|1200.29|0.09|12|15172|15172|79|79|15
23|UNITED KINGDOM|32|23|26856.69|0.06|32|15172|15172|79|79|15
18|CHINA|27|18|17560.9|0.08|27|15172|15172|79|79|15
21|VIETNAM|80|21|21023.1|0.1|80|34791|34791|79|79|15
17|PERU|1|17|16773.15|0.06|1|34791|34791|79|79|15
17|PERU|1|17|10090.88|0.0|1|34791|34791|79|79|15
7|GERMANY|33|7|50822.34|0.08|33|34791|34791|79|79|15
16|MOZAMBIQUE|56|16|55618.5|0.0|56|34791|34791|79|79|15
24|UNITED STATES|10|24|73385.08|0.06|10|34791|34791|79|79|15
16|MOZAMBIQUE|31|16|27693.28|0.01|31|34791|34791|79|79|15
21|VIETNAM|80|21|22706.86|0.0|80|25159|25159|79|79|15
8|INDIA|15|8|8088.88|0.03|15|25159|25159|79|79|15
8|INDIA|15|8|41885.01|0.04|15|25159|25159|79|79|15
16|MOZAMBIQUE|56|16|28750.6|0.04|56|25159|25159|79|79|15
10|IRAN|34|10|5549.92|0.07|34|25159|25159|79|79|15
24|UNITED STATES|64|24|5986.36|0.0|64|25159|25159|79|79|15
14|KENYA|47|14|48842.89|0.07|47|39525|39525|79|79|15
7|GERMANY|44|7|47235.84|0.03|44|35621|35621|1147|1147|15
3|CANADA|13|3|57244.74|0.1|13|35621|35621|1147|1147|15
4|EGYPT|69|4|60859.05|0.01|69|20035|20035|1147|1147|15
12|JAPAN|54|12|6312.9|0.08|54|20035|20035|1147|1147|15
21|VIETNAM|80|21|17461.19|0.06|80|9570|9570|1147|1147|15
6|FRANCE|70|6|9177.72|0.02|70|9570|9570|1147|1147|15
21|VIETNAM|26|21|8925.48|0.01|26|9570|9570|1147|1147|15
10|IRAN|34|10|6916.56|0.02|34|9570|9570|1147|1147|15
12|JAPAN|43|12|28450.4|0.09|43|9570|9570|1147|1147|15
14|KENYA|6|14|7463.84|0.04|6|44515|44515|1147|1147|15
8|INDIA|60|8|39402.56|0.04|60|22945|22945|1147|1147|15
0|ALGERIA|28|0|30812.8|0.04|28|22945|22945|1147|1147|15
16|MOZAMBIQUE|31|16|50885.2|0.05|31|22945|22945|1147|1147|15
22|RUSSIA|42|22|45672.88|0.08|42|22945|22945|1147|1147|15
5|ETHIOPIA|2|5|44984.79|0.0|2|22945|22945|1147|1147|15
21|VIETNAM|68|21|23737.92|0.04|68|1095|1095|1147|1147|15
5|ETHIOPIA|78|5|14862.12|0.06|78|1095|1095|1147|1147|15
16|MOZAMBIQUE|56|16|27357.96|0.08|56|1095|1095|1147|1147|15
1|ARGENTINA|29|1|71835.6|0.09|29|1095|1095|1147|1147|15
12|JAPAN|43|12|49781.28|0.07|43|1095|1095|1147|1147|15
1|ARGENTINA|3|1|32672.64|0.01|3|1095|1095|1147|1147|15
14|KENYA|47|14|14015.4|0.02|47|9601|9601|1147|1147|15
0|ALGERIA|24|0|32027.66|0.04|24|9601|9601|1147|1147|15
15|MOROCCO|4|15|24869.88|0.1|4|9601|9601|1147|1147|15
2|BRAZIL|21|2|41456.24|0.1|21|9601|9601|1147|1147|15
5|ETHIOPIA|2|5|28531.0|0.0|2|9601|9601|1147|1147|15
10|IRAN|9|10|77796.9|0.06|9|37152|37152|1147|1147|15
16|MOZAMBIQUE|18|16|22919.7|0.06|18|37152|37152|1147|1147|15
19|ROMANIA|17|19|58601.4|0.01|17|37152|37152|1147|1147|15
16|MOZAMBIQUE|58|16|37066.26|0.08|58|38055|38055|32|32|15
7|GERMANY|44|7|63222.88|0.05|44|25253|25253|32|32|15
22|RUSSIA|25|22|26203.68|0.07|25|25253|25253|32|32|15
17|PERU|57|17|9330.3|0.06|57|25253|25253|32|32|15
9|INDONESIA|45|9|60324.86|0.06|45|25253|25253|32|32|15
24|UNITED STATES|19|24|43788.15|0.03|19|25253|25253|32|32|15
18|CHINA|27|18|74529.0|0.1|27|25253|25253|32|32|15
5|ETHIOPIA|2|5|17376.04|0.06|2|25253|25253|32|32|15
22|RUSSIA|65|22|26993.68|0.1|65|19943|19943|32|32|15
7|GERMANY|77|7|41110.15|0.05|77|16290|16290|719|719|15
10|IRAN|9|10|49253.76|0.04|9|16290|16290|719|719|15
5|ETHIOPIA|63|5|27590.16|0.05|63|16290|16290|719|719|15
19|ROMANIA|52|19|3021.22|0.07|52|16290|16290|719|719|15
9|INDONESIA|51|9|5415.9|0.08|51|22279|22279|719|719|15
12|JAPAN|54|12|8370.18|0.1|54|22279|22279|719|719|15
4|EGYPT|38|4|14239.54|0.06|38|22279|22279|719|719|15
1|ARGENTINA|3|1|19611.0|0.08|3|22279|22279|719|719|15
1|ARGENTINA|71|1|13090.95|0.09|71|5252|5252|719|719|15
21|VIETNAM|26|21|39511.29|0.06|26|5252|5252|719|719|15
14|KENYA|79|14|37638.41|0.02|79|5252|5252|719|719|15
21|VIETNAM|35|21|34620.96|0.04|35|5252|5252|719|719|15
16|MOZAMBIQUE|31|16|13378.56|0.02|31|5252|5252|719|719|15
16|MOZAMBIQUE|30|16|76497.12|0.01|30|5252|5252|719|719|15
0|ALGERIA|37|0|47708.18|0.0|37|39394|39394|719|719|15
14|KENYA|47|14|53977.6|0.01|47|34467|34467|53|53|15
16|MOZAMBIQUE|30|16|59823.9|0.0|30|34467|34467|53|53|15
17|PERU|1|17|28013.6|0.0|1|41926|41926|53|53|15
24|UNITED STATES|55|24|36386.74|0.05|55|41926|41926|53|53|15
15|MOROCCO|14|15|42791.53|0.0|14|41926|41926|53|53|15
24|UNITED STATES|46|24|45929.58|0.08|46|41926|41926|53|53|15
4|EGYPT|38|4|22376.42|0.05|38|41926|41926|53|53|15
22|RUSSIA|16|22|43407.9|0.0|16|16484|16484|53|53|15
9|INDONESIA|51|9|49553.68|0.09|51|9189|9189|856|856|15
0|ALGERIA|28|0|24189.48|0.06|28|44931|44931|856|856|15
6|FRANCE|70|6|75090.96|0.05|70|10947|10947|856|856|15
3|CANADA|20|3|26131.14|0.07|20|10947|10947|856|856|15
5|ETHIOPIA|63|5|58800.78|0.09|63|10947|10947|856|856|15
18|CHINA|41|18|995.09|0.05|41|10947|10947|856|856|15
14|KENYA|79|14|2288.48|0.04|79|20581|20581|856|856|15
6|FRANCE|70|6|4360.65|0.09|70|34212|34212|856|856|15
15|MOROCCO|14|15|5582.88|0.07|14|34212|34212|856|856|15
14|KENYA|47|14|34173.4|0.01|47|34212|34212|856|856|15
22|RUSSIA|25|22|2815.0|0.06|25|34212|34212|856|856|15
18|CHINA|27|18|29898.0|0.1|27|34212|34212|856|856|15
19|ROMANIA|52|19|1031.13|0.03|52|34212|34212|856|856|15
1|ARGENTINA|3|1|32270.7|0.08|3|34212|34212|856|856|15
17|PERU|1|17|43374.4|0.01|1|33794|33794|856|856|15
16|MOZAMBIQUE|58|16|70250.88|0.08|58|33794|33794|856|856|15
21|VIETNAM|35|21|36038.0|0.05|35|33794|33794|856|856|15
10|IRAN|34|10|2268.46|0.1|34|33794|33794|856|856|15
12|JAPAN|43|12|32763.96|0.06|43|33794|33794|856|856|15
22|RUSSIA|42|22|65588.03|0.01|42|33794|33794|856|856|15
3|CANADA|20|3|14225.54|0.0|20|33794|33794|856|856|15
6|FRANCE|70|6|44287.04|0.06|70|11910|11910|515|515|15
10|IRAN|34|10|26812.32|0.1|34|11910|11910|515|515|15
14|KENYA|76|14|7492.95|0.05|76|11910|11910|515|515|15
18|CHINA|27|18|11650.65|0.05|27|11910|11910|515|515|15
22|RUSSIA|40|22|41696.2|0.05|40|14818|14818|515|515|15
8|INDIA|61|8|21759.01|0.0|61|3715|3715|515|515|15
8|INDIA|15|8|36781.33|0.05|15|3715|3715|515|515|15
22|RUSSIA|65|22|20053.6|0.01|65|3715|3715|515|515|15
9|INDONESIA|51|9|57346.65|0.1|51|19588|19588|515|515|15
24|UNITED STATES|49|24|17133.6|0.06|49|19588|19588|515|515|15
19|ROMANIA|52|19|64747.9|0.06|52|19588|19588|515|515|15
5|ETHIOPIA|2|5|28083.78|0.01|2|19588|19588|515|515|15
4|EGYPT|22|4|10379.12|0.05|22|42532|42532|668|668|15
23|UNITED KINGDOM|66|23|30749.32|0.0|66|42532|42532|668|668|15
22|RUSSIA|42|22|87753.61|0.03|42|42532|42532|668|668|15
1|ARGENTINA|3|1|19396.72|0.07|3|42532|42532|668|668|15
19|ROMANIA|62|19|38540.7|0.05|62|32294|32294|668|668|15
8|INDIA|61|8|54892.52|0.09|61|32294|32294|668|668|15
22|RUSSIA|40|22|4881.24|0.02|40|14113|14113|668|668|15
8|INDIA|12|8|19972.05|0.0|12|14113|14113|668|668|15
7|GERMANY|44|7|8374.03|0.06|44|46758|46758|1070|1070|15
16|MOZAMBIQUE|31|16|36191.61|0.09|31|39494|39494|1070|1070|15
22|RUSSIA|40|22|3920.28|0.09|40|44357|44357|107|107|15
18|CHINA|72|18|30441.04|0.03|72|44357|44357|107|107|15
8|INDIA|60|8|47336.69|0.02|60|44357|44357|107|107|15
9|INDONESIA|45|9|5910.28|0.09|45|44357|44357|107|107|15
18|CHINA|41|18|40057.68|0.05|41|44357|44357|107|107|15
8|INDIA|60|8|37462.59|0.1|60|21664|21664|107|107|15
4|EGYPT|22|4|9856.71|0.09|22|9474|9474|107|107|15
18|CHINA|11|18|26698.77|0.08|11|9474|9474|107|107|15
9|INDONESIA|23|9|56468.72|0.1|23|9474|9474|107|107|15
0|ALGERIA|28|0|54635.04|0.07|28|9474|9474|107|107|15
4|EGYPT|38|4|53605.64|0.0|38|9474|9474|107|107|15
17|PERU|1|17|31450.68|0.01|1|8032|8032|107|107|15
21|VIETNAM|80|21|15887.25|0.07|80|26596|26596|107|107|15
11|IRAQ|5|11|59609.08|0.02|5|26596|26596|107|107|15
24|UNITED STATES|19|24|58765.21|0.02|19|26596|26596|107|107|15
7|GERMANY|33|7|40529.4|0.09|33|40292|40292|107|107|15
23|UNITED KINGDOM|32|23|38457.12|0.1|32|40292|40292|107|107|15
19|ROMANIA|52|19|43221.6|0.07|52|40292|40292|107|107|15
21|VIETNAM|80|21|42879.87|0.08|80|39138|39138|107|107|15
11|IRAQ|5|11|27689.6|0.08|5|39138|39138|107|107|15
9|INDONESIA|51|9|33188.16|0.09|51|39138|39138|107|107|15
5|ETHIOPIA|78|5|53994.72|0.03|78|39138|39138|107|107|15
24|UNITED STATES|10|24|26158.6|0.04|10|39138|39138|107|107|15
21|VIETNAM|80|21|42048.63|0.03|80|18182|18182|811|811|15
16|MOZAMBIQUE|73|16|14435.82|0.06|73|18182|18182|811|811|15
6|FRANCE|70|6|7928.72|0.06|70|18182|18182|811|811|15
6|FRANCE|70|6|61266.66|0.04|70|18182|18182|811|811|15
10|IRAN|34|10|25430.17|0.02|34|18182|18182|811|811|15
8|INDIA|39|8|45543.45|0.03|39|18182|18182|811|811|15
0|ALGERIA|28|0|8523.36|0.04|28|18182|18182|811|811|15
22|RUSSIA|42|22|52589.16|0.06|42|3424|3424|811|811|15
18|CHINA|72|18|26271.52|0.04|72|5575|5575|811|811|15
14|KENYA|79|14|12452.09|0.01|79|5575|5575|811|811|15
24|UNITED STATES|19|24|22408.0|0.0|19|5575|5575|811|811|15
7|GERMANY|53|7|9502.15|0.01|53|5575|5575|811|811|15
7|GERMANY|77|7|52929.61|0.05|77|39585|39585|811|811|15
14|KENYA|47|14|10793.61|0.04|47|39585|39585|811|811|15
21|VIETNAM|35|21|14730.1|0.0|35|39585|39585|811|811|15
10|IRAN|34|10|5866.35|0.08|34|39585|39585|811|811|15
23|UNITED KINGDOM|32|23|20938.26|0.07|32|39585|39585|811|811|15
19|ROMANIA|17|19|46417.6|0.09|17|39585|39585|811|811|15
5|ETHIOPIA|63|5|14445.4|0.09|63|39585|39585|811|811|15
18|CHINA|72|18|18602.33|0.07|72|27489|27489|811|811|15
13|JORDAN|36|13|3900.28|0.09|36|27489|27489|811|811|15
14|KENYA|79|14|60867.78|0.08|79|14434|14434|811|811|15
8|INDIA|12|8|57881.25|0.09|12|14434|14434|811|811|15
8|INDIA|39|8|9032.73|0.06|39|14434|14434|811|811|15
18|CHINA|41|18|36263.41|0.05|41|14434|14434|811|811|15
5|ETHIOPIA|63|5|2042.24|0.05|63|14434|14434|811|811|15
23|UNITED KINGDOM|7|23|60162.96|0.05|7|5248|5248|557|557|15
7|GERMANY|44|7|44914.05|0.0|44|5248|5248|557|557|15
7|GERMANY|33|7|41252.54|0.07|33|28806|28806|557|557|15
16|MOZAMBIQUE|56|16|17929.62|0.06|56|28806|28806|557|557|15
18|CHINA|75|18|72987.28|0.02|75|28806|28806|557|557|15
5|ETHIOPIA|63|5|29504.64|0.04|63|30439|30439|557|557|15
17|PERU|1|17|15038.38|0.06|1|15040|15040|557|557|15
21|VIETNAM|26|21|26152.14|0.1|26|15040|15040|557|557|15
16|MOZAMBIQUE|58|16|27373.8|0.04|58|15040|15040|557|557|15
5|ETHIOPIA|78|5|46849.8|0.03|78|15040|15040|557|557|15
17|PERU|1|17|36262.96|0.09|1|2947|2947|557|557|15
17|PERU|1|17|13834.8|0.09|1|2947|2947|557|557|15
23|UNITED KINGDOM|32|23|7322.8|0.08|32|9698|9698|1190|1190|15
18|CHINA|72|18|43787.81|0.01|72|18533|18533|1190|1190|15
18|CHINA|11|18|43408.53|0.04|11|14401|14401|1190|1190|15
0|ALGERIA|37|0|55012.71|0.06|37|14401|14401|1190|1190|15
13|JORDAN|36|13|26788.6|0.07|36|14401|14401|1190|1190|15
2|BRAZIL|21|2|16487.85|0.06|21|14401|14401|1190|1190|15
14|KENYA|76|14|22464.72|0.1|76|14401|14401|1190|1190|15
21|VIETNAM|80|21|45968.72|0.06|80|46433|46433|1190|1190|15
22|RUSSIA|25|22|20055.42|0.1|25|46433|46433|1190|1190|15
16|MOZAMBIQUE|56|16|30303.0|0.0|56|46433|46433|1190|1190|15
4|EGYPT|67|4|29807.36|0.04|67|46433|46433|1190|1190|15
12|JAPAN|54|12|46298.75|0.06|54|46433|46433|1190|1190|15
22|RUSSIA|25|22|56566.04|0.05|25|18726|18726|1064|1064|15
22|RUSSIA|42|22|48410.8|0.08|42|18726|18726|1064|1064|15
10|IRAN|34|10|42489.09|0.06|34|20643|20643|1064|1064|15
14|KENYA|76|14|40407.93|0.06|76|20643|20643|1064|1064|15
21|VIETNAM|68|21|33733.58|0.05|68|40326|40326|1064|1064|15
23|UNITED KINGDOM|7|23|46345.76|0.05|7|2979|2979|1064|1064|15
6|FRANCE|70|6|34000.68|0.05|70|2979|2979|1064|1064|15
24|UNITED STATES|46|24|7720.48|0.0|46|2979|2979|1064|1064|15
16|MOZAMBIQUE|18|16|49157.5|0.04|18|2979|2979|1064|1064|15
0|ALGERIA|37|0|64148.64|0.01|37|14662|14662|1064|1064|15
3|CANADA|13|3|17154.9|0.0|13|14662|14662|1064|1064|15
10|IRAN|34|10|23908.65|0.03|34|14662|14662|1064|1064|15
16|MOZAMBIQUE|56|16|24846.52|0.02|56|14662|14662|1064|1064|15
8|INDIA|39|8|74041.9|0.07|39|14662|14662|1064|1064|15
1|ARGENTINA|3|1|5846.24|0.09|3|14662|14662|1064|1064|15
22|RUSSIA|40|22|33173.07|0.01|40|10820|10820|529|529|15
19|ROMANIA|62|19|26260.56|0.02|62|10820|10820|529|529|15
24|UNITED STATES|55|24|22984.48|0.05|55|10820|10820|529|529|15
23|UNITED KINGDOM|66|23|41203.96|0.1|66|10820|10820|529|529|15
5|ETHIOPIA|78|5|32873.36|0.01|78|10820|10820|529|529|15
8|INDIA|39|8|37670.07|0.09|39|10820|10820|529|529|15
4|EGYPT|38|4|2276.46|0.06|38|10820|10820|529|529|15
23|UNITED KINGDOM|66|23|2977.16|0.1|66|44837|44837|529|529|15
10|IRAN|34|10|35030.52|0.0|34|44837|44837|529|529|15
19|ROMANIA|17|19|22889.48|0.1|17|44837|44837|529|529|15
24|UNITED STATES|64|24|52619.76|0.09|64|44837|44837|529|529|15
20|SAUDI ARABIA|74|20|53439.4|0.05|74|44837|44837|529|529|15
1|ARGENTINA|3|1|19686.15|0.03|3|44837|44837|529|529|15
16|MOZAMBIQUE|73|16|17881.11|0.05|73|21956|21956|529|529|15
7|GERMANY|44|7|61121.76|0.0|44|21956|21956|529|529|15
7|GERMANY|77|7|63001.83|0.05|77|21956|21956|529|529|15
19|ROMANIA|17|19|35150.76|0.05|17|21956|21956|529|529|15
7|GERMANY|53|7|61434.98|0.0|53|21956|21956|529|529|15
14|KENYA|6|14|28919.05|0.05|6|9411|9411|529|529|15
22|RUSSIA|25|22|25528.0|0.09|25|9411|9411|529|529|15
10|IRAN|9|10|57469.92|0.06|9|6817|6817|529|529|15
13|JORDAN|36|13|64904.4|0.03|36|6817|6817|529|529|15
17|PERU|57|17|22353.66|0.08|57|10051|10051|529|529|15
9|INDONESIA|45|9|43425.84|0.08|45|10051|10051|529|529|15
0|ALGERIA|28|0|48473.46|0.08|28|10051|10051|529|529|15
22|RUSSIA|42|22|47145.84|0.06|42|10051|10051|529|529|15
18|CHINA|72|18|6739.12|0.02|72|11232|11232|529|529|15
21|VIETNAM|35|21|15986.9|0.0|35|11232|11232|529|529|15
16|MOZAMBIQUE|56|16|39308.05|0.07|56|11232|11232|529|529|15
2|BRAZIL|21|2|9242.94|0.04|21|11232|11232|529|529|15
11|IRAQ|5|11|40675.69|0.05|5|41571|41571|529|529|15
0|ALGERIA|37|0|10901.99|0.07|37|41571|41571|529|529|15
8|INDIA|15|8|36309.41|0.02|15|41571|41571|529|529|15
2|BRAZIL|21|2|35878.64|0.03|21|41571|41571|529|529|15
22|RUSSIA|42|22|55851.84|0.08|42|41571|41571|529|529|15
17|PERU|8|17|48429.48|0.1|8|32678|32678|848|848|15
6|FRANCE|70|6|9033.76|0.03|70|32678|32678|848|848|15
19|ROMANIA|17|19|28080.9|0.1|17|32678|32678|848|848|15
19|ROMANIA|62|19|15472.56|0.05|62|38881|38881|848|848|15
18|CHINA|11|18|40921.32|0.07|11|38881|38881|848|848|15
4|EGYPT|22|4|1483.58|0.06|22|38881|38881|848|848|15
5|ETHIOPIA|78|5|71616.44|0.0|78|38881|38881|848|848|15
4|EGYPT|67|4|40718.0|0.1|67|38881|38881|848|848|15
0|ALGERIA|28|0|52496.24|0.02|28|38881|38881|848|848|15
4|EGYPT|38|4|52953.6|0.03|38|38881|38881|848|848|15
1|ARGENTINA|71|1|40438.08|0.0|71|40230|40230|814|814|15
13|JORDAN|36|13|35533.44|0.02|36|40230|40230|814|814|15
16|MOZAMBIQUE|31|16|11612.4|0.05|31|40230|40230|814|814|15
22|RUSSIA|40|22|25948.62|0.01|40|22789|22789|814|814|15
18|CHINA|75|18|28113.36|0.02|75|22789|22789|814|814|15
23|UNITED KINGDOM|7|23|1231.33|0.05|7|30532|30532|814|814|15
11|IRAQ|5|11|6713.35|0.06|5|30532|30532|814|814|15
14|KENYA|48|14|4340.72|0.01|48|30532|30532|814|814|15
16|MOZAMBIQUE|58|16|2316.5|0.08|58|30532|30532|814|814|15
9|INDONESIA|23|9|21341.18|0.03|23|30532|30532|814|814|15
16|MOZAMBIQUE|30|16|25407.18|0.08|30|30532|30532|814|814|15
5|ETHIOPIA|63|5|34236.5|0.08|63|30532|30532|814|814|15
3|CANADA|13|3|28561.5|0.04|13|29351|29351|814|814|15
16|MOZAMBIQUE|58|16|42273.72|0.01|58|19552|19552|814|814|15
17|PERU|8|17|55411.4|0.1|8|18820|18820|814|814|15
23|UNITED KINGDOM|7|23|2937.12|0.07|7|18820|18820|814|814|15
11|IRAQ|5|11|48678.3|0.07|5|18820|18820|814|814|15
22|RUSSIA|40|22|48114.43|0.0|40|18820|18820|814|814|15
4|EGYPT|67|4|1448.54|0.05|67|18820|18820|814|814|15
16|MOZAMBIQUE|31|16|15942.16|0.07|31|18820|18820|814|814|15
21|VIETNAM|68|21|4471.74|0.04|68|15139|15139|776|776|15
2|BRAZIL|21|2|2562.76|0.05|21|15139|15139|776|776|15
22|RUSSIA|16|22|25155.36|0.01|16|15139|15139|776|776|15
18|CHINA|75|18|32050.32|0.02|75|15139|15139|776|776|15
18|CHINA|11|18|25962.45|0.09|11|9729|9729|776|776|15
22|RUSSIA|25|22|58714.92|0.08|25|9729|9729|776|776|15
15|MOROCCO|4|15|48958.65|0.04|4|9729|9729|776|776|15
22|RUSSIA|65|22|23100.5|0.05|65|9729|9729|776|776|15
21|VIETNAM|80|21|5724.3|0.03|80|31876|31876|776|776|15
22|RUSSIA|25|22|40843.84|0.09|25|31876|31876|776|776|15
24|UNITED STATES|19|24|28944.61|0.08|19|31876|31876|776|776|15
24|UNITED STATES|19|24|54955.22|0.09|19|31876|31876|776|776|15
16|MOZAMBIQUE|18|16|89894.5|0.03|18|31876|31876|776|776|15
9|INDONESIA|51|9|31354.02|0.0|51|39716|39716|776|776|15
14|KENYA|79|14|6907.4|0.08|79|39716|39716|776|776|15
16|MOZAMBIQUE|73|16|72391.5|0.07|73|29986|29986|776|776|15
14|KENYA|47|14|14367.48|0.08|47|29986|29986|776|776|15
9|INDONESIA|23|9|19252.8|0.0|23|29986|29986|776|776|15
8|INDIA|61|8|34951.95|0.0|61|3812|3812|325|325|15
8|INDIA|15|8|42285.54|0.06|15|3812|3812|325|325|15
11|IRAQ|5|11|7062.55|0.0|5|13285|13285|325|325|15
14|KENYA|48|14|53906.7|0.09|48|26211|26211|325|325|15
0|ALGERIA|37|0|25436.74|0.07|37|28324|28324|325|325|15
21|VIETNAM|68|21|35177.8|0.03|68|28324|28324|325|325|15
8|INDIA|12|8|55995.66|0.02|12|28324|28324|325|325|15
15|MOROCCO|4|15|52094.84|0.0|4|28324|28324|325|325|15
12|JAPAN|54|12|5771.25|0.01|54|28324|28324|325|325|15
12|JAPAN|43|12|4273.56|0.07|43|28324|28324|325|325|15
8|INDIA|39|8|49503.82|0.03|39|28324|28324|325|325|15
16|MOZAMBIQUE|73|16|37281.2|0.08|73|32929|32929|1090|1090|15
18|CHINA|11|18|38078.26|0.05|11|32929|32929|1090|1090|15
18|CHINA|11|18|17343.75|0.06|11|32929|32929|1090|1090|15
1|ARGENTINA|71|1|61118.33|0.1|71|32929|32929|1090|1090|15
1|ARGENTINA|71|1|26908.8|0.01|71|32929|32929|1090|1090|15
14|KENYA|76|14|50520.21|0.1|76|32929|32929|1090|1090|15
24|UNITED STATES|10|24|8881.6|0.09|10|40455|40455|1090|1090|15
11|IRAQ|5|11|29992.76|0.02|5|13638|13638|1090|1090|15
16|MOZAMBIQUE|56|16|55860.86|0.04|56|13638|13638|1090|1090|15
10|IRAN|34|10|31251.22|0.02|34|13638|13638|1090|1090|15
4|EGYPT|38|4|26332.56|0.02|38|13638|13638|1090|1090|15
22|RUSSIA|42|22|61931.94|0.0|42|13638|13638|1090|1090|15
7|GERMANY|53|7|58284.35|0.01|53|13638|13638|1090|1090|15
9|INDONESIA|23|9|38121.3|0.05|23|40322|40322|1090|1090|15
24|UNITED STATES|55|24|6523.08|0.0|55|1380|1380|1090|1090|15
10|IRAN|34|10|45786.84|0.04|34|1380|1380|1090|1090|15
14|KENYA|76|14|41124.8|0.02|76|1380|1380|1090|1090|15
5|ETHIOPIA|63|5|22839.3|0.05|63|1380|1380|1090|1090|15
7|GERMANY|77|7|53685.28|0.07|77|21989|21989|1090|1090|15
9|INDONESIA|50|9|27005.28|0.03|50|21989|21989|1090|1090|15
0|ALGERIA|37|0|37192.68|0.05|37|21989|21989|1090|1090|15
21|VIETNAM|35|21|14935.9|0.0|35|21989|21989|1090|1090|15
0|ALGERIA|24|0|28896.0|0.02|24|21989|21989|1090|1090|15
2|BRAZIL|21|2|42329.26|0.03|21|21989|21989|1090|1090|15
24|UNITED STATES|49|24|20062.0|0.06|49|21989|21989|1090|1090|15
9|INDONESIA|51|9|31744.63|0.09|51|28583|28583|1090|1090|15
7|GERMANY|44|7|20960.8|0.01|44|31490|31490|1090|1090|15
23|UNITED KINGDOM|66|23|39715.2|0.04|66|31490|31490|1090|1090|15
18|CHINA|72|18|35942.06|0.09|72|31490|31490|1090|1090|15
24|UNITED STATES|10|24|15317.39|0.08|10|31490|31490|1090|1090|15
19|ROMANIA|17|19|37705.23|0.05|17|31490|31490|1090|1090|15
3|CANADA|20|3|78958.74|0.02|20|31490|31490|1090|1090|15
17|PERU|8|17|10811.8|0.03|8|24099|24099|1090|1090|15
4|EGYPT|22|4|39873.05|0.04|22|24099|24099|1090|1090|15
17|PERU|59|17|16627.19|0.06|59|24099|24099|1090|1090|15
14|KENYA|48|14|30976.64|0.01|48|24099|24099|1090|1090|15
8|INDIA|12|8|25100.82|0.08|12|24099|24099|1090|1090|15
24|UNITED STATES|10|24|7077.77|0.09|10|24099|24099|1090|1090|15
5|ETHIOPIA|2|5|28389.59|0.05|2|24099|24099|1090|1090|15
22|RUSSIA|40|22|54713.6|0.02|40|41062|41062|1090|1090|15
18|CHINA|11|18|60544.08|0.07|11|41062|41062|1090|1090|15
23|UNITED KINGDOM|32|23|31407.39|0.04|32|41062|41062|1090|1090|15
18|CHINA|75|18|69074.0|0.08|75|4643|4643|533|533|15
8|INDIA|12|8|7288.08|0.06|12|40356|40356|533|533|15
18|CHINA|75|18|58373.21|0.08|75|40356|40356|533|533|15
1|ARGENTINA|3|1|59598.0|0.04|3|40356|40356|533|533|15
7|GERMANY|44|7|53722.08|0.01|44|29158|29158|533|533|15
18|CHINA|72|18|63956.2|0.05|72|29158|29158|533|533|15
14|KENYA|47|14|37033.26|0.09|47|29158|29158|533|533|15
8|INDIA|12|8|68281.01|0.06|12|29158|29158|533|533|15
16|MOZAMBIQUE|18|16|45535.56|0.0|18|29158|29158|533|533|15
18|CHINA|75|18|47637.66|0.06|75|29158|29158|533|533|15
3|CANADA|20|3|58860.45|0.08|20|29158|29158|533|533|15
17|PERU|8|17|44006.76|0.04|8|44932|44932|950|950|15
8|INDIA|61|8|28110.48|0.05|61|44932|44932|950|950|15
21|VIETNAM|68|21|46449.6|0.0|68|44932|44932|950|950|15
24|UNITED STATES|46|24|8388.03|0.05|46|44932|44932|950|950|15
14|KENYA|79|14|70193.97|0.05|79|44932|44932|950|950|15
5|ETHIOPIA|78|5|15217.11|0.02|78|44932|44932|950|950|15
10|IRAN|34|10|17857.62|0.03|34|44932|44932|950|950|15
0|ALGERIA|37|0|8003.5|0.06|37|43363|43363|950|950|15
22|RUSSIA|65|22|43570.5|0.04|65|43363|43363|950|950|15
12|JAPAN|43|12|9985.64|0.09|43|43363|43363|950|950|15
0|ALGERIA|28|0|22332.42|0.05|28|43363|43363|950|950|15
22|RUSSIA|16|22|6198.78|0.09|16|43363|43363|950|950|15
24|UNITED STATES|49|24|80346.77|0.03|49|43363|43363|950|950|15
21|VIETNAM|68|21|66199.5|0.08|68|839|839|224|224|15
1|ARGENTINA|3|1|26639.75|0.07|3|839|839|224|224|15
16|MOZAMBIQUE|73|16|1143.24|0.03|73|42727|42727|224|224|15
22|RUSSIA|25|22|62867.5|0.08|25|42727|42727|224|224|15
17|PERU|57|17|41445.2|0.05|57|42727|42727|224|224|15
14|KENYA|6|14|18125.14|0.02|6|27589|27589|224|224|15
24|UNITED STATES|55|24|16289.4|0.09|55|27589|27589|224|224|15
8|INDIA|15|8|14911.35|0.01|15|27589|27589|224|224|15
20|SAUDI ARABIA|74|20|51295.44|0.1|74|27589|27589|224|224|15
19|ROMANIA|52|19|23699.46|0.06|52|27589|27589|224|224|15
17|PERU|8|17|12109.2|0.06|8|101|101|224|224|15
17|PERU|1|17|90549.06|0.1|1|101|101|224|224|15
16|MOZAMBIQUE|56|16|43498.8|0.0|56|101|101|224|224|15
17|PERU|8|17|36664.0|0.07|8|39526|39526|532|532|15
16|MOZAMBIQUE|58|16|31113.9|0.06|58|39526|39526|532|532|15
20|SAUDI ARABIA|74|20|59659.92|0.02|74|39526|39526|532|532|15
24|UNITED STATES|55|24|41975.15|0.09|55|7329|7329|532|532|15
8|INDIA|60|8|40003.6|0.01|60|7329|7329|532|532|15
10|IRAN|9|10|9193.87|0.04|9|7329|7329|532|532|15
1|ARGENTINA|29|1|19377.54|0.08|29|7329|7329|532|532|15
7|GERMANY|77|7|61118.33|0.06|77|8064|8064|532|532|15
17|PERU|59|17|43276.2|0.09|59|8064|8064|532|532|15
14|KENYA|79|14|6222.78|0.05|79|8064|8064|532|532|15
16|MOZAMBIQUE|56|16|28906.25|0.01|56|8064|8064|532|532|15
1|ARGENTINA|71|1|1530.63|0.06|71|11109|11109|532|532|15
14|KENYA|47|14|2961.24|0.09|47|11109|11109|532|532|15
9|INDONESIA|45|9|52628.16|0.03|45|9344|9344|532|532|15
10|IRAN|34|10|34056.72|0.09|34|9344|9344|532|532|15
14|KENYA|76|14|74878.8|0.04|76|9344|9344|532|532|15
12|JAPAN|43|12|74130.32|0.04|43|9344|9344|532|532|15
0|ALGERIA|28|0|2520.7|0.1|28|9344|9344|532|532|15
20|SAUDI ARABIA|74|20|43401.11|0.0|74|9344|9344|532|532|15
16|MOZAMBIQUE|30|16|53447.94|0.06|30|9344|9344|532|532|15
4|EGYPT|22|4|52752.15|0.05|22|19111|19111|532|532|15
5|ETHIOPIA|78|5|41516.01|0.02|78|19111|19111|532|532|15
7|GERMANY|53|7|68857.44|0.08|53|19111|19111|532|532|15
18|CHINA|75|18|26861.38|0.02|75|19111|19111|532|532|15
6|FRANCE|70|6|84030.36|0.1|70|39079|39079|532|532|15
21|VIETNAM|35|21|30806.89|0.03|35|39079|39079|532|532|15
16|MOZAMBIQUE|56|16|54983.34|0.04|56|39079|39079|532|532|15
23|UNITED KINGDOM|32|23|44063.88|0.01|32|39079|39079|532|532|15
23|UNITED KINGDOM|66|23|44429.97|0.06|66|29378|29378|532|532|15
17|PERU|57|17|42341.56|0.01|57|29378|29378|532|532|15
16|MOZAMBIQUE|56|16|47812.32|0.09|56|29378|29378|532|532|15
23|UNITED KINGDOM|32|23|73577.7|0.01|32|29378|29378|532|532|15
22|RUSSIA|65|22|37360.2|0.01|65|29378|29378|532|532|15
2|BRAZIL|21|2|45083.68|0.04|21|29378|29378|532|532|15
19|ROMANIA|52|19|19712.88|0.06|52|29378|29378|532|532|15
1|ARGENTINA|71|1|19641.42|0.05|71|10691|10691|532|532|15
1|ARGENTINA|29|1|11392.3|0.04|29|10691|10691|532|532|15
12|JAPAN|54|12|49331.32|0.1|54|10691|10691|532|532|15
18|CHINA|11|18|42329.26|0.02|11|10054|10054|532|532|15
23|UNITED KINGDOM|32|23|56908.18|0.0|32|10054|10054|532|532|15
9|INDONESIA|51|9|65160.03|0.1|51|33669|33669|664|664|15
4|EGYPT|69|4|44904.74|0.04|69|33669|33669|664|664|15
9|INDONESIA|45|9|50862.46|0.07|45|33669|33669|664|664|15
17|PERU|59|17|47931.6|0.1|59|1091|1091|664|664|15
9|INDONESIA|51|9|73795.49|0.02|51|41639|41639|664|664|15
22|RUSSIA|25|22|27190.98|0.09|25|41639|41639|664|664|15
8|INDIA|12|8|36230.74|0.0|12|41639|41639|664|664|15
24|UNITED STATES|19|24|38053.14|0.02|19|41639|41639|664|664|15
