64244.64|0.02|5569
20504.23|0.06|2566
39908.4|0.01|3655
9960.9|0.1|3204
16341.64|0.06|3776
39049.17|0.02|28290
46219.78|0.05|9958
3603.9|0.09|69
54700.8|0.1|2786
9631.53|0.04|2566
18679.8|0.0|1444
17268.75|0.03|2885
33235.5|0.03|4645
48040.43|0.07|6977
50118.18|0.08|3589
43464.58|0.1|9826
41399.96|0.0|7527
72538.05|0.03|8869
35226.76|0.03|9958
48352.9|0.03|5415
72211.5|0.0|1059
60073.24|0.05|6757
15207.28|0.08|8803
21583.4|0.01|2753
20037.78|0.0|8869
11043.76|0.0|1796
4063.35|0.1|6438
7918.61|0.07|1059
27354.75|0.05|4931
6862.35|0.03|3655
30032.0|0.01|1411
37225.7|0.09|1059
42604.33|0.04|5921
51122.94|0.1|5316
18760.6|0.06|6823
73073.44|0.05|8869
55744.77|0.06|2786
31562.16|0.05|2852
13045.86|0.08|6625
11370.24|0.09|6977
13919.76|0.04|1312
20409.23|0.1|5569
63292.5|0.02|29280
32163.2|0.03|2368
37129.95|0.1|3204
29311.68|0.05|2852
42164.4|0.08|3842
52850.7|0.01|1444
1521.62|0.05|4359
48363.84|0.06|6823
24098.4|0.1|1125
35069.7|0.09|2852
31681.98|0.07|7879
40306.28|0.06|28290
66978.95|0.03|5635
7868.46|0.01|2852
42595.41|0.08|2368
36964.12|0.04|7879
39395.37|0.07|3842
53697.24|0.05|40708
8030.68|0.07|2753
27780.6|0.01|7879
88493.0|0.03|9826
36240.27|0.04|28290
36816.1|0.08|6438
50461.92|0.04|2720
43433.46|0.09|2720
13005.08|0.0|5415
13222.43|0.04|7527
23965.74|0.05|9606
7033.62|0.02|6944
38407.32|0.09|2148
16893.3|0.03|31809
41685.6|0.01|28290
17875.36|0.02|40928
35802.39|0.05|3776
16818.2|0.04|9606
11485.18|0.05|3138
1692.79|0.05|30819
41987.95|0.08|1345
76112.08|0.04|38080
48350.06|0.07|3138
33732.18|0.09|3138
45818.21|0.06|31809
11117.97|0.04|3457
21183.0|0.0|5954
7362.85|0.05|5635
38121.48|0.06|5767
33409.42|0.04|6119
35895.24|0.04|2753
24426.61|0.01|1059
18713.89|0.09|3842
35813.25|0.02|6977
33320.28|0.07|7813
23324.53|0.08|9606
55701.77|0.06|2885
48707.17|0.08|7879
8993.76|0.03|4359
7092.55|0.01|2885
62919.83|0.02|2500
59871.84|0.06|5767
39380.5|0.06|9639
24455.01|0.06|5921
17875.36|0.04|2368
39192.05|0.03|3457
85112.77|0.06|40609
39526.46|0.02|7747
72147.66|0.1|40807
46064.96|0.1|4359
8849.6|0.06|4931
40503.86|0.06|2500
49159.32|0.02|3556
39683.6|0.08|4612
56508.48|0.08|2566
4051.32|0.02|40708
31714.88|0.03|5635
52732.33|0.05|4227
21743.1|0.07|5767
68784.66|0.07|69
33076.4|0.08|6977
28280.75|0.1|5569
43908.16|0.01|5415
38733.82|0.02|1444
46921.17|0.03|40609
50118.18|0.1|4645
9084.55|0.02|5921
29247.24|0.09|8803
43649.19|0.04|6823
62028.24|0.0|40807
43182.08|0.0|4007
23695.38|0.03|8803
74174.32|0.07|5921
47252.0|0.05|38080
46930.8|0.08|9925
1815.91|0.02|38080
23939.96|0.09|8803
2993.18|0.02|4227
41454.58|0.01|8803
1674.77|0.1|3655
50881.04|0.09|1895
18960.8|0.02|4612
33272.91|0.09|4645
47186.24|0.0|3138
50426.88|0.01|3776
46913.84|0.04|2786
18770.25|0.1|6757
51504.95|0.04|3655
59956.4|0.09|9925
