11527
11109
7584
22307
33637
901
45825
31008
3173
2051
40578
12704
8134
43207
45506
35969
47618
36706
10405
7045
21988
31844
46848
46309
45858
11747
15619
13606
35617
41216
45319
21735
30656
30722
40611
36838
31558
12836
32614
4262
12902
8486
35936
24738
16807
18919
6242
8387
47717
12935
9443
43108
9575
13408
20800
23649
71
45924
45605
40325
34946
8035
22406
32548
40897
20613
41249
41447
41700
40710
42756
40644
16708
30689
42624
46529
41733
20998
5571
8420
46727
40006
20129
43713
14948
31943
21856
20899
12517
3041
32900
25508
8101
41315
13958
43845
10438
417
21636
27939
32933
22945
43911
30854
11428
30535
868
736
22912
21889
31712
30117
10823
37828
20327
31778
43746
23814
3492
9696
30018
8871
10658
4482
615
6660
33505
7430
2150
21669
36739
40545
41348
23847
21702
4196
769
3591
15938
3360
5670
9223
44615
22659
40512
39907
11648
44802
44417
1094
9025
8673
13507
4064
39808
4295
31426
10757
8002
37927
43812
43427
42338
10339
36519
47904
40996
35815
12418
14849
9795
21504
38917
8068
33703
835
8354
41568
32768
12803
32801
13826
32966
9157
40358
42657
41953
24837
44967
6176
22978
42976
31107
9861
46947
16609
28709
40963
15905
22758
4581
41634
31239
6341
24419
9344
42855
36805
9410
30821
24903
31877
31910
5472
33956
13859
23616
25728
14816
40259
967
34627
32515
4130
9124
20679
41601
45539
22725
6880
35749
10119
10306
44769
27719
20514
14915
28929
33923
1380
37729
3074
32999
12869
7463
24518
8321
7298
27906
30469
1061
30436
44901
44549
20646
34913
7331
44835
9476
43328
33989
21317
34407
7397
11846
24804
31459
