36483
35460
18982
35042
15495
35361
34371
17255
15143
39398
39046
17475
26594
39552
28101
14692
28288
19521
19587
12162
38375
22084
27463
46086
45283
39585
17222
42181
33062
15363
19686
10182
39684
15297
19136
18498
12096
31170
43072
11040
20192
14340
18212
33095
17024
36450
37121
2817
35075
36384
29025
37473
14054
17156
18278
26022
38210
15044
17893
16320
46790
18630
47681
20071
25252
25120
18784
17057
19620
29894
35680
28167
38595
43171
26880
37088
38276
27078
27584
1959
14560
11392
36098
19169
35174
28035
14373
21380
39651
14087
26242
27232
17442
45184
28640
26055
37671
46240
15330
28354
13570
28420
43490
10083
47175
32292
11073
22183
37440
18663
23041
28387
34151
39783
18883
47395
22370
47296
18113
28134
194
12195
27364
37220
19301
13185
37990
4929
46273
4709
19873
26693
23360
36164
38342
480
39013
24163
23492
32193
46020
37154
38980
27045
39299
12261
15264
25285
38177
32391
18179
1508
19653
28068
33282
3939
25351
18850
23591
44260
3906
19334
18311
47076
25186
16452
13031
22051
27782
28673
26275
35394
16551
14274
16870
14791
18597
39970
20390
16485
34085
17794
33381
12294
27298
38243
25153
11491
45382
29344
26660
1827
45250
34690
44480
12580
36197
38881
260
35141
1409
39200
13383
24064
30180
28321
34272
44161
26561
16100
15011
26374
16386
27397
