6852
3783
42629
41859
1792
9767
8227
9536
9668
609
4069
30529
5510
4487
8711
7237
8645
7589
1286
8931
8326
4322
9954
12709
3970
1187
3233
41408
3299
9888
4256
9701
9921
22818
35809
40517
3750
8898
708
4454
5763
1440
6214
34918
2980
2177
11906
7523
42816
1671
21828
807
2276
23808
4135
8359
7974
32839
6753
4289
6401
7776
7424
35908
4421
41826
44609
40803
5125
5895
6148
22917
3266
6115
2661
7556
2881
40737
7875
1088
6599
1473
6720
2023
32707
40836
5796
2144
47909
2375
34819
7457
9316
7105
44708
9349
6049
6368
41958
8678
6467
4960
4036
10949
5543
6885
11719
30848
42849
6951
31937
40869
3079
43938
7622
3013
20838
4641
10916
30947
6247
8513
40902
8997
9987
5477
40704
30727
46919
4993
8007
1121
21729
2694
8832
1891
23907
6786
40935
6533
2595
7941
43905
5411
928
