38231.1|0.08|16326
6321.0|0.08|36896
65893.96|0.02|31297
1863.96|0.08|11585
68290.68|0.07|33189
2208.4|0.09|29856
43726.9|0.1|29218
3585.87|0.0|18405
24245.45|0.04|25445
7007.7|0.07|47456
45958.14|0.1|36357
1304.4|0.06|42242
41894.25|0.01|25478
48126.03|0.1|46884
56490.75|0.05|13895
26341.35|0.07|27557
15989.05|0.0|22882
41612.48|0.02|46147
48813.36|0.1|11398
1018.11|0.03|19109
36038.0|0.05|33794
24867.54|0.05|18119
28136.68|0.03|46785
21703.6|0.03|12773
32951.36|0.1|24257
23502.16|0.1|27843
34540.51|0.0|20132
27929.13|0.08|34311
22276.97|0.02|16832
46284.7|0.1|772
37891.92|0.07|28228
27459.9|0.07|38689
9762.56|0.09|38304
41708.64|0.0|15556
8282.82|0.04|25830
1213.31|0.1|26501
3060.33|0.01|46884
44880.0|0.04|37831
21107.1|0.03|13411
31927.02|0.01|20451
60826.78|0.0|36357
54202.4|0.03|15842
59661.64|0.05|23586
15088.2|0.09|18823
26416.08|0.02|33893
46628.4|0.09|38656
59182.8|0.07|10144
40004.63|0.02|44992
24245.62|0.04|43364
26579.0|0.0|32100
36551.2|0.03|45476
36263.41|0.05|14434
5297.68|0.04|17987
50368.92|0.01|29889
46967.7|0.02|33893
27954.42|0.1|19329
58364.32|0.07|12773
47333.7|0.08|41890
34308.48|0.0|27425
70635.46|0.03|36005
62842.05|0.06|23685
33372.72|0.08|23168
49403.34|0.07|25313
37559.07|0.05|25863
34442.8|0.03|41472
26732.16|0.1|27557
19211.09|0.02|29702
18081.14|0.1|29537
5656.15|0.09|17217
13199.04|0.04|41120
38650.7|0.01|30340
915.01|0.01|38304
33380.48|0.01|22497
46470.6|0.03|28899
50706.0|0.01|35301
30322.76|0.01|17668
39447.92|0.01|16711
28711.82|0.04|39426
28919.05|0.06|14720
21472.95|0.07|18405
26830.44|0.02|17701
12203.2|0.1|42022
45718.53|0.08|33893
11772.56|0.02|45542
27946.52|0.08|11552
3655.84|0.04|21760
46951.5|0.03|44387
84312.83|0.01|35136
35015.86|0.08|12256
12303.3|0.1|43650
25828.08|0.05|33255
76024.08|0.0|21540
42029.92|0.08|321
67479.72|0.01|44453
64733.85|0.0|11332
40896.9|0.07|33189
59062.14|0.08|16326
37991.25|0.09|10661
56068.8|0.08|16513
42315.0|0.03|35554
16825.82|0.1|13543
40237.23|0.1|28932
36621.0|0.03|17668
69003.52|0.02|38436
48388.06|0.0|18757
11947.98|0.01|47940
61265.76|0.1|46466
8481.28|0.0|29856
72421.05|0.02|22497
59943.6|0.03|19813
18531.76|0.0|20066
10307.04|0.08|37798
57349.6|0.0|34432
15669.72|0.02|12256
20145.32|0.07|28228
19571.25|0.05|16359
57346.65|0.0|18625
77161.78|0.08|47621
27203.19|0.03|13378
30888.99|0.03|17635
47617.0|0.01|30087
19754.79|0.1|25797
82751.85|0.05|23333
7547.19|0.02|27205
8541.12|0.06|28228
20978.23|0.08|13158
10293.99|0.08|35840
43835.56|0.07|14016
5113.48|0.05|27876
37363.02|0.06|31682
16253.4|0.09|25478
66669.97|0.09|13895
51607.08|0.1|18119
40260.44|0.07|44772
75931.8|0.01|39910
30116.2|0.08|22563
29024.78|0.04|27205
63206.5|0.07|11398
18102.37|0.08|33024
69610.32|0.0|25445
41085.45|0.04|28932
28365.92|0.0|10661
11784.96|0.01|40097
62181.01|0.05|37798
66821.5|0.01|39844
34620.96|0.0|38821
35949.2|0.02|45762
29797.9|0.0|37765
55696.74|0.01|29537
25857.93|0.1|46466
28381.05|0.02|11684
66040.2|0.02|29702
55358.8|0.03|772
6361.85|0.09|47203
34476.4|0.05|17635
54093.76|0.09|11299
24953.88|0.05|37831
26432.52|0.01|27810
19261.2|0.02|25027
2288.48|0.07|18757
4897.28|0.0|32485
36360.74|0.09|23685
40903.8|0.0|41890
30272.2|0.09|28327
43387.52|0.07|20066
14864.32|0.04|25126
76184.22|0.06|11299
43446.54|0.02|31462
41581.7|0.1|45025
28380.06|0.09|31330
13974.9|0.02|22882
3423.62|0.04|31363
47787.48|0.1|47203
34336.75|0.09|10562
33081.96|0.03|18757
26245.89|0.09|20451
15921.22|0.1|44992
2042.24|0.05|14434
26180.84|0.01|31781
48165.15|0.08|46466
38825.04|0.05|15303
38855.18|0.06|10562
59612.92|0.05|26116
33185.5|0.05|34883
1391.49|0.0|26567
7700.28|0.05|23652
21602.88|0.06|10562
47902.68|0.06|167
55204.89|0.01|12773
43488.0|0.0|33156
8673.44|0.09|38821
8000.72|0.01|12960
64336.71|0.08|25731
8473.2|0.04|23751
59099.37|0.0|45410
8381.03|0.01|39712
2588.78|0.07|13158
4117.41|0.07|34432
40112.1|0.0|11332
28090.0|0.1|34311
69775.26|0.04|18625
27749.82|0.0|33024
29599.92|0.03|12641
24486.4|0.06|26369
26380.56|0.05|43364
13404.69|0.04|32199
31087.32|0.09|26402
61447.8|0.05|19714
13294.2|0.04|37347
39886.56|0.02|11585
74000.2|0.08|40097
67047.3|0.02|10881
5730.3|0.07|37798
13524.84|0.07|42561
88509.12|0.08|20066
2983.18|0.03|28327
22211.4|0.06|13444
13258.3|0.05|37600
12090.26|0.02|37347
1819.91|0.0|22563
75229.65|0.08|17635
50499.9|0.05|47335
31534.15|0.04|39943
48352.9|0.05|23168
7399.76|0.04|28228
55719.84|0.0|16612
6126.6|0.1|34432
41310.45|0.08|39877
48462.96|0.02|25478
38911.95|0.1|35136
25118.69|0.06|25830
1652.75|0.06|21155
17426.88|0.06|13125
39333.36|0.05|30054
25759.35|0.04|9281
36829.26|0.09|43650
2958.24|0.01|11332
19593.63|0.08|25797
53232.44|0.06|32199
62157.74|0.08|9380
15070.25|0.1|15842
43632.5|0.1|33255
31218.75|0.01|42242
30976.64|0.07|31462
11468.24|0.09|24455
64798.58|0.08|28129
53593.42|0.03|43364
5650.04|0.1|42022
89566.08|0.03|24004
9018.9|0.02|28899
39002.58|0.03|16612
33407.91|0.1|25126
14067.24|0.08|33255
89294.0|0.09|39910
12020.8|0.02|39844
65744.19|0.06|36005
44346.75|0.08|16645
21398.88|0.03|36324
28388.58|0.01|47203
14914.12|0.0|17954
83467.56|0.01|12256
4108.38|0.04|23366
3739.92|0.01|13125
33124.96|0.06|21573
47670.48|0.07|32166
18958.57|0.08|34597
32220.32|0.03|673
51397.47|0.09|29636
45586.88|0.02|16711
52002.76|0.1|26402
7682.22|0.04|18119
62966.6|0.1|17668
14836.2|0.05|37347
41764.52|0.03|36643
14183.54|0.04|41120
52387.33|0.02|42374
42479.62|0.08|26688
33636.8|0.07|31781
86712.18|0.03|15556
54627.8|0.02|33541
40111.56|0.05|13444
27388.96|0.03|40097
62247.74|0.07|41890
55675.84|0.05|17635
66990.8|0.01|16326
12009.87|0.04|11585
17321.59|0.08|31297
8829.72|0.07|41890
36929.33|0.1|47687
27749.92|0.03|41472
16593.0|0.07|11299
18163.46|0.09|46048
10613.16|0.05|23685
56466.48|0.07|36038
42919.38|0.08|23366
46146.31|0.07|34311
54550.14|0.04|11332
65541.03|0.1|37347
6258.84|0.0|12674
32248.23|0.05|24675
1628.72|0.02|29537
28758.66|0.03|43012
32510.0|0.07|46884
30692.48|0.08|26116
17094.24|0.01|25731
4925.32|0.05|41186
27989.4|0.01|42561
41651.28|0.0|33255
51225.47|0.03|21892
14536.73|0.05|17668
14007.07|0.08|31297
51851.25|0.07|640
50787.0|0.07|21155
60575.68|0.04|27744
35847.04|0.06|19329
3800.16|0.06|25445
31113.18|0.04|21573
5658.04|0.05|9281
58669.92|0.1|34982
56718.42|0.06|25126
24498.22|0.05|27139
9740.7|0.05|43782
35388.49|0.04|29218
66263.04|0.08|25445
10700.34|0.01|18625
39689.86|0.02|18405
19299.54|0.08|34850
39477.57|0.06|37127
39861.86|0.04|45575
38046.92|0.09|42242
43344.0|0.03|30021
44003.96|0.07|33156
6903.28|0.07|15138
56098.8|0.05|47522
69688.32|0.1|15556
32079.8|0.08|47335
70465.39|0.05|17701
55079.22|0.06|10144
31208.93|0.04|18823
49823.2|0.1|46048
36309.37|0.02|33123
31208.94|0.06|38403
59895.36|0.02|20066
28190.36|0.08|23971
3109.3|0.08|27205
62002.64|0.08|11684
7460.04|0.06|32100
35822.36|0.07|34784
28067.13|0.04|14720
3772.16|0.06|13411
19020.9|0.1|39206
4150.44|0.06|33222
40534.56|0.08|38887
5315.61|0.07|12322
20140.23|0.07|36005
48595.52|0.0|23168
41048.2|0.03|24103
72436.4|0.0|46884
5521.88|0.02|39877
59923.96|0.1|30087
5303.58|0.03|46466
28510.08|0.05|11431
75118.8|0.01|23685
46039.98|0.05|38018
41492.0|0.06|43650
29782.25|0.09|25511
50748.06|0.06|39844
36867.68|0.06|41472
49288.47|0.04|30054
35878.64|0.03|41571
944.04|0.04|38821
39733.68|0.07|39844
49704.71|0.04|27524
36228.28|0.1|27557
19298.91|0.05|27810
61114.75|0.09|16227
12099.96|0.03|23333
49121.58|0.07|24103
34407.99|0.09|167
12465.53|0.1|44772
46737.6|0.06|13158
54664.42|0.09|45542
18878.16|0.06|39943
26477.29|0.06|47104
14425.4|0.06|32199
81220.5|0.05|24004
34560.54|0.01|35972
58863.7|0.07|37127
38121.48|0.01|31297
45272.2|0.07|36896
37474.41|0.0|44992
7803.3|0.06|36995
20596.32|0.0|43045
46381.5|0.08|37765
18829.8|0.02|17701
43975.5|0.04|13345
48692.4|0.04|41351
50917.37|0.02|28932
45300.6|0.1|39910
37276.56|0.02|38436
31382.68|0.02|12487
53358.0|0.05|11431
36484.96|0.02|45410
27785.52|0.09|41186
35835.52|0.01|19879
59418.45|0.09|41120
26708.98|0.04|47104
79211.16|0.08|23333
975.07|0.01|43364
15372.39|0.04|11431
36976.66|0.05|47104
10262.07|0.0|20484
50012.82|0.08|17668
58372.38|0.0|16513
46470.6|0.01|11431
22685.31|0.06|12773
19705.0|0.06|33893
64749.08|0.01|23586
39087.0|0.05|26688
9225.78|0.03|46147
64059.64|0.04|39712
12205.32|0.0|35840
7103.48|0.01|26567
34116.0|0.08|14720
67423.98|0.04|43650
52791.34|0.01|29856
67347.72|0.0|44134
26972.48|0.01|17635
1185.28|0.01|41186
55102.08|0.07|39943
4795.25|0.05|26116
51580.8|0.05|25797
22157.52|0.06|46499
70270.52|0.05|25511
45066.79|0.1|34432
44497.95|0.03|30087
63750.94|0.09|19879
24586.4|0.09|12256
37732.23|0.04|36896
37965.9|0.01|47940
31359.58|0.07|25731
40083.66|0.05|45476
88989.6|0.06|20484
2422.62|0.05|28998
14000.85|0.04|33255
15200.8|0.03|15556
7339.92|0.0|23399
62167.0|0.02|26501
22872.48|0.06|24961
2174.36|0.02|14016
37440.48|0.08|12674
53779.28|0.09|31330
48231.48|0.03|29636
19686.15|0.09|34245
15656.6|0.05|772
14851.35|0.01|24576
37132.26|0.07|27876
9844.44|0.04|36324
52953.6|0.07|46785
46778.04|0.07|25731
3824.2|0.02|42374
9032.73|0.06|14434
9523.22|0.03|18625
8093.75|0.08|46048
64308.64|0.06|46631
3543.84|0.05|8291
50105.0|0.01|30340
10655.22|0.09|45476
14075.0|0.08|21573
16367.3|0.08|15303
86635.2|0.05|21474
55779.6|0.01|8390
3225.51|0.08|18724
38677.08|0.0|21221
50254.0|0.07|35136
2506.7|0.08|11013
59968.32|0.03|47456
36218.88|0.03|25830
42651.09|0.05|45575
14367.48|0.05|25126
34686.74|0.0|36643
65850.38|0.01|31781
28939.02|0.1|41186
40419.12|0.0|46884
47966.43|0.0|24455
23710.96|0.09|41186
8825.6|0.04|26820
50952.06|0.02|16579
37670.07|0.01|24103
48771.52|0.01|24455
11508.24|0.09|36357
24015.22|0.02|45542
9490.24|0.03|32067
44620.27|0.09|13411
25248.3|0.09|20451
27609.6|0.1|23234
70379.39|0.1|22497
50344.99|0.1|27139
89252.53|0.01|41472
42188.51|0.09|34311
22073.76|0.1|14016
32375.7|0.05|33222
32435.1|0.09|26336
9334.17|0.06|32485
1135.23|0.01|38887
27678.24|0.07|17701
20797.2|0.06|31682
29624.13|0.1|32067
44312.97|0.07|46048
15304.51|0.05|38117
9830.8|0.09|9281
16187.55|0.05|31462
9620.6|0.05|15105
57637.23|0.08|46213
62468.42|0.09|46785
50378.46|0.02|15589
18992.57|0.06|38018
4308.68|0.09|22563
27021.68|0.07|44167
50165.64|0.08|33893
29056.0|0.04|33541
25510.2|0.05|32485
75279.9|0.05|27205
27654.0|0.1|44387
52957.5|0.09|35554
1873.97|0.03|34883
2238.42|0.06|42693
49757.2|0.1|20484
1328.42|0.01|44486
21649.76|0.03|43430
61594.75|0.08|16612
9109.8|0.09|38887
56865.2|0.05|44167
46712.82|0.06|29537
29095.44|0.01|8390
59778.9|0.04|13345
46673.6|0.05|43650
14430.9|0.05|41890
75847.8|0.02|45410
77726.25|0.05|31297
28245.02|0.09|27557
67481.55|0.09|8192
10604.66|0.0|31330
44966.47|0.05|10562
6977.45|0.02|46631
6727.2|0.06|23366
25091.56|0.04|13411
44247.6|0.08|8291
32083.56|0.04|44167
22225.8|0.09|32199
16193.28|0.08|28228
12661.8|0.07|21573
73325.76|0.04|24004
15688.8|0.04|19879
72268.61|0.01|35686
19039.13|0.01|19428
33628.14|0.01|46147
76596.84|0.01|47489
36900.93|0.02|21056
49773.6|0.06|33255
12793.04|0.04|28129
51265.35|0.03|42242
16673.76|0.02|28327
30227.17|0.09|47489
39567.46|0.1|44002
3871.14|0.09|33761
32099.2|0.03|18625
22746.78|0.01|12674
51138.72|0.07|17954
4477.77|0.07|12641
22993.2|0.06|13158
50890.65|0.04|30021
25816.37|0.09|11398
39931.2|0.01|35686
68273.0|0.06|47588
67122.0|0.05|36995
43492.77|0.02|12773
47320.17|0.05|42561
48126.68|0.06|11431
80592.26|0.09|640
34390.0|0.06|25731
13725.15|0.0|10881
19040.4|0.03|47522
9070.0|0.07|44387
6874.56|0.04|16546
38139.92|0.1|25797
44297.1|0.08|42242
67939.44|0.02|31330
43968.48|0.06|29218
69488.06|0.03|10562
68890.58|0.09|34784
15016.5|0.05|11332
41722.2|0.07|44992
49282.2|0.03|38337
24935.79|0.04|27205
10175.22|0.06|25445
31040.64|0.07|40097
57009.68|0.07|23652
4657.04|0.05|38821
73601.88|0.1|28899
35241.7|0.07|19428
23997.22|0.07|16579
42682.64|0.09|45377
29921.4|0.01|16326
8368.85|0.05|28129
59747.64|0.06|21474
4600.89|0.1|41120
27675.9|0.09|20770
23059.65|0.1|45476
31113.88|0.05|15842
20903.61|0.01|22563
59352.65|0.04|36896
21694.8|0.09|24576
42975.9|0.07|11684
18055.2|0.02|40262
13511.52|0.0|22497
48249.04|0.1|16007
18935.4|0.04|34597
33739.86|0.06|11431
13382.16|0.08|16711
27133.68|0.05|11431
11362.3|0.04|23168
39397.26|0.02|39426
53076.19|0.05|44871
48932.8|0.01|23685
65744.19|0.01|32485
45336.62|0.05|47522
33081.96|0.09|20484
