21|VIETNAM|80|21|55094.4|0.09|80|44256|44256|176
11|IRAQ|5|11|44399.36|0.04|5|44256|44256|176
10|IRAN|9|10|52310.65|0.03|9|44256|44256|176
4|EGYPT|69|4|9080.0|0.0|69|44256|44256|176
12|JAPAN|54|12|66554.84|0.0|54|44256|44256|176
4|EGYPT|38|4|19648.47|0.07|38|44256|44256|176
21|VIETNAM|80|21|26088.0|0.09|80|32101|32101|770
9|INDONESIA|50|9|49895.43|0.09|50|32101|32101|770
19|ROMANIA|17|19|20196.6|0.02|17|32101|32101|770
22|RUSSIA|42|22|61665.1|0.1|42|32101|32101|770
20|SAUDI ARABIA|74|20|37433.41|0.02|74|32101|32101|770
23|UNITED KINGDOM|7|23|38354.58|0.02|7|135|135|484
0|ALGERIA|37|0|19821.8|0.01|37|135|135|484
22|RUSSIA|25|22|31260.18|0.0|25|135|135|484
4|EGYPT|67|4|83042.42|0.06|67|135|135|484
15|MOROCCO|4|15|48876.02|0.02|4|135|135|484
12|JAPAN|54|12|23671.96|0.04|54|135|135|484
9|INDONESIA|51|9|3481.68|0.04|51|35654|35654|440
14|KENYA|79|14|27638.45|0.07|79|35654|35654|440
16|MOZAMBIQUE|56|16|32154.32|0.01|56|35654|35654|440
23|UNITED KINGDOM|66|23|56946.42|0.0|66|27910|27910|286
23|UNITED KINGDOM|32|23|26245.89|0.08|32|27910|27910|286
20|SAUDI ARABIA|74|20|44656.38|0.01|74|27910|27910|286
18|CHINA|11|18|53084.52|0.04|11|26083|26083|770
9|INDONESIA|45|9|44392.6|0.06|45|26083|26083|770
24|UNITED STATES|19|24|89294.0|0.02|19|26083|26083|770
18|CHINA|27|18|69873.6|0.0|27|26083|26083|770
22|RUSSIA|42|22|25002.5|0.0|42|26083|26083|770
14|KENYA|6|14|5395.85|0.04|6|39492|39492|253
8|INDIA|60|8|63894.15|0.08|60|39492|39492|253
0|ALGERIA|37|0|5736.3|0.08|37|39492|39492|253
16|MOZAMBIQUE|58|16|2871.15|0.1|58|39492|39492|253
2|BRAZIL|21|2|25227.3|0.1|21|39492|39492|253
14|KENYA|6|14|40062.9|0.05|6|19142|19142|143
23|UNITED KINGDOM|66|23|54733.95|0.04|66|19142|19142|143
4|EGYPT|69|4|17464.72|0.08|69|19142|19142|143
22|RUSSIA|25|22|52661.7|0.04|25|19142|19142|143
21|VIETNAM|68|21|14512.0|0.05|68|19142|19142|143
24|UNITED STATES|46|24|30222.06|0.0|46|19142|19142|143
21|VIETNAM|35|21|65387.07|0.05|35|28194|28194|583
4|EGYPT|38|4|17061.33|0.08|38|28194|28194|583
24|UNITED STATES|49|24|33786.25|0.03|49|28194|28194|583
1|ARGENTINA|71|1|8715.3|0.02|71|4966|4966|550
22|RUSSIA|65|22|12613.8|0.02|65|4966|4966|550
18|CHINA|75|18|15076.0|0.06|75|4966|4966|550
16|MOZAMBIQUE|31|16|26705.12|0.08|31|4966|4966|550
18|CHINA|41|18|8549.24|0.0|41|4966|4966|550
0|ALGERIA|37|0|56024.86|0.08|37|17094|17094|176
16|MOZAMBIQUE|58|16|20266.26|0.04|58|17094|17094|176
5|ETHIOPIA|78|5|51222.94|0.1|78|17094|17094|176
22|RUSSIA|65|22|32974.74|0.01|65|17094|17094|176
24|UNITED STATES|49|24|85693.16|0.08|49|17094|17094|176
22|RUSSIA|16|22|25903.25|0.03|16|17094|17094|176
16|MOZAMBIQUE|30|16|16548.0|0.01|30|17094|17094|176
16|MOZAMBIQUE|73|16|66434.97|0.03|73|8836|8836|484
23|UNITED KINGDOM|66|23|39120.9|0.03|66|8836|8836|484
7|GERMANY|77|7|52211.42|0.04|77|8836|8836|484
0|ALGERIA|37|0|54222.52|0.08|37|8836|8836|484
8|INDIA|12|8|22080.24|0.1|12|8836|8836|484
18|CHINA|11|18|15590.77|0.01|11|24259|24259|583
12|JAPAN|54|12|36620.64|0.02|54|24259|24259|583
19|ROMANIA|17|19|53080.0|0.02|17|24259|24259|583
17|PERU|59|17|39963.6|0.02|59|43267|43267|242
24|UNITED STATES|46|24|83393.86|0.01|46|43267|43267|242
4|EGYPT|22|4|33875.64|0.09|22|21443|21443|110
10|IRAN|9|10|26382.75|0.06|9|21443|21443|110
19|ROMANIA|17|19|23984.18|0.07|17|21443|21443|110
22|RUSSIA|16|22|13070.16|0.09|16|21443|21443|110
18|CHINA|11|18|25033.69|0.01|11|41287|41287|154
21|VIETNAM|26|21|52768.76|0.0|26|41287|41287|154
23|UNITED KINGDOM|66|23|46634.04|0.08|66|46402|46402|880
8|INDIA|61|8|5430.0|0.04|61|46402|46402|880
22|RUSSIA|25|22|16712.36|0.1|25|46402|46402|880
16|MOZAMBIQUE|56|16|39002.8|0.03|56|46402|46402|880
1|ARGENTINA|29|1|46824.25|0.05|29|46402|46402|880
2|BRAZIL|21|2|10991.9|0.03|21|46402|46402|880
5|ETHIOPIA|63|5|14752.32|0.0|63|46402|46402|880
9|INDONESIA|50|9|57341.2|0.03|50|46854|46854|220
0|ALGERIA|37|0|37798.6|0.01|37|46854|46854|220
4|EGYPT|69|4|18093.46|0.07|69|46854|46854|220
18|CHINA|27|18|48645.22|0.03|27|46854|46854|220
18|CHINA|75|18|39843.6|0.02|75|46854|46854|220
17|PERU|8|17|49288.47|0.02|8|26977|26977|253
15|MOROCCO|4|15|44238.6|0.0|4|26977|26977|253
14|KENYA|6|14|52695.44|0.04|6|34215|34215|286
24|UNITED STATES|10|24|70474.8|0.09|10|34215|34215|286
16|MOZAMBIQUE|30|16|44820.72|0.08|30|34215|34215|286
5|ETHIOPIA|2|5|25459.5|0.05|2|34215|34215|286
8|INDIA|60|8|56024.86|0.09|60|29826|29826|286
22|RUSSIA|25|22|41543.37|0.03|25|29826|29826|286
14|KENYA|6|14|49985.28|0.07|6|357|357|484
18|CHINA|27|18|46979.4|0.06|27|357|357|484
14|KENYA|6|14|10523.28|0.02|6|21378|21378|143
17|PERU|1|17|70575.2|0.01|1|21378|21378|143
16|MOZAMBIQUE|73|16|31731.48|0.09|73|21378|21378|143
15|MOROCCO|14|15|36614.9|0.0|14|21378|21378|143
24|UNITED STATES|19|24|34278.66|0.06|19|21378|21378|143
0|ALGERIA|28|0|44966.74|0.03|28|21378|21378|143
18|CHINA|72|18|53855.35|0.06|72|22786|22786|352
19|ROMANIA|17|19|28506.45|0.0|17|22786|22786|352
24|UNITED STATES|64|24|20362.2|0.03|64|22786|22786|352
20|SAUDI ARABIA|74|20|32185.23|0.08|74|22786|22786|352
5|ETHIOPIA|2|5|23946.52|0.02|2|22786|22786|352
16|MOZAMBIQUE|58|16|33467.49|0.07|58|30244|30244|583
22|RUSSIA|25|22|2730.92|0.08|25|30244|30244|583
23|UNITED KINGDOM|32|23|6270.64|0.09|32|30244|30244|583
8|INDIA|39|8|30785.79|0.1|39|30244|30244|583
22|RUSSIA|25|22|72940.42|0.04|25|46535|46535|451
10|IRAN|34|10|11727.76|0.08|34|41893|41893|352
22|RUSSIA|42|22|3928.32|0.08|42|41893|41893|352
20|SAUDI ARABIA|74|20|56075.4|0.03|74|41893|41893|352
24|UNITED STATES|19|24|51574.38|0.03|19|1123|1123|572
4|EGYPT|38|4|64896.4|0.03|38|1123|1123|572
20|SAUDI ARABIA|74|20|9900.9|0.05|74|1123|1123|572
18|CHINA|72|18|41452.48|0.01|72|3554|3554|352
15|MOROCCO|14|15|58815.73|0.02|14|3554|3554|352
10|IRAN|34|10|18974.7|0.03|34|3554|3554|352
8|INDIA|60|8|49890.75|0.08|60|6820|6820|682
16|MOZAMBIQUE|31|16|51030.08|0.05|31|6820|6820|682
14|KENYA|6|14|21767.36|0.08|6|2695|2695|451
24|UNITED STATES|55|24|46250.6|0.09|55|2695|2695|451
14|KENYA|48|14|63347.2|0.02|48|2695|2695|451
0|ALGERIA|24|0|28737.66|0.07|24|2695|2695|451
19|ROMANIA|17|19|22031.94|0.02|17|2695|2695|451
18|CHINA|41|18|69151.52|0.04|41|1056|1056|220
16|MOZAMBIQUE|31|16|55720.26|0.09|31|40419|40419|550
22|RUSSIA|25|22|45514.0|0.03|25|1089|1089|385
12|JAPAN|43|12|25350.6|0.1|43|1089|1089|385
18|CHINA|27|18|51803.4|0.05|27|1089|1089|385
18|CHINA|27|18|1025.12|0.01|27|1089|1089|385
23|UNITED KINGDOM|7|23|54148.5|0.04|7|37826|37826|583
14|KENYA|6|14|33454.27|0.08|6|37826|37826|583
9|INDONESIA|51|9|8393.12|0.07|51|37826|37826|583
21|VIETNAM|26|21|8176.96|0.08|26|37826|37826|583
4|EGYPT|67|4|47374.75|0.06|67|37826|37826|583
10|IRAN|34|10|22704.48|0.02|34|37826|37826|583
16|MOZAMBIQUE|73|16|10263.33|0.04|73|47748|47748|110
19|ROMANIA|62|19|43469.54|0.07|62|47748|47748|110
8|INDIA|60|8|25458.51|0.04|60|47748|47748|110
24|UNITED STATES|19|24|38111.1|0.03|19|47748|47748|110
22|RUSSIA|16|22|41580.9|0.02|16|47748|47748|110
24|UNITED STATES|49|24|12060.8|0.04|49|47748|47748|110
20|SAUDI ARABIA|74|20|28842.87|0.02|74|47748|47748|110
6|FRANCE|70|6|8216.76|0.02|70|13857|13857|220
15|MOROCCO|14|15|69045.1|0.02|14|47847|47847|275
8|INDIA|39|8|1958.14|0.05|39|47847|47847|275
16|MOZAMBIQUE|31|16|17347.59|0.0|31|47847|47847|275
16|MOZAMBIQUE|31|16|25130.72|0.07|31|47847|47847|275
4|EGYPT|69|4|56571.45|0.0|69|43239|43239|187
9|INDONESIA|51|9|1167.26|0.08|51|41127|41127|121
18|CHINA|11|18|15746.83|0.02|11|41127|41127|121
8|INDIA|12|8|87982.59|0.03|12|41127|41127|121
12|JAPAN|54|12|35187.5|0.01|54|41127|41127|121
16|MOZAMBIQUE|31|16|57746.1|0.01|31|41127|41127|121
19|ROMANIA|62|19|10217.07|0.08|62|46308|46308|550
7|GERMANY|77|7|42244.5|0.02|77|46308|46308|550
16|MOZAMBIQUE|18|16|36074.01|0.02|18|46308|46308|550
12|JAPAN|54|12|11051.84|0.03|54|46308|46308|550
22|RUSSIA|42|22|20268.93|0.04|42|46308|46308|550
8|INDIA|12|8|24777.25|0.06|12|13506|13506|880
19|ROMANIA|17|19|19497.24|0.06|17|13506|13506|880
24|UNITED STATES|64|24|20805.96|0.02|64|13506|13506|880
7|GERMANY|53|7|50358.72|0.02|53|13506|13506|880
9|INDONESIA|50|9|30172.0|0.02|50|36738|36738|176
0|ALGERIA|24|0|40471.92|0.09|24|36738|36738|176
9|INDONESIA|45|9|31226.94|0.01|45|36738|36738|176
16|MOZAMBIQUE|56|16|35626.44|0.02|56|36738|36738|176
16|MOZAMBIQUE|31|16|38816.91|0.06|31|36738|36738|176
16|MOZAMBIQUE|30|16|16172.01|0.08|30|36738|36738|176
22|RUSSIA|40|22|70905.15|0.03|40|10503|10503|682
4|EGYPT|69|4|13214.4|0.04|69|10503|10503|682
19|ROMANIA|17|19|26208.84|0.01|17|10503|10503|682
18|CHINA|75|18|27273.96|0.07|75|10503|10503|682
8|INDIA|60|8|36517.0|0.02|60|12579|12579|154
14|KENYA|76|14|15905.04|0.09|76|9472|9472|385
23|UNITED KINGDOM|32|23|23329.68|0.1|32|9472|9472|385
10|IRAN|9|10|13217.04|0.02|9|13569|13569|671
4|EGYPT|69|4|32507.64|0.05|69|13569|13569|671
15|MOROCCO|14|15|12782.14|0.03|14|13569|13569|671
24|UNITED STATES|46|24|23530.0|0.05|46|13569|13569|671
10|IRAN|34|10|45078.64|0.04|34|13569|13569|671
1|ARGENTINA|29|1|21157.65|0.08|29|13569|13569|671
18|CHINA|27|18|20798.12|0.06|27|13569|13569|671
22|RUSSIA|40|22|36801.93|0.1|40|22215|22215|440
24|UNITED STATES|55|24|41072.85|0.0|55|22215|22215|440
3|CANADA|13|3|18612.16|0.01|13|22215|22215|440
16|MOZAMBIQUE|18|16|54390.75|0.05|18|22215|22215|440
23|UNITED KINGDOM|32|23|16974.12|0.1|32|22215|22215|440
21|VIETNAM|80|21|1670.77|0.08|80|40420|40420|286
17|PERU|8|17|34245.72|0.05|8|40420|40420|286
1|ARGENTINA|71|1|23272.2|0.01|71|40420|40420|286
10|IRAN|9|10|35455.14|0.01|9|40420|40420|286
15|MOROCCO|14|15|89950.56|0.05|14|40420|40420|286
4|EGYPT|67|4|37083.69|0.03|67|40420|40420|286
16|MOZAMBIQUE|31|16|4388.76|0.1|31|40420|40420|286
12|JAPAN|54|12|44786.49|0.03|54|24327|24327|352
14|KENYA|79|14|12775.59|0.03|79|34403|34403|484
19|ROMANIA|17|19|34224.12|0.06|17|34403|34403|484
9|INDONESIA|51|9|48603.5|0.06|51|34788|34788|550
0|ALGERIA|37|0|49300.82|0.07|37|34788|34788|550
9|INDONESIA|51|9|56390.63|0.01|51|45799|45799|143
7|GERMANY|44|7|3852.24|0.06|44|45799|45799|143
14|KENYA|79|14|54916.63|0.06|79|45799|45799|143
1|ARGENTINA|29|1|16938.3|0.01|29|45799|45799|143
18|CHINA|75|18|16367.3|0.1|75|45799|45799|143
18|CHINA|41|18|34562.16|0.08|41|45799|45799|143
15|MOROCCO|4|15|52838.24|0.06|4|35239|35239|242
14|KENYA|76|14|21451.54|0.02|76|35239|35239|242
24|UNITED STATES|49|24|16397.3|0.08|49|35239|35239|242
3|CANADA|20|3|31113.9|0.01|20|35239|35239|242
4|EGYPT|22|4|26813.04|0.07|22|21314|21314|583
18|CHINA|72|18|23641.12|0.0|72|21314|21314|583
5|ETHIOPIA|78|5|32963.84|0.06|78|21314|21314|583
18|CHINA|11|18|65710.7|0.08|11|44964|44964|220
4|EGYPT|22|4|27764.25|0.04|22|44964|44964|220
14|KENYA|48|14|54574.38|0.08|48|44964|44964|220
14|KENYA|79|14|52906.35|0.1|79|44964|44964|220
0|ALGERIA|24|0|46470.6|0.1|24|44964|44964|220
18|CHINA|27|18|45505.92|0.05|27|44964|44964|220
7|GERMANY|44|7|78835.26|0.09|44|11623|11623|572
17|PERU|59|17|47545.75|0.07|59|11623|11623|572
14|KENYA|48|14|57229.92|0.05|48|11623|11623|572
5|ETHIOPIA|78|5|15857.25|0.1|78|11623|11623|572
22|RUSSIA|65|22|24593.41|0.04|65|11623|11623|572
19|ROMANIA|17|19|47707.98|0.06|17|11623|11623|572
18|CHINA|41|18|66310.65|0.03|41|11623|11623|572
21|VIETNAM|68|21|56521.94|0.06|68|23107|23107|275
21|VIETNAM|80|21|36589.0|0.03|80|43457|43457|154
16|MOZAMBIQUE|73|16|41354.01|0.02|73|43457|43457|154
15|MOROCCO|14|15|40411.21|0.03|14|43457|43457|154
7|GERMANY|53|7|10731.7|0.08|53|43457|43457|154
6|FRANCE|70|6|44209.16|0.03|70|31335|31335|187
15|MOROCCO|14|15|17518.38|0.1|14|31335|31335|187
7|GERMANY|44|7|9333.9|0.09|44|35427|35427|242
8|INDIA|15|8|28086.24|0.08|15|35427|35427|242
10|IRAN|34|10|4665.15|0.05|34|35427|35427|242
10|IRAN|34|10|11636.4|0.05|34|35427|35427|242
10|IRAN|34|10|15040.2|0.07|34|5122|5122|550
12|JAPAN|54|12|38092.6|0.03|54|5122|5122|550
2|BRAZIL|21|2|66935.95|0.09|21|5122|5122|550
7|GERMANY|77|7|50967.04|0.09|77|21957|21957|682
16|MOZAMBIQUE|31|16|1063.16|0.05|31|21957|21957|682
22|RUSSIA|25|22|33989.12|0.05|25|5573|5573|286
9|INDONESIA|45|9|2592.78|0.01|45|5573|5573|286
24|UNITED STATES|19|24|53808.05|0.1|19|5573|5573|286
24|UNITED STATES|49|24|45359.68|0.06|49|5573|5573|286
5|ETHIOPIA|63|5|43133.3|0.05|63|5573|5573|286
15|MOROCCO|14|15|28030.8|0.07|14|4132|4132|143
16|MOZAMBIQUE|18|16|23324.53|0.07|18|4132|4132|143
16|MOZAMBIQUE|31|16|28704.42|0.09|31|4132|4132|143
21|VIETNAM|80|21|32037.66|0.03|80|41923|41923|770
22|RUSSIA|40|22|17938.03|0.0|40|41923|41923|770
0|ALGERIA|37|0|29960.77|0.02|37|41923|41923|770
17|PERU|57|17|64847.58|0.09|57|41923|41923|770
4|EGYPT|67|4|13714.7|0.08|67|41923|41923|770
18|CHINA|27|18|31522.56|0.1|27|41923|41923|770
7|GERMANY|33|7|25408.03|0.05|33|15908|15908|253
8|INDIA|60|8|78620.19|0.05|60|15908|15908|253
1|ARGENTINA|71|1|39754.88|0.06|71|15908|15908|253
16|MOZAMBIQUE|18|16|5585.88|0.02|18|15908|15908|253
0|ALGERIA|28|0|4745.2|0.07|28|15908|15908|253
18|CHINA|41|18|23719.74|0.03|41|15908|15908|253
5|ETHIOPIA|2|5|14283.36|0.02|2|15908|15908|253
17|PERU|1|17|17186.72|0.02|1|14948|14948|550
19|ROMANIA|62|19|55579.2|0.1|62|14948|14948|550
2|BRAZIL|21|2|46850.7|0.09|21|14948|14948|550
21|VIETNAM|26|21|55932.48|0.01|26|47718|47718|286
8|INDIA|15|8|68428.01|0.0|15|47718|47718|286
1|ARGENTINA|29|1|46385.28|0.0|29|47718|47718|286
0|ALGERIA|28|0|4306.59|0.04|28|47718|47718|286
0|ALGERIA|28|0|35150.28|0.04|28|47718|47718|286
15|MOROCCO|14|15|25626.83|0.06|14|6210|6210|550
21|VIETNAM|68|21|1263.36|0.07|68|6210|6210|550
22|RUSSIA|25|22|39083.58|0.05|25|8641|8641|275
24|UNITED STATES|49|24|58651.32|0.07|49|8641|8641|275
7|GERMANY|53|7|55184.78|0.02|53|9510|9510|187
18|CHINA|11|18|40411.21|0.1|11|16294|16294|682
23|UNITED KINGDOM|66|23|19508.86|0.05|66|16294|16294|682
18|CHINA|41|18|45798.6|0.04|41|16294|16294|682
17|PERU|8|17|43229.19|0.01|8|25282|25282|352
24|UNITED STATES|55|24|5950.32|0.04|55|25282|25282|352
10|IRAN|9|10|53256.7|0.02|9|25282|25282|352
3|CANADA|13|3|69433.92|0.04|13|25282|25282|352
9|INDONESIA|23|9|62322.72|0.03|23|25282|25282|352
24|UNITED STATES|19|24|998.09|0.09|19|25282|25282|352
19|ROMANIA|52|19|23352.8|0.04|52|25282|25282|352
22|RUSSIA|40|22|27602.61|0.07|40|1637|1637|583
17|PERU|59|17|10741.7|0.02|59|1637|1637|583
14|KENYA|48|14|77796.32|0.02|48|1637|1637|583
12|JAPAN|54|12|23325.75|0.05|54|1637|1637|583
19|ROMANIA|52|19|68995.08|0.06|52|1637|1637|583
19|ROMANIA|52|19|67331.06|0.02|52|1637|1637|583
20|SAUDI ARABIA|74|20|1479.57|0.1|74|1637|1637|583
18|CHINA|11|18|38925.51|0.1|11|8743|8743|440
8|INDIA|15|8|48726.81|0.1|15|8743|8743|440
1|ARGENTINA|29|1|24327.22|0.07|29|8743|8743|440
12|JAPAN|43|12|49457.82|0.06|43|8743|8743|440
17|PERU|59|17|71374.67|0.01|59|6631|6631|385
13|JORDAN|36|13|25479.18|0.06|36|6631|6631|385
9|INDONESIA|23|9|6637.1|0.09|23|6631|6631|385
12|JAPAN|43|12|58176.72|0.07|43|6631|6631|385
16|MOZAMBIQUE|30|16|27133.68|0.03|30|6631|6631|385
9|INDONESIA|45|9|2436.62|0.09|45|24929|24929|253
4|EGYPT|67|4|46598.04|0.02|67|24929|24929|253
24|UNITED STATES|19|24|40538.75|0.05|19|24929|24929|253
4|EGYPT|67|4|8445.0|0.03|67|5542|5542|385
8|INDIA|61|8|42320.92|0.06|61|40517|40517|671
24|UNITED STATES|49|24|28105.5|0.03|49|40517|40517|671
14|KENYA|6|14|61777.36|0.07|6|19365|19365|352
15|MOROCCO|4|15|23060.31|0.05|4|19365|19365|352
12|JAPAN|54|12|43229.19|0.06|54|19365|19365|352
22|RUSSIA|42|22|30114.5|0.09|42|19365|19365|352
9|INDONESIA|51|9|6196.65|0.01|51|18144|18144|781
16|MOZAMBIQUE|73|16|45120.6|0.04|73|18144|18144|781
4|EGYPT|22|4|35038.5|0.07|22|18144|18144|781
3|CANADA|13|3|33497.88|0.03|13|18144|18144|781
1|ARGENTINA|29|1|25607.6|0.04|29|18144|18144|781
4|EGYPT|22|4|6627.1|0.06|22|35491|35491|781
1|ARGENTINA|29|1|67076.1|0.01|29|17793|17793|385
21|VIETNAM|80|21|41870.15|0.08|80|47174|47174|770
18|CHINA|11|18|42872.36|0.0|11|47174|47174|770
16|MOZAMBIQUE|18|16|7827.47|0.05|18|39298|39298|880
7|GERMANY|44|7|31354.22|0.04|44|46151|46151|385
18|CHINA|72|18|47510.4|0.0|72|46151|46151|385
17|PERU|57|17|20526.66|0.02|57|46151|46151|385
0|ALGERIA|28|0|48378.96|0.03|28|46151|46151|385
11|IRAQ|5|11|74362.89|0.03|5|46272|46272|550
13|JORDAN|36|13|38134.11|0.1|36|46272|46272|550
4|EGYPT|69|4|15136.02|0.03|69|46272|46272|550
14|KENYA|79|14|17814.96|0.02|79|46272|46272|550
24|UNITED STATES|19|24|60158.35|0.08|19|46272|46272|550
2|BRAZIL|21|2|49403.34|0.01|21|46272|46272|550
5|ETHIOPIA|2|5|59013.45|0.06|2|46272|46272|550
11|IRAQ|5|11|52868.16|0.08|5|11171|11171|583
14|KENYA|48|14|31780.0|0.08|48|11171|11171|583
22|RUSSIA|40|22|32676.04|0.08|40|33061|33061|286
17|PERU|59|17|24501.75|0.03|59|33061|33061|286
12|JAPAN|54|12|24779.3|0.05|54|33061|33061|286
22|RUSSIA|16|22|38891.25|0.03|16|33061|33061|286
6|FRANCE|70|6|2056.24|0.02|70|24096|24096|484
23|UNITED KINGDOM|7|23|34567.5|0.07|7|34151|34151|341
17|PERU|1|17|51253.44|0.0|1|34151|34151|341
24|UNITED STATES|55|24|17748.7|0.03|55|34151|34151|341
24|UNITED STATES|55|24|53192.52|0.02|55|34151|34151|341
0|ALGERIA|37|0|36171.41|0.0|37|34151|34151|341
21|VIETNAM|68|21|17394.48|0.05|68|34151|34151|341
23|UNITED KINGDOM|32|23|36351.44|0.05|32|34151|34151|341
8|INDIA|60|8|11532.32|0.08|60|28003|28003|572
3|CANADA|13|3|45986.16|0.01|13|28003|28003|572
21|VIETNAM|35|21|32825.7|0.02|35|28003|28003|572
8|INDIA|12|8|22494.57|0.07|12|28003|28003|572
22|RUSSIA|16|22|48730.44|0.08|16|28003|28003|572
18|CHINA|27|18|13526.64|0.05|27|28003|28003|572
19|ROMANIA|52|19|11113.76|0.07|52|28003|28003|572
16|MOZAMBIQUE|73|16|31500.15|0.09|73|24384|24384|121
7|GERMANY|77|7|58362.48|0.03|77|24384|24384|121
8|INDIA|60|8|59020.73|0.06|60|24384|24384|121
13|JORDAN|36|13|27609.4|0.1|36|24384|24384|121
21|VIETNAM|35|21|32384.75|0.02|35|24384|24384|121
22|RUSSIA|65|22|46114.98|0.0|65|24384|24384|121
1|ARGENTINA|3|1|15207.28|0.07|3|24384|24384|121
19|ROMANIA|62|19|35909.62|0.1|62|43073|43073|781
24|UNITED STATES|49|24|10013.71|0.01|49|43073|43073|781
5|ETHIOPIA|63|5|20021.6|0.03|63|43073|43073|781
22|RUSSIA|40|22|34955.44|0.07|40|25792|25792|154
22|RUSSIA|40|22|80984.75|0.02|40|32580|32580|121
4|EGYPT|22|4|39438.0|0.06|22|32580|32580|121
17|PERU|59|17|26224.88|0.0|59|32580|32580|121
15|MOROCCO|4|15|4150.44|0.05|4|32580|32580|121
15|MOROCCO|4|15|7799.47|0.01|4|32580|32580|121
0|ALGERIA|28|0|38681.44|0.09|28|32580|32580|121
16|MOZAMBIQUE|30|16|13833.12|0.01|30|32580|32580|121
14|KENYA|6|14|11716.76|0.01|6|47331|47331|187
19|ROMANIA|62|19|37793.34|0.08|62|47331|47331|187
16|MOZAMBIQUE|73|16|54347.04|0.06|73|47331|47331|187
15|MOROCCO|14|15|31121.93|0.1|14|47331|47331|187
12|JAPAN|43|12|27437.76|0.02|43|47331|47331|187
2|BRAZIL|21|2|48616.2|0.02|21|36199|36199|154
0|ALGERIA|28|0|39685.34|0.1|28|36199|36199|154
18|CHINA|75|18|42446.4|0.06|75|36199|36199|154
18|CHINA|72|18|91046.0|0.06|72|27267|27267|550
12|JAPAN|54|12|55779.6|0.08|54|27267|27267|550
24|UNITED STATES|49|24|42065.16|0.0|49|27267|27267|550
1|ARGENTINA|3|1|55299.2|0.03|3|27267|27267|550
11|IRAQ|5|11|33201.3|0.06|5|36771|36771|220
12|JAPAN|54|12|24452.1|0.08|54|36771|36771|220
24|UNITED STATES|64|24|51803.08|0.1|64|36771|36771|220
5|ETHIOPIA|2|5|15040.2|0.08|2|36771|36771|220
11|IRAQ|5|11|46941.3|0.06|5|26882|26882|682
18|CHINA|11|18|17808.8|0.09|11|26882|26882|682
16|MOZAMBIQUE|31|16|36711.68|0.04|31|26882|26882|682
3|CANADA|20|3|40292.75|0.03|20|26882|26882|682
16|MOZAMBIQUE|30|16|20665.68|0.02|30|26882|26882|682
17|PERU|8|17|7175.84|0.09|8|27268|27268|781
21|VIETNAM|68|21|52696.4|0.01|68|27268|27268|781
16|MOZAMBIQUE|31|16|2516.7|0.03|31|27268|27268|781
19|ROMANIA|62|19|61506.24|0.03|62|36640|36640|671
14|KENYA|47|14|57436.65|0.02|47|36640|36640|671
24|UNITED STATES|64|24|40559.03|0.01|64|36640|36640|671
22|RUSSIA|42|22|21938.4|0.01|42|36640|36640|671
21|VIETNAM|26|21|63578.64|0.05|26|35078|35078|242
17|PERU|59|17|5233.6|0.06|59|35078|35078|242
24|UNITED STATES|46|24|59190.7|0.01|46|35078|35078|242
12|JAPAN|54|12|39977.87|0.03|54|35078|35078|242
2|BRAZIL|21|2|80032.04|0.08|21|35078|35078|242
6|FRANCE|70|6|14946.84|0.06|70|46562|46562|352
19|ROMANIA|17|19|1320.41|0.05|17|46562|46562|352
18|CHINA|41|18|45216.82|0.04|41|46562|46562|352
19|ROMANIA|62|19|12988.17|0.09|62|35364|35364|110
18|CHINA|11|18|30958.25|0.0|11|35364|35364|110
8|INDIA|61|8|57658.04|0.0|61|35364|35364|110
4|EGYPT|67|4|32227.2|0.05|67|35364|35364|110
0|ALGERIA|28|0|22461.66|0.0|28|35364|35364|110
16|MOZAMBIQUE|73|16|64059.64|0.02|73|35782|35782|572
21|VIETNAM|35|21|37696.08|0.1|35|35782|35782|572
9|INDONESIA|23|9|54814.5|0.04|23|35782|35782|572
21|VIETNAM|80|21|12993.9|0.07|80|34694|34694|242
22|RUSSIA|40|22|5190.65|0.08|40|34694|34694|242
8|INDIA|60|8|43598.72|0.0|60|34694|34694|242
6|FRANCE|70|6|64363.68|0.1|70|34694|34694|242
9|INDONESIA|23|9|24075.35|0.02|23|34694|34694|242
4|EGYPT|67|4|30296.64|0.08|67|34694|34694|242
18|CHINA|72|18|29851.8|0.08|72|14146|14146|473
21|VIETNAM|26|21|9450.24|0.03|26|14146|14146|473
16|MOZAMBIQUE|58|16|12852.14|0.01|58|14146|14146|473
22|RUSSIA|25|22|4084.48|0.02|25|14146|14146|473
19|ROMANIA|52|19|32034.5|0.08|52|14146|14146|473
18|CHINA|11|18|44000.58|0.09|11|37664|37664|385
24|UNITED STATES|49|24|48168.44|0.03|49|37664|37664|385
15|MOROCCO|4|15|6595.14|0.09|4|17413|17413|286
2|BRAZIL|21|2|32651.1|0.04|21|17413|17413|286
23|UNITED KINGDOM|32|23|15286.65|0.04|32|17413|17413|286
18|CHINA|27|18|33407.1|0.09|27|11331|11331|143
10|IRAN|9|10|67281.91|0.1|9|42692|42692|781
0|ALGERIA|37|0|50948.65|0.01|37|42692|42692|781
21|VIETNAM|26|21|41179.44|0.04|26|42692|42692|781
24|UNITED STATES|64|24|22542.3|0.1|64|42692|42692|781
18|CHINA|41|18|49878.24|0.1|41|42692|42692|781
17|PERU|1|17|52670.24|0.04|1|22276|22276|176
4|EGYPT|22|4|47052.0|0.09|22|22276|22276|176
24|UNITED STATES|19|24|31389.8|0.05|19|22276|22276|176
16|MOZAMBIQUE|18|16|43055.74|0.1|18|22276|22276|176
1|ARGENTINA|29|1|26450.6|0.03|29|22276|22276|176
14|KENYA|76|14|38390.75|0.02|76|22276|22276|176
4|EGYPT|38|4|5414.7|0.04|38|22276|22276|176
17|PERU|8|17|28086.03|0.06|8|19108|19108|583
16|MOZAMBIQUE|18|16|18253.98|0.05|18|19108|19108|583
18|CHINA|75|18|56076.48|0.02|75|19108|19108|583
3|CANADA|20|3|26156.29|0.04|20|19108|19108|583
23|UNITED KINGDOM|7|23|27173.64|0.08|7|29954|29954|176
22|RUSSIA|40|22|41162.94|0.07|40|29954|29954|176
8|INDIA|15|8|12199.05|0.03|15|29954|29954|176
14|KENYA|48|14|69948.48|0.0|48|29954|29954|176
19|ROMANIA|17|19|4980.45|0.04|17|29954|29954|176
18|CHINA|75|18|17443.04|0.1|75|29954|29954|176
5|ETHIOPIA|2|5|17985.24|0.09|2|29954|29954|176
22|RUSSIA|25|22|36098.0|0.01|25|12355|12355|143
4|EGYPT|69|4|58718.98|0.1|69|12355|12355|143
15|MOROCCO|14|15|23993.34|0.08|14|12355|12355|143
14|KENYA|47|14|28117.0|0.01|47|12355|12355|143
4|EGYPT|67|4|48291.84|0.09|67|12355|12355|143
2|BRAZIL|21|2|27605.34|0.09|21|12355|12355|143
19|ROMANIA|17|19|58056.25|0.05|17|12355|12355|143
17|PERU|1|17|28231.2|0.06|1|24422|24422|187
16|MOZAMBIQUE|73|16|24820.18|0.03|73|24422|24422|187
15|MOROCCO|14|15|60592.35|0.04|14|24422|24422|187
22|RUSSIA|42|22|2284.48|0.03|42|24422|24422|187
24|UNITED STATES|64|24|19020.9|0.1|64|39206|39206|583
22|RUSSIA|40|22|55559.2|0.01|40|47841|47841|781
7|GERMANY|44|7|29475.11|0.04|44|47841|47841|781
9|INDONESIA|50|9|7165.74|0.08|50|47841|47841|781
8|INDIA|15|8|65720.5|0.02|15|47841|47841|781
14|KENYA|47|14|7499.88|0.02|47|47841|47841|781
8|INDIA|12|8|67940.38|0.0|12|47841|47841|781
17|PERU|59|17|28674.66|0.0|59|23300|23300|781
16|MOZAMBIQUE|58|16|58397.44|0.07|58|23300|23300|781
3|CANADA|13|3|11052.24|0.1|13|23300|23300|781
8|INDIA|12|8|9510.5|0.06|12|23300|23300|781
16|MOZAMBIQUE|18|16|73865.61|0.06|18|23300|23300|781
24|UNITED STATES|55|24|26786.43|0.06|55|26149|26149|253
9|INDONESIA|23|9|19264.91|0.08|23|26149|26149|253
8|INDIA|39|8|32940.36|0.09|39|26149|26149|253
4|EGYPT|38|4|36470.5|0.09|38|26149|26149|253
23|UNITED KINGDOM|7|23|38650.7|0.01|7|30340|30340|550
4|EGYPT|22|4|29157.97|0.08|22|30340|30340|550
21|VIETNAM|26|21|23801.28|0.0|26|30340|30340|550
14|KENYA|48|14|50105.0|0.01|48|30340|30340|550
21|VIETNAM|35|21|85006.67|0.06|35|30340|30340|550
20|SAUDI ARABIA|74|20|53028.99|0.09|74|30340|30340|550
7|GERMANY|33|7|53385.64|0.09|33|14951|14951|242
17|PERU|57|17|1173.27|0.06|57|14951|14951|242
10|IRAN|34|10|61494.8|0.02|34|14951|14951|242
2|BRAZIL|21|2|7207.7|0.01|21|14951|14951|242
12|JAPAN|43|12|58106.16|0.05|43|14951|14951|242
16|MOZAMBIQUE|30|16|9865.71|0.04|30|14951|14951|242
24|UNITED STATES|55|24|46051.17|0.02|55|30373|30373|154
8|INDIA|61|8|35381.07|0.1|61|30373|30373|154
21|VIETNAM|68|21|67251.03|0.05|68|30373|30373|154
23|UNITED KINGDOM|32|23|7452.95|0.0|32|30373|30373|154
18|CHINA|41|18|42670.08|0.06|41|30373|30373|154
16|MOZAMBIQUE|30|16|18899.8|0.08|30|30373|30373|154
