35269
13313
24643
40197
421
21376
21761
15425
25633
10530
39911
44322
27558
31331
22311
15106
40263
44256
11520
29538
256
20870
14721
27107
44960
24610
44102
25127
20771
37733
27844
10497
41253
6180
21057
11685
33575
26403
30176
12103
18978
10178
27712
16998
17504
23840
32321
23873
45411
33861
22784
46885
13984
32288
42595
46599
34983
41187
10211
46566
28966
39746
40098
11652
23136
22212
22146
16646
10310
41792
47842
31012
39559
47204
40450
773
10112
35522
36039
40131
21156
29318
24577
17636
36677
26535
44355
37568
25765
22564
3
13445
27525
34433
23686
43013
23334
23015
47138
13346
29923
36996
27745
30022
32101
44740
22531
26469
42276
11872
35335
32420
34466
43299
12323
24995
37029
34400
45730
14402
33762
29857
32167
16965
32673
39812
29219
21222
31045
135
47523
40483
11234
31111
26502
30341
28548
42661
41286
43783
17955
18307
34499
37799
19814
26304
34532
10145
34884
34565
12741
26018
47556
45158
28900
9381
34631
355
23653
47655
44421
39713
22113
34950
32486
38019
16448
20353
28449
38118
36930
27459
36611
14787
32453
15238
34048
34598
32354
30693
25347
10882
42342
13731
41572
47424
11366
15975
26117
19968
29989
37414
44135
12576
46852
21189
35874
25798
30561
22663
11553
39328
41088
33058
42881
33542
46401
289
36358
41473
45862
40230
9282
35687
35588
45059
20166
740
22982
10343
37766
17317
24896
41121
31364
22245
43398
11586
14435
36512
45796
22883
19429
13126
10277
30055
18208
33344
39526
12455
454
39878
5190
12389
22850
41220
43200
38503
38657
45312
22432
42210
43651
26722
12994
35302
993
35841
45664
19748
36897
12004
13632
10596
22465
14853
17537
7170
28768
34279
42496
47622
28867
10244
14534
42980
23972
11300
37447
42243
388
14886
28416
23620
27206
14688
15777
21541
46049
11047
13698
46247
40384
32002
37315
45510
38822
47457
33025
37634
37249
13764
26854
25699
33157
44388
24225
47974
41154
38855
14215
42177
27426
32134
40032
5091
27811
17988
35555
27943
28801
10662
44003
25446
26821
18758
8292
21794
36006
25248
17735
16866
16679
46016
43046
31430
11399
14754
36864
16129
641
47237
13379
20001
24676
35654
18945
27877
31463
37601
21123
25732
14468
43431
13511
47303
960
47105
40164
12422
11201
46753
8160
45543
674
12037
36578
47875
21024
20133
31650
21442
25985
33223
22597
47589
16547
12675
45697
11267
43750
24258
38624
39108
15524
43079
29505
15942
36963
32992
42144
45345
30275
25831
34851
31683
