19|ROMANIA|62|19|11115.84|0.04|62|45026|45026|160
24|UNITED STATES|55|24|63571.62|0.05|55|45026|45026|160
14|KENYA|47|14|49552.92|0.1|47|45026|45026|160
22|RUSSIA|16|22|6222.6|0.02|16|19814|19814|160
18|CHINA|75|18|44206.56|0.06|75|454|454|391
18|CHINA|27|18|29252.97|0.06|27|44993|44993|193
16|MOZAMBIQUE|56|16|72456.56|0.09|56|18659|18659|281
16|MOZAMBIQUE|56|16|46890.8|0.03|56|18659|18659|281
24|UNITED STATES|64|24|36792.87|0.1|64|18659|18659|281
22|RUSSIA|42|22|48618.96|0.05|42|1125|1125|193
24|UNITED STATES|64|24|24098.4|0.1|64|1125|1125|193
14|KENYA|6|14|40114.66|0.09|6|9859|9859|380
1|ARGENTINA|71|1|31924.8|0.03|71|9859|9859|380
16|MOZAMBIQUE|58|16|65289.07|0.0|58|9859|9859|380
18|CHINA|75|18|35497.4|0.04|75|9859|9859|380
18|CHINA|41|18|64619.5|0.02|41|9859|9859|380
23|UNITED KINGDOM|7|23|39192.05|0.03|7|3457|3457|193
9|INDONESIA|50|9|74334.12|0.05|50|3457|3457|193
10|IRAN|9|10|21792.0|0.07|9|3457|3457|193
14|KENYA|47|14|11117.97|0.04|47|3457|3457|193
22|RUSSIA|65|22|47301.75|0.08|65|3457|3457|193
22|RUSSIA|16|22|12361.02|0.07|16|3457|3457|193
24|UNITED STATES|49|24|38474.48|0.06|49|3457|3457|193
23|UNITED KINGDOM|7|23|37892.44|0.01|7|20068|20068|193
4|EGYPT|67|4|43951.04|0.1|67|20068|20068|193
8|INDIA|12|8|31002.87|0.08|12|20068|20068|193
10|IRAN|34|10|17045.91|0.05|34|20068|20068|193
4|EGYPT|22|4|63787.32|0.06|22|36513|36513|391
17|PERU|57|17|53018.55|0.07|57|36513|36513|391
21|VIETNAM|68|21|47385.94|0.05|68|36513|36513|391
4|EGYPT|67|4|8433.9|0.1|67|36513|36513|391
24|UNITED STATES|49|24|83291.56|0.01|49|36513|36513|391
22|RUSSIA|42|22|34571.51|0.05|42|36513|36513|391
7|GERMANY|77|7|38977.85|0.06|77|36227|36227|193
0|ALGERIA|37|0|43726.72|0.02|37|36227|36227|193
14|KENYA|47|14|83848.32|0.07|47|36227|36227|193
24|UNITED STATES|10|24|63331.68|0.1|10|36227|36227|193
7|GERMANY|44|7|69424.0|0.06|44|10752|10752|160
21|VIETNAM|26|21|45445.14|0.03|26|10752|10752|160
4|EGYPT|67|4|50034.88|0.08|67|10752|10752|160
12|JAPAN|43|12|26029.62|0.09|43|10752|10752|160
7|GERMANY|77|7|39176.5|0.03|77|40386|40386|292
18|CHINA|72|18|12523.5|0.06|72|40386|40386|292
14|KENYA|79|14|83136.42|0.09|79|40386|40386|292
24|UNITED STATES|10|24|49965.04|0.03|10|40386|40386|292
2|BRAZIL|21|2|55984.28|0.0|21|40386|40386|292
14|KENYA|6|14|25900.08|0.1|6|21444|21444|160
10|IRAN|9|10|27688.24|0.07|9|21444|21444|160
16|MOZAMBIQUE|58|16|63578.51|0.1|58|21444|21444|160
15|MOROCCO|14|15|39353.37|0.04|14|21444|21444|160
14|KENYA|76|14|47293.52|0.09|76|21444|21444|160
2|BRAZIL|21|2|17403.9|0.05|21|21444|21444|160
17|PERU|8|17|40693.0|0.08|8|32227|32227|193
23|UNITED KINGDOM|7|23|56935.2|0.08|7|32227|32227|193
17|PERU|1|17|19039.28|0.01|1|32227|32227|193
11|IRAQ|5|11|49826.28|0.08|5|32227|32227|193
21|VIETNAM|68|21|45151.47|0.06|68|32227|32227|193
24|UNITED STATES|49|24|38976.84|0.08|49|32227|32227|193
7|GERMANY|53|7|46694.31|0.07|53|32227|32227|193
19|ROMANIA|62|19|44848.8|0.08|62|37507|37507|490
23|UNITED KINGDOM|66|23|4637.0|0.02|66|37507|37507|490
21|VIETNAM|68|21|30013.73|0.05|68|37507|37507|490
8|INDIA|12|8|66966.3|0.0|12|37507|37507|490
17|PERU|8|17|24916.79|0.1|8|43942|43942|160
7|GERMANY|77|7|52367.87|0.08|77|43942|43942|160
7|GERMANY|44|7|3955.23|0.1|44|43942|43942|160
14|KENYA|48|14|31545.84|0.05|48|43942|43942|160
21|VIETNAM|26|21|63931.32|0.02|26|43942|43942|160
4|EGYPT|69|4|32722.38|0.07|69|43942|43942|160
17|PERU|57|17|28730.6|0.03|57|43942|43942|160
14|KENYA|47|14|51622.12|0.05|47|13957|13957|380
0|ALGERIA|24|0|73758.24|0.09|24|13957|13957|380
24|UNITED STATES|49|24|37288.32|0.07|49|13957|13957|380
4|EGYPT|22|4|47857.66|0.08|22|12007|12007|490
9|INDONESIA|51|9|14421.82|0.08|51|13922|13922|193
19|ROMANIA|62|19|32643.84|0.09|62|13922|13922|193
1|ARGENTINA|71|1|45750.5|0.03|71|13922|13922|193
10|IRAN|9|10|72933.67|0.09|9|13922|13922|193
16|MOZAMBIQUE|58|16|40522.03|0.01|58|13922|13922|193
15|MOROCCO|4|15|77571.9|0.02|4|13922|13922|193
18|CHINA|75|18|19821.8|0.0|75|13922|13922|193
9|INDONESIA|51|9|67784.22|0.1|51|24900|24900|160
7|GERMANY|33|7|47379.84|0.09|33|24900|24900|160
23|UNITED KINGDOM|32|23|39981.7|0.08|32|24900|24900|160
19|ROMANIA|17|19|33300.72|0.04|17|24900|24900|160
16|MOZAMBIQUE|30|16|53046.35|0.02|30|24900|24900|160
7|GERMANY|33|7|12549.28|0.01|33|11876|11876|490
0|ALGERIA|24|0|2358.54|0.0|24|11876|11876|490
9|INDONESIA|45|9|15654.94|0.05|45|11876|11876|490
3|CANADA|20|3|58473.54|0.09|20|11876|11876|490
19|ROMANIA|52|19|55099.34|0.1|52|11876|11876|490
5|ETHIOPIA|2|5|2883.18|0.0|2|11876|11876|490
7|GERMANY|77|7|40994.94|0.08|77|33639|33639|292
8|INDIA|60|8|47570.82|0.08|60|33639|33639|292
21|VIETNAM|35|21|19256.58|0.05|35|33639|33639|292
16|MOZAMBIQUE|56|16|10076.11|0.1|56|33639|33639|292
0|ALGERIA|28|0|9359.85|0.08|28|33639|33639|292
16|MOZAMBIQUE|30|16|1125.22|0.1|30|33639|33639|292
14|KENYA|79|14|34490.57|0.05|79|9127|9127|490
18|CHINA|75|18|31318.32|0.08|75|9127|9127|490
22|RUSSIA|25|22|29864.16|0.03|25|33604|33604|193
16|MOZAMBIQUE|56|16|12914.04|0.09|56|33604|33604|193
24|UNITED STATES|10|24|43327.2|0.06|10|33604|33604|193
23|UNITED KINGDOM|66|23|65558.66|0.1|66|1281|1281|490
8|INDIA|61|8|42796.36|0.04|61|1281|1281|490
14|KENYA|47|14|14458.73|0.03|47|1281|1281|490
21|VIETNAM|68|21|5181.56|0.07|68|1281|1281|490
8|INDIA|12|8|35188.85|0.08|12|1281|1281|490
19|ROMANIA|17|19|33135.3|0.07|17|1281|1281|490
24|UNITED STATES|19|24|2644.84|0.08|19|6243|6243|193
9|INDONESIA|51|9|52225.2|0.08|51|3042|3042|160
0|ALGERIA|28|0|24308.03|0.02|28|3042|3042|160
8|INDIA|12|8|35017.8|0.05|12|37283|37283|490
9|INDONESIA|45|9|2748.94|0.01|45|37283|37283|490
4|EGYPT|67|4|2742.94|0.01|67|37283|37283|490
8|INDIA|12|8|48807.15|0.08|12|37283|37283|490
22|RUSSIA|42|22|21643.92|0.02|42|37283|37283|490
24|UNITED STATES|55|24|37474.41|0.08|55|42628|42628|391
2|BRAZIL|21|2|17142.24|0.09|21|42628|42628|391
16|MOZAMBIQUE|31|16|19996.59|0.05|31|42628|42628|391
17|PERU|1|17|63068.0|0.1|1|2342|2342|292
14|KENYA|48|14|1187.28|0.04|48|2342|2342|292
5|ETHIOPIA|78|5|24534.62|0.08|78|2342|2342|292
15|MOROCCO|4|15|43990.32|0.1|4|2342|2342|292
1|ARGENTINA|3|1|14763.96|0.0|3|2342|2342|292
17|PERU|8|17|5714.08|0.04|8|31618|31618|391
18|CHINA|72|18|58142.48|0.01|72|31618|31618|391
6|FRANCE|70|6|12203.2|0.02|70|31618|31618|391
9|INDONESIA|23|9|38495.18|0.06|23|31618|31618|391
12|JAPAN|54|12|44208.76|0.09|54|31618|31618|391
22|RUSSIA|16|22|17358.3|0.06|16|31618|31618|391
19|ROMANIA|52|19|28190.36|0.04|52|31618|31618|391
17|PERU|1|17|7195.56|0.08|1|24194|24194|292
14|KENYA|48|14|14471.73|0.01|48|47492|47492|193
21|VIETNAM|68|21|10081.0|0.02|68|47492|47492|193
9|INDONESIA|45|9|22521.8|0.08|45|47492|47492|193
23|UNITED KINGDOM|32|23|54154.42|0.0|32|47492|47492|193
12|JAPAN|43|12|42157.12|0.1|43|47492|47492|193
19|ROMANIA|17|19|20580.42|0.07|17|47492|47492|193
16|MOZAMBIQUE|30|16|39859.68|0.06|30|47492|47492|193
11|IRAQ|5|11|32009.5|0.04|5|35360|35360|193
0|ALGERIA|37|0|55342.48|0.09|37|35360|35360|193
13|JORDAN|36|13|34644.96|0.0|36|35360|35360|193
17|PERU|57|17|27329.96|0.07|57|35360|35360|193
0|ALGERIA|24|0|52842.15|0.07|24|35360|35360|193
21|VIETNAM|35|21|48195.34|0.08|35|35360|35360|193
5|ETHIOPIA|2|5|30436.56|0.07|2|35360|35360|193
17|PERU|8|17|64923.25|0.0|8|44481|44481|193
3|CANADA|13|3|48352.9|0.09|13|44481|44481|193
10|IRAN|34|10|2268.46|0.02|34|44481|44481|193
12|JAPAN|43|12|1502.6|0.0|43|44481|44481|193
14|KENYA|76|14|40952.94|0.03|76|44481|44481|193
22|RUSSIA|42|22|12894.28|0.06|42|44481|44481|193
5|ETHIOPIA|63|5|17518.38|0.08|63|44481|44481|193
18|CHINA|72|18|23881.83|0.05|72|47265|47265|380
21|VIETNAM|26|21|56300.0|0.05|26|47265|47265|380
1|ARGENTINA|29|1|21773.25|0.0|29|47265|47265|380
22|RUSSIA|16|22|9495.15|0.0|16|47265|47265|380
17|PERU|1|17|48432.48|0.02|1|25540|25540|490
10|IRAN|9|10|33618.25|0.07|9|28423|28423|490
4|EGYPT|69|4|23240.8|0.0|69|13122|13122|193
24|UNITED STATES|10|24|12365.12|0.09|10|13122|13122|193
23|UNITED KINGDOM|66|23|3051.24|0.09|66|450|450|380
14|KENYA|47|14|54058.0|0.05|47|450|450|380
16|MOZAMBIQUE|58|16|37066.26|0.08|58|450|450|380
24|UNITED STATES|10|24|33348.48|0.06|10|450|450|380
22|RUSSIA|42|22|50160.18|0.03|42|450|450|380
19|ROMANIA|52|19|8759.25|0.03|52|450|450|380
14|KENYA|47|14|33812.1|0.07|47|36993|36993|490
3|CANADA|13|3|24906.8|0.1|13|36993|36993|490
3|CANADA|20|3|22404.2|0.07|20|36993|36993|490
19|ROMANIA|62|19|22263.15|0.04|62|24003|24003|391
8|INDIA|61|8|23545.4|0.08|61|24003|24003|391
21|VIETNAM|68|21|29851.92|0.05|68|24003|24003|391
18|CHINA|27|18|28850.05|0.0|27|24003|24003|391
20|SAUDI ARABIA|74|20|20548.66|0.0|74|24003|24003|391
9|INDONESIA|51|9|42975.9|0.06|51|13223|13223|281
21|VIETNAM|80|21|20015.19|0.03|80|37863|37863|292
11|IRAQ|5|11|14843.84|0.04|5|37863|37863|292
9|INDONESIA|51|9|13093.19|0.03|51|37863|37863|292
7|GERMANY|44|7|10761.7|0.03|44|37863|37863|292
21|VIETNAM|68|21|2132.32|0.1|68|37863|37863|292
20|SAUDI ARABIA|74|20|47894.49|0.02|74|37863|37863|292
24|UNITED STATES|19|24|16369.64|0.06|19|42594|42594|160
8|INDIA|39|8|55424.28|0.07|39|42594|42594|160
16|MOZAMBIQUE|31|16|66771.5|0.04|31|42594|42594|160
24|UNITED STATES|46|24|36008.06|0.05|46|19846|19846|193
1|ARGENTINA|29|1|46298.02|0.1|29|19846|19846|193
1|ARGENTINA|3|1|47222.17|0.0|3|19846|19846|193
