56362.25|0.1|46309
56763.84|0.02|11879
60438.7|0.03|33703
43123.08|0.08|12902
31295.98|0.02|9762
18149.46|0.09|27939
26040.56|0.1|26916
5802.36|0.01|10658
42715.9|0.1|32449
3217.4|0.08|22208
51661.93|0.05|14816
18622.89|0.02|9861
29456.75|0.03|41766
3444.72|0.02|3492
26965.68|0.06|3140
31884.32|0.06|7782
64917.6|0.01|33989
62690.12|0.1|33824
20776.5|0.09|802
48255.87|0.02|5472
50919.65|0.04|2150
1217.31|0.03|41634
30337.11|0.04|26916
20707.68|0.03|9861
51210.72|0.08|549
49284.36|0.09|2084
32599.28|0.01|45924
14692.99|0.05|868
45521.98|0.1|6561
35149.44|0.08|30656
56410.72|0.0|21922
5181.56|0.07|1281
52196.32|0.03|41986
21264.99|0.1|44802
57520.86|0.02|42338
33664.4|0.1|6561
53247.6|0.1|23649
28706.0|0.02|11813
55002.14|0.04|26949
31225.88|0.07|2084
19115.55|0.03|31239
8625.18|0.08|36838
2721.0|0.07|32449
39431.43|0.1|46309
11849.53|0.1|40996
9962.72|0.06|868
81349.92|0.08|8002
25767.54|0.01|36838
56140.0|0.01|10823
23061.99|0.02|20800
33636.8|0.04|8002
24357.62|0.01|40512
36590.88|0.1|40259
42825.6|0.09|22307
78944.99|0.08|31206
2316.5|0.01|41766
28981.8|0.1|12704
11532.5|0.01|41216
34793.15|0.07|23649
37349.78|0.0|9476
20014.05|0.08|3140
29560.11|0.1|43328
5497.88|0.01|40226
44116.8|0.03|35936
25510.2|0.02|23429
36135.04|0.05|5571
7267.64|0.01|33824
25677.55|0.05|8101
29822.7|0.02|30821
59451.42|0.04|24903
72526.44|0.09|45924
39675.9|0.07|22912
7315.98|0.08|6693
24843.12|0.05|41634
20802.6|0.03|24903
60952.93|0.03|44615
30836.47|0.01|27939
40475.12|0.02|23968
57078.84|0.01|31426
41624.28|0.05|43779
46599.0|0.04|20932
1111.21|0.06|21856
30801.12|0.02|31910
2008.2|0.02|9476
85327.7|0.1|41601
53756.7|0.07|46727
26353.89|0.01|41414
37280.6|0.02|31426
33857.64|0.08|45957
54058.5|0.04|41634
53808.81|0.0|23968
68700.2|0.02|11648
7862.4|0.09|43911
14926.24|0.06|33505
3117.39|0.04|43328
2796.98|0.03|36805
44737.49|0.05|33637
35390.88|0.1|6880
4925.32|0.02|22626
33135.3|0.07|1281
5175.65|0.01|22208
44016.48|0.03|22912
25703.0|0.03|21922
69410.89|0.0|20932
34488.99|0.09|21922
23521.68|0.0|25926
30083.13|0.09|39808
31002.48|0.1|13606
77223.27|0.02|30788
33972.68|0.0|21735
13412.41|0.08|45957
14976.48|0.08|12803
59264.0|0.09|12737
67649.82|0.05|32966
49110.57|0.0|30788
54260.22|0.08|33505
3495.78|0.08|30117
55318.2|0.1|9762
27974.52|0.08|40512
25487.36|0.1|25926
9720.7|0.03|20899
40781.4|0.08|46628
45156.45|0.1|39808
42971.04|0.09|41799
47259.24|0.0|8035
33882.1|0.05|7782
8460.27|0.08|35617
30812.8|0.04|22945
35408.1|0.06|22307
8377.12|0.03|30403
15614.61|0.03|21537
3577.76|0.09|23847
2088.28|0.04|11846
1992.18|0.0|10658
9171.72|0.08|43779
46050.6|0.04|33857
46348.75|0.05|26916
27029.28|0.03|22208
41757.76|0.07|802
23377.41|0.02|33824
7327.92|0.01|40611
66373.93|0.06|35936
28794.43|0.08|11714
39773.8|0.0|21856
41350.84|0.06|549
48723.22|0.03|37927
22024.2|0.05|45825
2961.24|0.09|11109
14700.73|0.06|26949
56853.06|0.04|33505
64914.3|0.05|21317
52952.62|0.06|45825
4625.1|0.03|23429
39517.43|0.04|42756
4981.36|0.08|32999
40336.66|0.02|6880
19950.19|0.09|36805
7973.45|0.09|12418
36056.86|0.09|21636
62114.49|0.02|27939
2064.26|0.09|32229
21887.04|0.02|21889
4291.59|0.03|18919
26326.08|0.07|549
21217.65|0.04|14816
12466.16|0.05|46848
57608.1|0.01|34407
29389.14|0.1|5571
87932.64|0.01|31426
19981.8|0.06|13408
34237.34|0.04|36739
31848.81|0.07|10658
37926.0|0.06|21636
6625.2|0.1|22208
87559.12|0.03|30887
12452.09|0.1|13958
35302.76|0.09|22626
32410.2|0.01|22978
36555.78|0.06|7078
34331.1|0.02|43526
52030.3|0.05|21636
24455.01|0.1|20965
46039.98|0.08|41766
32014.8|0.01|28929
6342.0|0.04|3492
1589.68|0.05|30821
68361.15|0.0|23429
74218.32|0.05|12869
48051.2|0.01|10724
42796.36|0.04|1281
54827.52|0.08|44615
18848.52|0.1|42624
41676.8|0.09|31426
37414.75|0.03|34209
13590.0|0.0|9025
51211.02|0.0|20679
13456.52|0.09|25959
92697.5|0.08|7364
20966.61|0.02|13606
59070.08|0.01|22758
12697.37|0.08|11428
79702.13|0.08|31910
32404.84|0.03|45605
48254.7|0.09|38917
57631.18|0.06|30403
30723.6|0.08|21922
11364.43|0.06|5670
27370.26|0.09|868
38042.0|0.05|13408
45227.98|0.04|40677
14656.73|0.08|21889
51886.77|0.05|2150
34716.96|0.04|3591
56271.27|0.05|967
50769.63|0.05|20679
14355.48|0.09|43911
9919.8|0.07|27939
19761.84|0.04|2370
38921.58|0.01|31239
78478.72|0.09|44549
24338.64|0.02|44736
45890.4|0.06|40677
8156.82|0.08|40996
31226.94|0.0|8101
65558.66|0.1|1281
10018.8|0.03|30722
4697.08|0.01|769
57811.74|0.1|8387
37111.76|0.06|39808
16682.71|0.02|44615
48945.62|0.06|35936
5714.08|0.07|8035
48002.49|0.09|33703
45023.3|0.04|40039
3693.99|0.0|12935
30242.11|0.09|10658
41422.54|0.05|13408
45175.68|0.02|44549
1466.56|0.03|5285
44351.97|0.06|35936
61841.01|0.07|21735
51048.94|0.09|5571
39745.29|0.08|33857
49122.5|0.03|8321
980.07|0.08|9861
8430.1|0.03|44615
41669.58|0.0|40512
88029.59|0.09|3492
22656.84|0.09|7782
21368.62|0.03|6693
26181.9|0.0|417
3677.86|0.1|9575
56604.96|0.08|21889
8093.55|0.0|31525
52888.0|0.03|43207
20314.04|0.03|34308
55151.83|0.04|12902
19910.0|0.02|11879
23909.2|0.07|36805
42325.08|0.03|23649
9874.71|0.01|40996
40171.23|0.07|40512
26340.86|0.1|20932
63032.62|0.01|45539
32710.0|0.03|9476
31651.29|0.03|8387
2140.32|0.05|11648
54027.96|0.06|41667
42225.88|0.09|5285
38354.58|0.0|9762
12262.95|0.05|41568
31520.81|0.1|21537
13440.84|0.01|30469
13234.2|0.03|35815
10451.34|0.08|7397
48003.43|0.04|37927
23152.5|0.03|7650
26448.29|0.1|13958
19649.0|0.06|21735
15356.3|0.03|42756
50744.39|0.07|5472
6398.07|0.04|31239
43678.17|0.1|5670
59464.0|0.06|45825
36595.96|0.08|23968
1067.16|0.06|5285
33475.4|0.08|45924
53677.05|0.04|30656
52591.0|0.08|37729
63129.69|0.05|46628
35553.96|0.1|38818
52744.24|0.07|42338
84089.0|0.09|12902
29496.19|0.08|24738
39715.2|0.0|9476
13599.82|0.02|26916
59418.45|0.06|5472
30333.3|0.04|33857
88413.12|0.05|44417
43668.92|0.08|8992
35056.53|0.09|13606
21479.22|0.08|23429
8541.36|0.0|42437
57584.5|0.0|34209
44796.24|0.0|20679
67127.28|0.01|34979
68659.14|0.02|41667
7059.44|0.01|47937
71276.0|0.07|40259
68575.01|0.01|36706
5445.9|0.03|22978
33035.5|0.0|22208
45734.29|0.04|38818
39315.9|0.03|3074
6632.1|0.07|16807
59942.39|0.02|11813
35237.5|0.1|8387
60024.03|0.02|30436
42582.0|0.02|36838
16085.29|0.09|18919
68330.01|0.01|23968
3784.08|0.03|2370
39901.68|0.03|12737
36074.64|0.09|33923
61175.25|0.04|6693
61180.35|0.06|21889
1225.32|0.06|43009
15119.17|0.06|32229
86919.63|0.09|31910
10424.25|0.02|12737
36004.81|0.02|868
23929.56|0.03|10306
40250.09|0.06|11879
24006.18|0.09|13507
48825.81|0.06|9894
17046.24|0.09|46309
54823.95|0.1|12737
13974.07|0.0|41634
37688.04|0.05|31745
71635.6|0.03|23429
51535.8|0.07|22912
4123.41|0.06|34209
58040.42|0.0|31877
1900.08|0.01|417
51428.35|0.1|417
1346.44|0.09|9476
15091.5|0.01|45605
56164.5|0.0|43207
4977.36|0.05|33857
13495.69|0.09|13606
44933.49|0.0|43207
9400.3|0.04|28929
16345.55|0.04|21702
26289.9|0.08|20646
11412.16|0.03|21856
1530.63|0.06|11109
55818.2|0.07|44769
77477.84|0.08|21922
21911.36|0.05|42756
29597.13|0.04|868
25983.72|0.01|30469
20884.61|0.03|23616
20626.84|0.02|8640
42035.6|0.1|20899
3980.36|0.1|42624
26442.9|0.02|34627
27067.26|0.06|41216
31490.56|0.06|20547
59704.64|0.08|22307
31213.2|0.05|21636
50250.52|0.04|3492
40644.1|0.04|8101
47892.44|0.0|42756
916.01|0.02|43207
42515.57|0.1|20866
68323.0|0.03|36838
53447.98|0.07|32229
40964.8|0.08|12902
14823.96|0.09|22307
29551.04|0.0|20679
16994.56|0.1|20613
43446.9|0.07|34627
49624.11|0.09|40512
25705.35|0.1|39808
19557.12|0.03|8035
12368.02|0.05|40039
16308.0|0.01|38818
17765.57|0.04|8101
16167.85|0.06|30436
13742.88|0.09|39808
21221.78|0.02|37729
32732.37|0.06|10438
52807.44|0.1|30821
5129.52|0.03|8640
32235.0|0.07|15718
4117.41|0.06|12737
43597.17|0.08|21856
46353.28|0.09|36706
9249.84|0.0|9894
41024.15|0.04|41601
61899.79|0.09|6693
10339.12|0.06|31239
