28470.24|0.07|36867
9137.8|0.09|46855
17388.3|0.05|17859
76986.45|0.05|20103
29885.9|0.08|30784
17955.76|0.1|13536
25107.36|0.06|44325
21879.36|0.07|30784
36579.44|0.05|40673
36462.15|0.04|21027
54108.42|0.03|710
16918.2|0.03|45986
64740.8|0.03|45414
35282.28|0.04|33347
38892.35|0.07|4390
24370.8|0.07|897
46964.82|0.09|20037
44246.5|0.04|19718
12873.8|0.02|46404
60256.8|0.09|40673
52977.82|0.07|45348
45003.47|0.03|36999
11108.97|0.08|22501
2788.98|0.09|33699
9089.84|0.03|12645
2438.62|0.0|32676
25493.03|0.0|42851
10069.71|0.08|31015
58765.21|0.01|13602
17659.44|0.03|21445
31058.5|0.1|30784
77887.35|0.0|18816
20240.44|0.06|34535
7207.7|0.03|24965
8637.18|0.0|259
22344.2|0.02|35877
69058.35|0.08|10247
71126.0|0.06|44864
39744.29|0.05|29926
35967.75|0.09|36229
39752.79|0.05|35910
85049.1|0.08|36449
44530.76|0.06|26758
37064.0|0.07|46624
3546.84|0.03|40772
27416.07|0.07|8097
52167.81|0.08|21478
2406.6|0.1|7173
15823.83|0.0|35910
49964.28|0.01|677
31942.49|0.06|35107
28130.75|0.05|45447
2790.09|0.09|45766
13622.76|0.08|18849
70680.15|0.08|42565
40440.21|0.0|31873
5030.5|0.07|42213
63403.08|0.0|36416
1900.1|0.09|8097
16209.27|0.01|7591
9190.1|0.1|23238
12415.65|0.03|36999
17009.2|0.0|36966
45078.64|0.04|13569
62489.62|0.05|21478
66408.11|0.01|20961
51576.56|0.04|36867
42545.9|0.05|17408
59764.5|0.02|30850
19082.7|0.09|33479
45745.56|0.09|259
33570.18|0.1|22402
9442.02|0.01|14119
39978.88|0.09|43940
23530.0|0.05|13569
42846.8|0.03|42433
40370.07|0.05|611
56556.72|0.07|20422
47857.66|0.08|12007
61757.64|0.08|32676
11664.84|0.08|17507
31569.3|0.1|25537
51413.23|0.06|32676
37137.69|0.03|8581
10384.98|0.1|30311
37407.6|0.09|33479
16112.55|0.06|31653
31138.24|0.07|25856
68665.44|0.1|21126
39895.2|0.09|19905
33828.8|0.01|35107
14601.86|0.04|46855
32122.02|0.09|5094
54854.52|0.1|45700
4088.48|0.05|23205
12473.4|0.1|44358
22633.84|0.01|26626
5634.0|0.04|20103
33251.52|0.03|44930
15793.28|0.04|21027
10658.34|0.01|20037
45589.95|0.03|41124
25467.84|0.08|30597
10132.78|0.01|963
26604.0|0.02|43104
23325.2|0.02|35811
6615.0|0.01|30278
36747.48|0.09|8130
4348.72|0.01|13602
25586.08|0.08|10951
14908.08|0.06|12326
12917.68|0.0|34304
55184.4|0.1|226
12829.68|0.03|47779
42169.5|0.06|20642
9719.36|0.07|20774
56804.68|0.08|23777
41693.22|0.01|30465
29229.72|0.04|22886
50294.0|0.02|15329
38441.4|0.0|42884
52451.04|0.01|19938
60824.05|0.08|37637
43240.47|0.04|16704
10216.85|0.02|33347
51569.47|0.01|16935
46977.56|0.07|25856
14271.04|0.04|20422
42164.72|0.07|43555
29894.4|0.0|46624
6419.07|0.0|31015
30425.06|0.0|30784
25903.25|0.09|24833
13082.16|0.03|36647
38201.1|0.06|22820
1546.64|0.08|611
12375.02|0.08|26978
17238.36|0.1|21863
14485.4|0.0|16836
42966.62|0.03|42851
33185.5|0.08|17826
17972.24|0.02|44864
38651.31|0.01|43940
32665.1|0.02|42279
22332.42|0.04|40167
66671.1|0.05|7074
33901.06|0.08|35811
5045.5|0.07|9186
31233.5|0.04|12612
44655.94|0.08|42631
33629.64|0.03|18849
37242.66|0.02|25856
48616.06|0.05|33732
55815.3|0.07|9186
33636.0|0.04|22886
52094.84|0.04|30883
49624.7|0.09|43104
8976.66|0.07|44358
40392.75|0.0|710
13632.63|0.06|35910
49109.76|0.05|23205
22686.48|0.0|42246
48958.65|0.03|30311
31185.36|0.08|20389
39412.47|0.03|40101
55047.9|0.03|23238
20745.27|0.07|47009
34245.72|0.05|40420
40578.96|0.02|31873
23445.4|0.07|22820
43807.69|0.03|45766
31774.5|0.06|43654
4775.25|0.08|2080
32921.37|0.05|36867
16743.15|0.1|29508
61175.1|0.1|33446
28695.66|0.1|10951
34452.72|0.03|9120
23364.75|0.08|36229
41195.22|0.05|43236
44111.04|0.1|30564
17585.59|0.03|42246
3363.66|0.05|40101
27030.0|0.02|39749
85987.65|0.07|47713
1607.7|0.03|35811
44432.52|0.05|10148
31618.56|0.04|37637
12962.17|0.08|41476
46538.31|0.0|17507
34885.95|0.02|25856
17503.72|0.1|24833
40779.84|0.08|28903
42848.08|0.07|20642
79203.42|0.09|36834
26488.26|0.01|30597
57861.6|0.04|11875
22584.96|0.07|36548
4600.96|0.02|31015
7056.7|0.09|6150
17128.1|0.0|10148
6066.55|0.08|43269
7968.45|0.09|40068
48603.5|0.06|34788
6180.72|0.1|38913
24918.18|0.06|26978
28950.8|0.08|40354
72268.8|0.0|20455
45712.64|0.03|31873
19775.42|0.03|17826
74040.12|0.05|23139
63051.69|0.06|23238
54930.52|0.07|710
3216.51|0.0|43522
26853.4|0.0|44897
46901.5|0.09|6150
37239.6|0.02|18629
7610.16|0.03|15846
46947.36|0.01|26978
3689.88|0.07|226
35737.8|0.01|20455
60543.7|0.0|22820
73954.2|0.02|20675
58342.0|0.06|39749
43563.84|0.06|20389
28330.2|0.07|23458
42218.82|0.04|20961
44902.79|0.03|42950
7091.77|0.04|710
44355.88|0.07|43203
12628.0|0.07|30597
50374.02|0.03|13536
62484.86|0.0|17507
12586.64|0.1|10852
9866.64|0.07|8581
20518.47|0.1|41861
4144.44|0.09|24613
23705.28|0.0|10500
46093.68|0.09|15109
25715.55|0.01|34821
39302.43|0.01|45700
13887.0|0.04|512
57810.92|0.06|21478
18246.25|0.06|47713
3992.36|0.07|20576
12573.36|0.07|43269
18565.58|0.1|12007
71321.95|0.02|32577
63655.62|0.07|11974
26616.75|0.02|10016
6715.26|0.02|10434
5421.8|0.08|12931
50126.12|0.09|41861
15186.1|0.04|45986
26187.0|0.02|46723
39892.29|0.04|24448
35528.4|0.1|29607
17388.75|0.02|34689
58608.0|0.05|37318
25848.74|0.07|25669
30216.76|0.03|19905
19442.67|0.05|8130
5075.55|0.08|26912
7928.72|0.02|13536
48104.07|0.0|17507
23275.75|0.06|11303
54482.75|0.07|23238
38029.11|0.04|710
48372.87|0.0|677
14596.05|0.03|30311
19929.6|0.01|25856
57941.6|0.0|24965
36372.6|0.06|30883
51852.12|0.03|25669
35629.92|0.01|22754
60519.69|0.02|34535
82895.12|0.03|8295
33892.8|0.01|12898
5481.84|0.07|42213
12135.96|0.03|18816
13924.9|0.02|20037
42596.88|0.09|12931
46715.85|0.04|33479
33821.54|0.05|12326
14979.25|0.02|44864
52693.49|0.05|20037
17971.52|0.09|42279
15864.16|0.01|24613
7596.26|0.1|32676
1882.98|0.09|44358
15846.8|0.04|33127
55860.5|0.01|47779
19111.74|0.05|44930
59403.19|0.05|21027
49491.2|0.08|644
26861.38|0.01|31521
19800.66|0.03|5094
52358.88|0.0|35558
9762.48|0.1|32038
56909.7|0.07|37637
29724.97|0.1|42433
77217.6|0.07|20576
70031.72|0.06|32038
50361.12|0.02|45414
43391.3|0.04|30564
40468.75|0.08|30432
61434.98|0.03|36416
78697.26|0.03|31301
41160.84|0.1|25889
26187.0|0.05|40772
22776.32|0.09|16935
44431.36|0.06|36999
45199.14|0.05|8295
71403.84|0.04|26978
39440.63|0.03|42400
41245.74|0.08|28738
53985.96|0.09|15109
42439.02|0.02|31521
1253.35|0.07|32676
26328.2|0.0|21313
20145.78|0.08|42631
66877.59|0.07|24833
12424.32|0.09|40673
44295.59|0.01|25889
80385.0|0.09|39815
3672.04|0.03|18629
66521.0|0.05|13668
29264.51|0.09|26945
27841.74|0.08|46404
32899.36|0.02|46723
74643.75|0.06|12007
29793.97|0.02|644
29885.86|0.0|46624
30512.4|0.04|33666
32507.64|0.05|13569
11325.15|0.05|11138
39943.4|0.01|14823
24101.5|0.09|4291
20314.04|0.08|30564
49595.82|0.1|35712
57895.74|0.03|15109
75469.38|0.06|42246
23452.0|0.03|35008
53439.54|0.09|10434
36939.9|0.07|930
31714.98|0.05|36966
37801.6|0.07|32038
9432.08|0.07|36614
37188.7|0.07|7140
25626.83|0.04|39749
26731.12|0.05|21665
35879.2|0.08|29607
64292.64|0.07|22688
9304.8|0.0|26912
91199.52|0.06|35426
42410.62|0.07|47526
22904.18|0.07|27616
31459.25|0.02|42279
53193.6|0.09|40321
23191.3|0.05|7591
58117.91|0.01|43104
51855.6|0.06|11138
46315.5|0.0|40354
45469.84|0.01|33985
11144.21|0.0|37637
33821.54|0.05|16517
24566.4|0.08|31301
6707.08|0.0|226
17815.98|0.06|33479
18920.7|0.02|40167
45715.88|0.06|22853
27773.41|0.07|7591
83067.3|0.05|24228
30671.76|0.0|38726
69919.92|0.04|42400
29136.78|0.07|38726
49826.28|0.09|26758
21840.24|0.01|33699
31317.44|0.03|9186
64700.09|0.02|37318
8487.06|0.03|512
29543.13|0.0|34117
12971.97|0.1|46404
61625.36|0.05|40992
26547.75|0.07|34788
35782.72|0.05|33600
24175.03|0.09|36647
9130.8|0.0|24613
56519.63|0.04|25735
11595.65|0.03|47108
4144.52|0.03|43654
5486.76|0.06|38209
1761.86|0.1|13316
5440.9|0.07|33347
58818.16|0.05|46437
28349.7|0.07|43236
46207.98|0.05|42631
25829.16|0.09|226
44767.32|0.02|10951
17551.26|0.07|38726
1871.97|0.07|18915
20344.14|0.01|358
52162.44|0.0|644
8190.0|0.03|13767
38131.23|0.09|21445
5365.85|0.02|41124
40852.15|0.01|19905
37732.23|0.09|34117
6692.15|0.01|17859
43671.12|0.05|28738
21221.78|0.02|33666
49528.39|0.03|22886
10475.2|0.1|23777
46814.04|0.04|36229
77482.0|0.04|6183
25836.72|0.09|23524
11712.84|0.08|31653
24306.2|0.1|43104
34000.68|0.1|47108
71531.68|0.06|38979
61169.76|0.05|35008
2648.84|0.06|18629
54169.76|0.03|40354
45002.64|0.08|31873
1083.18|0.06|677
33392.27|0.03|47713
27119.19|0.04|25735
45336.6|0.1|930
70434.4|0.05|25735
41525.55|0.02|18816
40250.84|0.07|35558
56832.42|0.06|46723
5024.31|0.04|14658
15802.65|0.09|47526
57069.14|0.08|33732
1868.06|0.08|22754
49781.76|0.1|20642
37245.69|0.02|20741
25717.02|0.1|30311
13678.4|0.1|13888
43923.15|0.08|23524
1812.0|0.05|22468
43255.52|0.06|13767
36130.64|0.05|21379
41905.15|0.05|34117
24015.22|0.0|30432
40522.78|0.05|5094
49300.82|0.07|34788
46301.29|0.03|10951
11956.72|0.05|40321
4400.76|0.05|31015
10739.52|0.09|21445
42946.2|0.06|22402
27110.7|0.02|45733
10851.6|0.02|12007
3727.02|0.01|38979
16229.5|0.02|40321
52407.0|0.01|24613
22442.64|0.07|29409
7407.9|0.03|23205
43461.9|0.06|42565
4393.68|0.08|259
11796.96|0.1|40673
23961.5|0.0|34821
30188.13|0.05|43588
29792.16|0.06|45447
16762.06|0.03|259
37207.95|0.08|15109
82054.48|0.03|34535
14337.4|0.07|37923
38688.18|0.02|45348
33914.4|0.02|44930
30530.66|0.1|20741
30132.5|0.01|44930
38717.91|0.01|31653
27352.98|0.01|31873
5622.18|0.02|31653
3421.62|0.08|897
26828.32|0.09|11303
74879.2|0.04|644
8504.0|0.03|45447
53649.64|0.09|23876
61770.1|0.06|27616
50279.88|0.05|45029
36985.52|0.1|43588
21848.25|0.07|34535
49403.34|0.03|44358
4388.76|0.1|40420
65157.6|0.05|21445
27468.67|0.06|20576
45574.62|0.06|42565
25880.06|0.0|39815
47852.5|0.03|35811
42749.9|0.03|12645
43880.81|0.07|43555
75920.64|0.0|45733
44537.4|0.09|12326
38541.16|0.05|43236
19268.8|0.02|10148
47009.16|0.0|37923
10697.28|0.07|21126
58442.58|0.09|41861
33678.18|0.05|44358
55501.28|0.09|22468
36022.48|0.03|23238
45122.05|0.05|20037
14113.4|0.0|32577
58815.36|0.1|36867
8657.44|0.0|40354
9102.73|0.05|25669
63607.95|0.03|37318
24622.62|0.05|8295
50670.0|0.09|33666
23040.99|0.07|20576
24429.68|0.01|31015
18319.44|0.1|11974
50733.9|0.09|45766
56304.2|0.09|22688
41516.48|0.01|40772
15406.8|0.09|23106
7255.8|0.09|46855
40950.0|0.01|12612
49912.8|0.05|32610
38153.28|0.03|358
31963.8|0.04|47713
4905.4|0.01|33347
50040.65|0.04|47009
22305.36|0.08|21126
44396.75|0.05|33666
40231.52|0.02|45029
14365.68|0.06|41476
1085.18|0.09|40068
18131.68|0.05|42565
41997.6|0.07|41696
5357.64|0.1|23876
76762.96|0.08|13635
71419.95|0.09|34117
3451.64|0.05|42279
40916.46|0.0|20103
18788.4|0.01|13767
39905.7|0.08|15846
79848.85|0.09|36548
11852.64|0.01|5061
12438.09|0.02|34535
60191.36|0.07|12645
4068.44|0.06|12612
37768.64|0.06|30311
31185.22|0.1|10951
45952.17|0.08|15428
62739.3|0.01|20642
32405.4|0.05|11875
27602.61|0.01|9285
40464.72|0.05|38627
79689.15|0.08|34854
5541.0|0.08|35877
59877.07|0.05|39749
40398.75|0.05|7591
80677.44|0.1|963
16201.85|0.08|23810
47109.52|0.04|21478
13631.49|0.04|38913
50493.61|0.03|32610
50033.38|0.06|46756
2716.9|0.02|41696
53299.61|0.08|22017
73421.76|0.09|36647
65497.52|0.05|43621
68204.76|0.04|30432
61169.76|0.07|17859
11766.6|0.0|29607
30182.5|0.01|22017
11487.33|0.07|38726
28319.7|0.1|16935
5105.6|0.0|47713
15697.08|0.03|6150
1046.14|0.08|26978
27928.42|0.09|41861
54657.6|0.07|23238
26504.0|0.06|40673
26902.62|0.1|17507
29832.45|0.05|39815
36085.86|0.06|42631
44089.88|0.01|6370
25756.08|0.04|47207
41097.32|0.07|21445
6150.72|0.02|24866
55310.0|0.02|21445
30545.55|0.05|47108
38015.5|0.03|41542
23144.64|0.09|29926
43919.04|0.04|677
5894.28|0.1|36647
3679.86|0.1|23777
80956.92|0.03|8295
2038.22|0.03|46756
7466.04|0.05|43588
48124.7|0.0|9890
30583.0|0.07|21478
25768.34|0.04|26758
29631.2|0.03|43940
18567.23|0.03|28738
39929.29|0.01|36867
22704.08|0.02|20642
60292.26|0.01|36229
45846.61|0.06|24866
10334.16|0.04|42246
26257.35|0.02|38979
42401.44|0.1|35712
25857.3|0.03|43104
15273.28|0.05|20774
58702.4|0.06|45766
16657.94|0.05|42950
51711.88|0.08|26978
