17|PERU|8|17|35863.8|0.03|8|37414|37414|280
16|MOZAMBIQUE|73|16|932.03|0.06|73|37414|37414|280
8|INDIA|61|8|14604.48|0.06|61|37414|37414|280
9|INDONESIA|23|9|26089.14|0.1|23|37414|37414|280
22|RUSSIA|42|22|8090.64|0.0|42|37414|37414|280
23|UNITED KINGDOM|66|23|34791.75|0.03|66|22982|22982|170
7|GERMANY|33|7|64874.88|0.01|33|22982|22982|170
24|UNITED STATES|10|24|35302.76|0.08|10|22982|22982|170
23|UNITED KINGDOM|32|23|63327.11|0.03|32|22982|22982|170
16|MOZAMBIQUE|73|16|66909.3|0.05|73|7812|7812|280
13|JORDAN|36|13|16737.82|0.02|36|7812|7812|280
16|MOZAMBIQUE|58|16|40306.84|0.06|58|7812|7812|280
12|JAPAN|43|12|39075.76|0.1|43|7812|7812|280
22|RUSSIA|65|22|32867.37|0.04|65|7812|7812|280
19|ROMANIA|52|19|65635.03|0.01|52|7812|7812|280
24|UNITED STATES|55|24|24478.74|0.08|55|33665|33665|181
24|UNITED STATES|55|24|43727.88|0.01|55|33665|33665|181
17|PERU|59|17|8794.25|0.04|59|33665|33665|181
10|IRAN|34|10|46971.52|0.01|34|33665|33665|181
22|RUSSIA|40|22|77361.88|0.02|40|32128|32128|280
20|SAUDI ARABIA|74|20|9950.9|0.04|74|32128|32128|280
21|VIETNAM|35|21|49232.04|0.03|35|6662|6662|170
4|EGYPT|67|4|36894.42|0.08|67|6662|6662|170
22|RUSSIA|42|22|31021.87|0.1|42|6662|6662|170
20|SAUDI ARABIA|74|20|12052.8|0.04|74|6662|6662|170
22|RUSSIA|40|22|19028.02|0.08|40|19264|19264|181
6|FRANCE|70|6|26044.32|0.04|70|19264|19264|181
17|PERU|59|17|28590.66|0.04|59|19264|19264|181
22|RUSSIA|65|22|56519.63|0.04|65|19264|19264|181
24|UNITED STATES|49|24|14775.52|0.02|49|19264|19264|181
24|UNITED STATES|64|24|73585.74|0.09|64|19264|19264|181
4|EGYPT|69|4|17938.03|0.04|69|44291|44291|170
4|EGYPT|69|4|30032.92|0.08|69|39651|39651|280
8|INDIA|12|8|15448.56|0.09|12|39651|39651|280
22|RUSSIA|16|22|20328.44|0.07|16|39651|39651|280
9|INDONESIA|51|9|25487.4|0.03|51|27364|27364|181
21|VIETNAM|35|21|25442.03|0.04|35|27364|27364|181
5|ETHIOPIA|78|5|33220.38|0.0|78|27364|27364|181
16|MOZAMBIQUE|56|16|36056.18|0.02|56|27364|27364|181
23|UNITED KINGDOM|32|23|16025.16|0.1|32|27364|27364|181
14|KENYA|76|14|62367.0|0.02|76|27364|27364|181
1|ARGENTINA|3|1|55660.5|0.1|3|27364|27364|181
21|VIETNAM|35|21|45488.64|0.02|35|36198|36198|280
18|CHINA|27|18|45277.36|0.03|27|36198|36198|280
24|UNITED STATES|46|24|48462.48|0.0|46|35362|35362|280
16|MOZAMBIQUE|18|16|25676.28|0.03|18|35362|35362|280
4|EGYPT|67|4|40171.2|0.08|67|40390|40390|181
21|VIETNAM|80|21|35411.49|0.04|80|483|483|280
18|CHINA|11|18|14424.3|0.04|11|483|483|280
24|UNITED STATES|46|24|9298.08|0.0|46|483|483|280
11|IRAQ|5|11|52830.33|0.1|5|36135|36135|280
19|ROMANIA|62|19|12505.32|0.03|62|36135|36135|280
24|UNITED STATES|55|24|56489.4|0.1|55|36135|36135|280
0|ALGERIA|37|0|32209.5|0.08|37|36135|36135|280
16|MOZAMBIQUE|56|16|12244.14|0.02|56|36135|36135|280
7|GERMANY|53|7|36061.06|0.02|53|36135|36135|280
24|UNITED STATES|64|24|3760.12|0.02|64|36135|36135|280
21|VIETNAM|80|21|49153.65|0.05|80|11462|11462|181
19|ROMANIA|62|19|7868.35|0.04|62|11462|11462|181
22|RUSSIA|40|22|11370.24|0.0|40|11462|11462|181
8|INDIA|60|8|25576.88|0.05|60|11462|11462|181
1|ARGENTINA|71|1|81441.8|0.04|71|11462|11462|181
5|ETHIOPIA|63|5|12597.36|0.03|63|11462|11462|181
0|ALGERIA|28|0|6276.75|0.03|28|10594|10594|170
4|EGYPT|38|4|13235.13|0.01|38|31143|31143|280
7|GERMANY|44|7|6717.2|0.08|44|17888|17888|280
3|CANADA|13|3|57571.65|0.06|13|17888|17888|280
0|ALGERIA|28|0|3135.32|0.1|28|17888|17888|280
1|ARGENTINA|71|1|43653.15|0.1|71|21188|21188|280
15|MOROCCO|14|15|11469.33|0.05|14|21188|21188|280
17|PERU|57|17|20047.85|0.03|57|21188|21188|280
9|INDONESIA|23|9|6741.42|0.06|23|21188|21188|280
15|MOROCCO|4|15|3600.9|0.05|4|21188|21188|280
