37379
26786
38149
12035
43077
22342
27105
21990
35586
30471
11331
29316
30020
35553
35014
13476
10022
30240
18503
12420
17249
14499
34530
38369
25411
34497
33122
11430
46850
26500
39205
26951
42692
47301
28678
12992
33991
24487
39744
15236
45574
25378
16358
25543
39777
11683
27556
18437
11650
26115
27589
44034
20263
44320
12321
13124
24289
22276
16259
20164
27776
28326
35168
13542
25862
11782
13762
27842
42373
11463
36576
21253
43297
32198
39975
36224
25125
15456
37511
23398
46564
32165
24641
18404
22562
32385
23266
19207
42241
42054
47840
21121
45475
18976
23299
29536
12772
27237
13696
25796
46179
25345
47620
22881
25444
9093
23684
14532
25895
42021
17348
16963
17568
11397
28007
870
10594
17986
29921
20582
16743
28711
43781
39810
45156
32000
35366
44452
36961
14752
33254
37984
37346
100
47334
30273
32231
47268
16897
47554
47136
34464
45761
12453
37126
12354
35201
21154
19713
14466
10374
25697
28645
46531
33155
45541
8070
19526
15654
353
24355
42560
10055
25059
33089
35333
19878
33540
47015
32484
38017
31461
34277
29635
43495
26401
29987
38754
34145
26533
33474
10880
23783
19746
37764
26753
47686
13344
14246
30790
24740
15137
32033
44199
41570
47488
16996
47202
40294
35520
47653
43682
46113
46146
21891
23332
17799
10242
43396
44672
16578
17447
42087
29701
36389
18723
20098
14147
24069
22023
27303
46630
21792
11584
14048
12871
38468
12134
33892
28579
47367
45123
39623
19812
13795
18305
47972
28227
26214
29668
20197
35047
672
15302
37313
24135
18657
22496
41350
17216
28832
34695
36356
14851
39106
46432
28964
9280
46212
31142
32770
45860
23552
15555
39139
29954
21187
19845
27523
38567
36994
13157
35399
18822
10693
46982
24773
38435
17733
13410
44386
23651
22980
47521
10176
27622
14598
44100
20483
10275
37797
28898
11045
46883
35300
37830
47169
15269
34211
38853
22661
12002
34981
13894
25763
11265
17766
31681
14950
26885
26368
28931
32099
14400
27875
39843
29415
15335
16864
18019
16325
16545
34563
18338
31076
13223
34244
43330
31780
20032
32451
15973
28997
41031
24454
37665
23970
10561
20384
46597
41383
17029
45222
15104
22694
37027
22375
36422
43044
1
37478
44001
45057
38787
34310
25730
17315
36642
13443
11111
35652
21220
32132
26566
29217
