49974.72|0.01|14274
52922.68|0.06|36197
20581.68|0.06|20390
29880.48|0.03|23140
2903.1|0.05|24581
13608.98|0.02|293
29024.0|0.1|12580
61985.52|0.04|32391
13286.56|0.0|27463
38560.8|0.07|19653
24176.5|0.06|37440
28320.59|0.02|27045
21502.95|0.1|16133
33707.37|0.1|37473
43045.5|0.0|19873
11662.6|0.02|19301
33220.38|0.0|27364
24383.45|0.0|28387
17920.11|0.03|17123
15649.12|0.05|28387
10439.44|0.04|32292
37637.34|0.1|16100
7199.56|0.01|36230
12421.42|0.09|47494
45503.76|0.1|46372
33343.42|0.08|26374
52657.5|0.0|37253
46781.32|0.1|27045
38915.0|0.09|26374
53878.42|0.0|11392
34540.51|0.06|16870
17551.26|0.05|27045
38577.0|0.1|46691
47434.94|0.01|29058
60965.5|0.0|19972
38471.4|0.06|29762
25591.72|0.09|38562
15446.4|0.05|20390
33760.53|0.09|46053
26353.89|0.08|16551
61529.13|0.0|13284
59607.0|0.08|16870
35226.76|0.05|15462
45322.75|0.01|35141
72509.28|0.02|27111
50654.4|0.0|13152
21407.04|0.09|27012
20742.24|0.09|34690
44820.36|0.02|38243
65010.78|0.09|35141
74554.69|0.1|16551
43029.36|0.1|25120
1442.54|0.07|28321
11756.48|0.1|19521
7864.64|0.06|36230
15603.61|0.0|36065
61196.26|0.09|47780
47090.4|0.08|18432
50822.34|0.02|2949
14953.12|0.0|29861
29571.4|0.09|23393
40374.03|0.03|11073
29824.96|0.0|47175
23774.33|0.08|12096
34044.24|0.1|28354
29839.97|0.1|19521
27461.76|0.04|26055
55829.67|0.04|38243
7329.98|0.05|17761
1900.1|0.09|28002
43294.58|0.04|46691
15823.83|0.02|22183
9703.53|0.1|45184
57349.32|0.01|18597
11835.53|0.0|26055
24988.32|0.02|24196
31063.93|0.02|38496
15166.65|0.04|34470
26971.98|0.06|17541
4757.12|0.0|2817
46333.78|0.06|36131
4670.15|0.05|19367
20091.45|0.06|3906
9003.6|0.0|47461
25029.54|0.08|16100
39077.55|0.03|29861
7411.98|0.07|16100
16465.92|0.05|10182
37540.0|0.1|46471
47259.24|0.0|3906
32284.75|0.05|20192
68337.16|0.07|28772
31617.84|0.05|18432
44703.36|0.07|48000
45926.72|0.04|28354
34230.2|0.03|39431
53903.38|0.1|18850
47308.6|0.04|20390
20174.22|0.03|28321
29852.7|0.0|23041
16014.68|0.1|28002
62976.08|0.02|29443
13044.0|0.0|39970
18424.8|0.04|46471
2022.22|0.1|27430
10315.04|0.01|17794
29582.0|0.01|17794
10201.2|0.1|35042
26779.25|0.09|39783
47524.32|0.06|47296
33374.0|0.1|28068
20402.4|0.03|13284
52041.87|0.0|47296
42430.85|0.03|16771
32950.67|0.07|44480
26856.69|0.1|20192
59487.84|0.05|11491
44883.3|0.02|19587
54875.52|0.02|32292
46418.4|0.01|44480
19641.6|0.09|29058
11712.7|0.06|27232
16661.76|0.0|13031
44357.6|0.02|35460
36596.28|0.08|13031
38134.11|0.05|38661
10801.7|0.01|26594
8144.7|0.09|18850
36439.9|0.01|28068
46201.0|0.03|13570
23897.44|0.0|27430
39133.16|0.0|23041
25368.0|0.08|38210
39256.4|0.05|29025
65989.6|0.07|36197
24777.25|0.08|29443
70717.62|0.01|15011
62706.24|0.0|24064
47522.06|0.04|37990
74658.76|0.04|45184
12585.23|0.08|15781
34261.2|0.0|28068
1544.64|0.08|29894
34252.96|0.09|35075
59014.0|0.05|14791
45048.0|0.08|12261
28044.03|0.0|15330
16187.1|0.08|32193
78580.74|0.06|28486
53300.88|0.09|13383
32341.09|0.0|18850
33237.62|0.08|33095
42382.2|0.02|29058
30320.64|0.04|37572
8271.09|0.02|18245
15328.39|0.1|293
84221.69|0.01|39365
34126.29|0.05|17222
17749.44|0.01|38496
9464.95|0.1|27463
53744.35|0.01|36230
24452.1|0.04|18179
44034.76|0.02|18113
50958.36|0.02|35460
53096.8|0.05|46240
52310.65|0.01|18597
30056.67|0.09|28387
51253.66|0.05|19301
24862.18|0.08|28321
22324.2|0.1|14021
58991.79|0.01|13031
23515.7|0.03|14274
26902.62|0.09|38243
63267.2|0.06|36065
23626.0|0.06|16870
42864.47|0.1|28035
67270.34|0.05|12261
26573.12|0.0|37473
25778.25|0.03|16100
88547.06|0.09|46372
53077.61|0.04|29762
39497.76|0.02|19587
61659.78|0.08|37990
41722.0|0.07|18531
52294.44|0.0|45184
62614.12|0.01|19840
36407.88|0.06|36131
1098.19|0.06|16452
43102.8|0.03|24262
10803.6|0.04|194
80580.96|0.06|17123
30971.79|0.09|22183
32359.75|0.02|35460
70229.7|0.07|38980
35087.5|0.03|47494
3324.6|0.07|39365
16667.6|0.02|23041
30104.13|0.0|16100
31727.81|0.05|29894
21878.25|0.09|39783
58541.88|0.05|20390
1017.11|0.1|39266
7028.7|0.06|39431
3072.36|0.1|46471
56778.06|0.05|25472
49089.36|0.03|28772
61512.79|0.07|32292
13159.19|0.04|28772
50875.0|0.06|13570
45846.96|0.1|18597
12431.09|0.01|38661
32038.72|0.1|34470
77037.77|0.01|34371
47929.43|0.1|12261
12316.14|0.04|23140
45136.32|0.04|12261
47787.0|0.01|28772
36216.06|0.09|26594
45633.21|0.06|24196
35684.22|0.09|32391
10723.44|0.06|29025
42577.57|0.09|16100
12133.1|0.04|36065
43973.81|0.0|39750
41975.15|0.05|23140
25924.74|0.0|47175
21927.36|0.1|29058
16745.88|0.06|26374
20493.6|0.01|13284
38552.58|0.02|23140
34596.11|0.09|18113
55259.8|0.08|22183
23400.75|0.06|14791
18691.8|0.0|31170
61816.5|0.09|17024
38273.76|0.0|194
55455.28|0.05|28871
58667.02|0.01|45184
43104.88|0.05|37253
58154.51|0.1|15781
2732.92|0.04|17255
18640.02|0.01|19136
75595.38|0.02|28321
9901.57|0.02|25252
34178.91|0.01|13031
39942.56|0.02|26660
20373.92|0.0|16133
42577.57|0.01|26374
4690.15|0.06|32193
27893.52|0.06|45184
14695.6|0.03|18179
28302.48|0.0|12096
21137.23|0.09|18113
51144.46|0.07|13152
35330.99|0.01|17255
16497.4|0.0|29894
32489.1|0.08|46471
50223.07|0.07|16133
60765.5|0.01|3906
65989.09|0.06|26341
89064.53|0.08|13152
7336.98|0.07|47175
49151.34|0.01|27463
69373.8|0.06|36582
58279.07|0.02|38496
67102.56|0.09|19521
14711.73|0.04|47076
41765.6|0.04|11073
1173.27|0.09|27265
20805.96|0.02|34085
24688.41|0.01|28453
67166.55|0.03|36197
15478.29|0.0|25120
57733.2|0.02|37990
10335.99|0.01|17860
48841.65|0.06|29223
18996.48|0.07|26660
56837.1|0.03|18179
33410.75|0.09|39783
72987.28|0.05|38210
74829.5|0.02|17761
31820.04|0.01|17475
52832.16|0.02|35460
72364.8|0.03|38496
22702.31|0.01|37253
37225.7|0.03|21061
17508.5|0.03|18597
19428.96|0.02|28002
3123.42|0.1|17442
46535.85|0.02|29058
19962.59|0.07|1409
44373.6|0.1|38210
34436.75|0.07|2817
12852.14|0.07|24097
8032.8|0.04|27463
26190.93|0.0|47461
29563.74|0.03|25351
54588.14|0.01|36131
3621.9|0.02|11491
50273.64|0.01|28387
33306.3|0.0|13383
9508.08|0.02|27265
30152.0|0.06|16870
18875.25|0.1|19653
45589.72|0.05|10182
49225.91|0.06|22183
75143.2|0.02|35075
27510.3|0.03|46691
50133.12|0.06|37440
10234.96|0.08|28486
45963.47|0.05|12261
4228.5|0.01|36582
20469.6|0.01|26693
27655.0|0.04|18850
16469.64|0.04|23393
41925.95|0.1|18245
38772.94|0.06|22183
36147.6|0.07|34470
34373.44|0.01|17794
26705.16|0.02|17541
7107.6|0.02|26374
19400.85|0.0|14021
49647.85|0.06|25571
13584.5|0.0|29443
15657.34|0.05|194
63535.51|0.09|17860
13899.0|0.01|24064
45654.84|0.09|19873
36194.55|0.1|47461
29771.6|0.07|18465
28531.5|0.01|35075
25713.36|0.03|24196
2885.08|0.01|14791
2694.88|0.02|37473
16682.71|0.03|38496
31002.48|0.0|36230
16803.15|0.04|46691
71884.12|0.03|15011
17230.46|0.05|18113
43966.36|0.0|28871
58295.51|0.03|37473
7171.74|0.07|27463
47616.75|0.1|11491
62106.74|0.02|29443
4950.45|0.08|17893
47219.48|0.0|19587
47093.17|0.09|18465
34522.62|0.05|28772
25741.83|0.09|36582
43226.82|0.04|18465
35592.28|0.09|11491
42886.8|0.01|29058
37474.8|0.09|14274
48490.26|0.05|18179
57758.86|0.07|36230
1370.46|0.04|194
22794.48|0.02|11491
41553.0|0.02|26374
57217.16|0.0|15462
93050.51|0.07|28354
5952.54|0.08|46053
36638.6|0.09|18850
1357.45|0.05|20192
58966.53|0.08|37990
43942.81|0.09|43490
58916.22|0.04|29410
11516.24|0.01|28068
43276.53|0.03|36230
26131.14|0.02|194
12732.37|0.08|24097
21788.25|0.06|28068
29111.0|0.04|23041
19028.7|0.05|24262
55246.68|0.03|35460
63879.94|0.03|24064
32311.23|0.06|24097
27341.52|0.1|21094
44937.75|0.08|38210
5556.12|0.1|19972
27514.67|0.1|46471
1436.53|0.02|46372
47043.04|0.03|46592
49043.36|0.07|36582
10973.62|0.09|29223
22686.3|0.08|37473
28509.32|0.04|36582
54222.52|0.05|13031
52051.86|0.07|28354
