21|VIETNAM|80|21|52688.16|0.09|80|23202|23202|161
7|GERMANY|44|7|47083.68|0.0|44|23202|23202|161
12|JAPAN|43|12|44322.6|0.04|43|23202|23202|161
7|GERMANY|53|7|61073.76|0.07|53|23202|23202|161
24|UNITED STATES|55|24|73689.88|0.07|55|19616|19616|172
18|CHINA|11|18|82637.5|0.03|11|19616|19616|172
23|UNITED KINGDOM|66|23|28998.6|0.0|66|19616|19616|172
8|INDIA|61|8|24166.35|0.05|61|19616|19616|172
10|IRAN|9|10|61625.36|0.05|9|19616|19616|172
15|MOROCCO|4|15|54476.88|0.04|4|19616|19616|172
1|ARGENTINA|3|1|28831.25|0.06|3|19616|19616|172
15|MOROCCO|4|15|22758.48|0.06|4|5317|5317|293
7|GERMANY|44|7|39312.0|0.02|44|9382|9382|271
18|CHINA|11|18|4424.8|0.07|11|9382|9382|271
6|FRANCE|70|6|26754.98|0.09|70|9382|9382|271
15|MOROCCO|14|15|54103.5|0.07|14|9382|9382|271
21|VIETNAM|26|21|46459.64|0.06|26|8194|8194|271
10|IRAN|34|10|84467.18|0.1|34|21477|21477|271
7|GERMANY|53|7|26764.32|0.04|53|21477|21477|271
3|CANADA|20|3|39921.39|0.07|20|21477|21477|271
18|CHINA|75|18|46774.25|0.0|75|21477|21477|271
19|ROMANIA|52|19|56602.1|0.05|52|21477|21477|271
5|ETHIOPIA|2|5|12208.05|0.03|2|25536|25536|194
15|MOROCCO|14|15|58974.08|0.09|14|24901|24901|293
21|VIETNAM|35|21|25166.37|0.04|35|24901|24901|293
9|INDONESIA|45|9|17418.9|0.1|45|24901|24901|293
9|INDONESIA|45|9|22824.32|0.06|45|24901|24901|293
1|ARGENTINA|29|1|37326.96|0.09|29|24901|24901|293
19|ROMANIA|62|19|28380.75|0.1|62|19808|19808|260
0|ALGERIA|37|0|54400.29|0.09|37|19808|19808|260
3|CANADA|13|3|38350.18|0.01|13|19808|19808|260
9|INDONESIA|23|9|53097.11|0.08|23|19808|19808|260
19|ROMANIA|17|19|49122.5|0.08|17|19808|19808|260
18|CHINA|75|18|2913.1|0.0|75|19808|19808|260
17|PERU|59|17|5796.25|0.08|59|11459|11459|260
16|MOZAMBIQUE|58|16|75842.04|0.01|58|11459|11459|260
14|KENYA|79|14|18996.48|0.01|79|11459|11459|260
14|KENYA|79|14|8458.95|0.09|79|11459|11459|260
5|ETHIOPIA|78|5|51769.38|0.05|78|11459|11459|260
18|CHINA|27|18|34786.08|0.06|27|11459|11459|260
16|MOZAMBIQUE|31|16|12694.59|0.1|31|11459|11459|260
17|PERU|1|17|61427.52|0.05|1|32129|32129|172
16|MOZAMBIQUE|73|16|61091.1|0.01|73|32129|32129|172
10|IRAN|9|10|42892.25|0.03|9|32129|32129|172
15|MOROCCO|4|15|58868.04|0.02|4|32129|32129|172
12|JAPAN|54|12|47615.75|0.06|54|32129|32129|172
22|RUSSIA|16|22|50310.72|0.08|16|32129|32129|172
4|EGYPT|38|4|20833.89|0.03|38|32129|32129|172
9|INDONESIA|50|9|7135.68|0.06|50|35649|35649|260
0|ALGERIA|24|0|5171.46|0.09|24|35649|35649|260
14|KENYA|79|14|45584.0|0.0|79|35649|35649|260
4|EGYPT|67|4|16198.27|0.05|67|35649|35649|260
24|UNITED STATES|10|24|9194.65|0.01|10|35649|35649|260
16|MOZAMBIQUE|30|16|41309.8|0.06|30|35649|35649|260
6|FRANCE|70|6|31076.34|0.1|70|3392|3392|590
14|KENYA|79|14|50614.4|0.01|79|3392|3392|590
8|INDIA|12|8|13215.86|0.08|12|3392|3392|590
5|ETHIOPIA|2|5|24413.61|0.09|2|3392|3392|590
8|INDIA|61|8|35553.96|0.05|61|897|897|392
1|ARGENTINA|71|1|3421.62|0.08|71|897|897|392
14|KENYA|79|14|11791.0|0.07|79|897|897|392
5|ETHIOPIA|63|5|24370.8|0.07|63|897|897|392
7|GERMANY|77|7|5085.55|0.07|77|33601|33601|161
15|MOROCCO|4|15|19748.88|0.01|4|33601|33601|161
24|UNITED STATES|64|24|85139.55|0.08|64|33601|33601|161
23|UNITED KINGDOM|32|23|13160.42|0.0|32|40773|40773|271
22|RUSSIA|25|22|79702.13|0.08|25|31910|31910|194
0|ALGERIA|24|0|86919.63|0.09|24|31910|31910|194
5|ETHIOPIA|2|5|12941.68|0.09|2|31910|31910|194
21|VIETNAM|80|21|21533.22|0.01|80|28581|28581|491
16|MOZAMBIQUE|73|16|20001.45|0.09|73|28581|28581|491
18|CHINA|11|18|67271.2|0.09|11|28581|28581|491
8|INDIA|60|8|7235.6|0.06|60|28581|28581|491
0|ALGERIA|24|0|58391.94|0.05|24|28581|28581|491
1|ARGENTINA|29|1|23082.36|0.09|29|28581|28581|491
7|GERMANY|77|7|25803.36|0.04|77|9799|9799|370
22|RUSSIA|25|22|14463.6|0.02|25|9799|9799|370
0|ALGERIA|24|0|13388.22|0.06|24|9799|9799|370
3|CANADA|13|3|4745.12|0.06|13|9799|9799|370
14|KENYA|76|14|44296.0|0.08|76|9799|9799|370
22|RUSSIA|16|22|21620.69|0.02|16|9799|9799|370
14|KENYA|6|14|47930.7|0.05|6|2595|2595|590
18|CHINA|72|18|20656.42|0.01|72|2595|2595|590
10|IRAN|9|10|58316.16|0.08|9|2595|2595|590
16|MOZAMBIQUE|18|16|47450.4|0.09|18|2595|2595|590
19|ROMANIA|17|19|33995.83|0.07|17|2595|2595|590
3|CANADA|20|3|48225.15|0.06|20|2595|2595|590
17|PERU|8|17|65541.03|0.02|8|14790|14790|491
17|PERU|1|17|43643.46|0.07|1|14790|14790|491
23|UNITED KINGDOM|66|23|9650.6|0.06|66|14790|14790|491
8|INDIA|60|8|33576.3|0.1|60|14790|14790|491
10|IRAN|9|10|31534.16|0.0|9|14790|14790|491
21|VIETNAM|35|21|4376.76|0.06|35|14790|14790|491
22|RUSSIA|42|22|47982.48|0.06|42|14790|14790|491
17|PERU|59|17|19410.72|0.05|59|19201|19201|260
2|BRAZIL|21|2|59066.64|0.04|21|19201|19201|260
18|CHINA|27|18|27429.4|0.06|27|19201|19201|260
16|MOZAMBIQUE|31|16|92997.5|0.07|31|19201|19201|260
20|SAUDI ARABIA|74|20|53439.4|0.07|74|19201|19201|260
20|SAUDI ARABIA|74|20|21531.37|0.04|74|19201|19201|260
22|RUSSIA|40|22|9940.9|0.01|40|26594|26594|491
15|MOROCCO|14|15|10801.7|0.01|14|26594|26594|491
24|UNITED STATES|19|24|56124.48|0.0|19|26594|26594|491
19|ROMANIA|52|19|36216.06|0.09|52|26594|26594|491
4|EGYPT|22|4|36231.36|0.04|22|20071|20071|392
9|INDONESIA|50|9|72412.8|0.03|50|20071|20071|392
8|INDIA|15|8|80184.6|0.02|15|20071|20071|392
0|ALGERIA|24|0|16863.3|0.1|24|20071|20071|392
14|KENYA|76|14|29168.77|0.06|76|20071|20071|392
4|EGYPT|38|4|6687.15|0.06|38|20071|20071|392
21|VIETNAM|26|21|30913.92|0.1|26|27783|27783|370
24|UNITED STATES|10|24|18412.14|0.02|10|27783|27783|370
19|ROMANIA|17|19|23081.08|0.08|17|27783|27783|370
17|PERU|8|17|18128.37|0.02|8|29511|29511|194
14|KENYA|79|14|23400.96|0.1|79|29511|29511|194
24|UNITED STATES|10|24|55205.22|0.06|10|27971|27971|491
9|INDONESIA|23|9|10514.34|0.01|23|23781|23781|370
15|MOROCCO|4|15|13313.56|0.07|4|23781|23781|370
2|BRAZIL|21|2|1920.12|0.01|21|23781|23781|370
7|GERMANY|53|7|30536.88|0.0|53|23781|23781|370
16|MOZAMBIQUE|73|16|31085.88|0.06|73|37058|37058|491
0|ALGERIA|37|0|34791.75|0.05|37|37058|37058|491
17|PERU|57|17|6381.85|0.1|57|37058|37058|491
24|UNITED STATES|10|24|7712.28|0.0|10|37058|37058|491
19|ROMANIA|52|19|45650.4|0.09|52|37058|37058|491
17|PERU|1|17|62617.5|0.05|1|23298|23298|172
0|ALGERIA|37|0|77432.0|0.1|37|23298|23298|172
18|CHINA|11|18|919.01|0.0|11|32263|32263|392
8|INDIA|15|8|11882.13|0.0|15|32263|32263|392
0|ALGERIA|24|0|17954.55|0.02|24|32263|32263|392
18|CHINA|27|18|55966.57|0.1|27|32263|32263|392
23|UNITED KINGDOM|66|23|18099.68|0.1|66|47586|47586|161
4|EGYPT|67|4|44633.1|0.03|67|47586|47586|161
10|IRAN|34|10|9060.73|0.02|34|47586|47586|161
15|MOROCCO|4|15|55286.04|0.02|4|47586|47586|161
12|JAPAN|54|12|41466.7|0.1|54|47586|47586|161
19|ROMANIA|17|19|66818.52|0.04|17|47586|47586|161
19|ROMANIA|62|19|20822.1|0.04|62|19910|19910|271
24|UNITED STATES|55|24|45012.6|0.07|55|19910|19910|271
14|KENYA|79|14|66503.04|0.01|79|19910|19910|271
24|UNITED STATES|10|24|25716.08|0.07|10|19910|19910|271
10|IRAN|9|10|13566.63|0.1|9|9060|9060|370
0|ALGERIA|37|0|11892.8|0.04|37|9060|9060|370
24|UNITED STATES|10|24|11400.48|0.06|10|9060|9060|370
18|CHINA|11|18|78580.74|0.07|11|29767|29767|172
21|VIETNAM|26|21|1484.58|0.06|26|29767|29767|172
10|IRAN|34|10|15151.92|0.01|34|29767|29767|172
15|MOROCCO|4|15|38802.56|0.05|4|29767|29767|172
12|JAPAN|54|12|39524.94|0.0|54|29767|29767|172
0|ALGERIA|28|0|50755.5|0.03|28|29767|29767|172
18|CHINA|41|18|25760.56|0.09|41|29767|29767|172
4|EGYPT|67|4|67481.55|0.09|67|8192|8192|271
18|CHINA|11|18|37732.23|0.04|11|36896|36896|491
18|CHINA|72|18|14775.7|0.07|72|36896|36896|491
22|RUSSIA|25|22|59352.65|0.04|25|36896|36896|491
9|INDONESIA|23|9|43694.5|0.04|23|36896|36896|491
18|CHINA|72|18|50632.34|0.08|72|35620|35620|271
17|PERU|59|17|2997.27|0.08|59|35620|35620|271
0|ALGERIA|24|0|25164.81|0.02|24|35620|35620|271
12|JAPAN|43|12|45573.0|0.05|43|35620|35620|271
