16|MOZAMBIQUE|73|16|54169.28|0.02|73|15106|15106|344
14|KENYA|48|14|3423.72|0.05|48|15106|15106|344
8|INDIA|15|8|30541.35|0.01|15|15106|15106|344
22|RUSSIA|25|22|21209.32|0.0|25|15106|15106|344
14|KENYA|79|14|12389.65|0.01|79|15106|15106|344
5|ETHIOPIA|2|5|70680.82|0.02|2|15106|15106|344
21|VIETNAM|80|21|7037.5|0.04|80|44102|44102|520
14|KENYA|6|14|27334.98|0.09|6|44102|44102|520
23|UNITED KINGDOM|66|23|67839.81|0.01|66|44102|44102|520
15|MOROCCO|14|15|21641.4|0.01|14|44102|44102|520
14|KENYA|76|14|41264.1|0.09|76|44102|44102|520
14|KENYA|76|14|21923.8|0.08|76|44102|44102|520
12|JAPAN|43|12|83927.69|0.03|43|44102|44102|520
13|JORDAN|36|13|46880.05|0.1|36|47204|47204|179
16|MOZAMBIQUE|18|16|59751.0|0.08|18|47204|47204|179
14|KENYA|76|14|40270.23|0.0|76|47204|47204|179
19|ROMANIA|17|19|4889.16|0.05|17|47204|47204|179
20|SAUDI ARABIA|74|20|26500.8|0.01|74|47204|47204|179
8|INDIA|15|8|50670.02|0.01|15|21189|21189|575
8|INDIA|12|8|44881.56|0.1|12|21189|21189|575
15|MOROCCO|4|15|27455.4|0.1|4|21189|21189|575
14|KENYA|76|14|48603.68|0.0|76|21189|21189|575
23|UNITED KINGDOM|32|23|17252.0|0.03|32|21189|21189|575
16|MOZAMBIQUE|73|16|60608.68|0.04|73|33124|33124|410
24|UNITED STATES|49|24|58525.44|0.1|49|33124|33124|410
7|GERMANY|77|7|1696.79|0.08|77|25413|25413|586
6|FRANCE|70|6|49900.7|0.04|70|25413|25413|586
21|VIETNAM|26|21|22919.7|0.07|26|25413|25413|586
22|RUSSIA|25|22|16592.81|0.09|25|25413|25413|586
2|BRAZIL|21|2|12901.68|0.04|21|25413|25413|586
24|UNITED STATES|10|24|2991.27|0.1|10|25413|25413|586
17|PERU|8|17|23577.76|0.01|8|29152|29152|553
4|EGYPT|22|4|41083.44|0.06|22|29152|29152|553
18|CHINA|11|18|52952.62|0.02|11|29152|29152|553
7|GERMANY|77|7|23755.06|0.02|77|29152|29152|553
1|ARGENTINA|29|1|10775.34|0.1|29|29152|29152|553
5|ETHIOPIA|2|5|52151.5|0.01|2|29152|29152|553
1|ARGENTINA|71|1|24982.14|0.02|71|13091|13091|685
14|KENYA|47|14|54152.04|0.07|47|13091|13091|685
14|KENYA|79|14|53241.6|0.06|79|13091|13091|685
16|MOZAMBIQUE|56|16|15834.83|0.0|56|13091|13091|685
22|RUSSIA|65|22|38726.18|0.08|65|13091|13091|685
14|KENYA|6|14|50114.13|0.02|6|28260|28260|982
11|IRAQ|5|11|20022.0|0.03|5|28260|28260|982
23|UNITED KINGDOM|66|23|35162.5|0.01|66|28260|28260|982
1|ARGENTINA|71|1|33560.72|0.03|71|28260|28260|982
0|ALGERIA|24|0|25516.08|0.03|24|28260|28260|982
24|UNITED STATES|10|24|17716.38|0.07|10|28260|28260|982
5|ETHIOPIA|2|5|1234.33|0.09|2|28260|28260|982
2|BRAZIL|21|2|34074.89|0.04|21|5319|5319|784
3|CANADA|20|3|48646.26|0.09|20|5319|5319|784
22|RUSSIA|65|22|38726.18|0.04|65|1700|1700|520
24|UNITED STATES|49|24|56312.76|0.04|49|1700|1700|520
17|PERU|1|17|55260.0|0.08|1|4933|4933|740
16|MOZAMBIQUE|73|16|3113.3|0.09|73|4933|4933|740
4|EGYPT|69|4|12942.58|0.08|69|18084|18084|520
15|MOROCCO|4|15|26053.5|0.08|4|18084|18084|520
24|UNITED STATES|10|24|19220.4|0.0|10|18084|18084|520
3|CANADA|20|3|72526.95|0.0|20|18084|18084|520
20|SAUDI ARABIA|74|20|25773.16|0.04|74|18084|18084|520
1|ARGENTINA|3|1|67461.76|0.1|3|18084|18084|520
16|MOZAMBIQUE|73|16|52447.87|0.09|73|6627|6627|773
22|RUSSIA|25|22|39707.8|0.09|25|6627|6627|773
6|FRANCE|70|6|25084.69|0.07|70|3558|3558|212
16|MOZAMBIQUE|58|16|27357.96|0.02|58|3558|3558|212
13|JORDAN|36|13|42986.74|0.03|36|3558|3558|212
3|CANADA|13|3|35765.84|0.06|13|3558|3558|212
24|UNITED STATES|49|24|4180.47|0.03|49|3558|3558|212
19|ROMANIA|52|19|12733.52|0.01|52|3558|3558|212
9|INDONESIA|23|9|43805.58|0.05|23|5856|5856|289
21|VIETNAM|80|21|16579.81|0.1|80|5636|5636|971
18|CHINA|72|18|37792.3|0.03|72|5636|5636|971
8|INDIA|61|8|23233.44|0.1|61|5636|5636|971
21|VIETNAM|26|21|26271.9|0.05|26|5636|5636|971
5|ETHIOPIA|78|5|26517.9|0.03|78|5636|5636|971
8|INDIA|12|8|32705.97|0.06|12|5636|5636|971
14|KENYA|76|14|33929.91|0.03|76|5636|5636|971
14|KENYA|47|14|64660.64|0.07|47|37190|37190|113
4|EGYPT|69|4|41388.84|0.08|69|37190|37190|113
4|EGYPT|38|4|16269.85|0.0|38|37190|37190|113
19|ROMANIA|52|19|25695.83|0.07|52|37190|37190|113
7|GERMANY|44|7|23531.76|0.06|44|5217|5217|278
18|CHINA|72|18|39371.63|0.03|72|5217|5217|278
5|ETHIOPIA|78|5|76881.5|0.05|78|5217|5217|278
23|UNITED KINGDOM|32|23|72551.08|0.04|32|5217|5217|278
23|UNITED KINGDOM|7|23|15208.32|0.02|7|1378|1378|157
8|INDIA|60|8|33983.64|0.05|60|1378|1378|157
14|KENYA|48|14|49999.04|0.09|48|1378|1378|157
0|ALGERIA|24|0|16319.38|0.1|24|1378|1378|157
21|VIETNAM|68|21|42036.66|0.05|68|1378|1378|157
12|JAPAN|43|12|10289.16|0.06|43|1378|1378|157
8|INDIA|15|8|27812.82|0.07|15|21762|21762|476
24|UNITED STATES|46|24|62977.05|0.03|46|21762|21762|476
21|VIETNAM|35|21|32026.32|0.06|35|21762|21762|476
8|INDIA|39|8|48745.11|0.0|39|21762|21762|476
18|CHINA|41|18|46579.5|0.06|41|21762|21762|476
22|RUSSIA|40|22|24952.25|0.08|40|18209|18209|179
8|INDIA|15|8|18003.52|0.06|15|18209|18209|179
10|IRAN|34|10|14415.4|0.0|34|18209|18209|179
15|MOROCCO|4|15|6116.6|0.09|4|18209|18209|179
12|JAPAN|43|12|78149.72|0.07|43|18209|18209|179
14|KENYA|48|14|19117.28|0.02|48|13446|13446|388
8|INDIA|12|8|28607.26|0.02|12|13446|13446|388
23|UNITED KINGDOM|7|23|39775.68|0.07|7|34533|34533|553
9|INDONESIA|50|9|27786.24|0.03|50|34533|34533|553
0|ALGERIA|37|0|10736.77|0.08|37|34533|34533|553
8|INDIA|12|8|19533.24|0.09|12|34533|34533|553
5|ETHIOPIA|2|5|61313.76|0.03|2|34533|34533|553
21|VIETNAM|80|21|33661.88|0.05|80|45478|45478|586
7|GERMANY|77|7|27029.0|0.04|77|45478|45478|586
15|MOROCCO|14|15|7443.84|0.01|14|45478|45478|586
22|RUSSIA|16|22|49151.9|0.09|16|45478|45478|586
21|VIETNAM|26|21|10991.9|0.02|26|26723|26723|454
13|JORDAN|36|13|13398.7|0.01|36|26723|26723|454
1|ARGENTINA|29|1|53308.0|0.08|29|26723|26723|454
22|RUSSIA|65|22|29568.64|0.09|65|26723|26723|454
3|CANADA|20|3|10861.8|0.06|20|26723|26723|454
1|ARGENTINA|71|1|4749.12|0.09|71|12357|12357|124
3|CANADA|13|3|19857.0|0.03|13|12357|12357|124
7|GERMANY|53|7|32758.38|0.06|53|12357|12357|124
16|MOZAMBIQUE|30|16|76015.8|0.03|30|12357|12357|124
22|RUSSIA|40|22|12652.64|0.02|40|41991|41991|289
16|MOZAMBIQUE|73|16|4284.68|0.0|73|41991|41991|289
23|UNITED KINGDOM|66|23|64699.0|0.1|66|41991|41991|289
6|FRANCE|70|6|27254.5|0.01|70|41991|41991|289
15|MOROCCO|14|15|78835.26|0.03|14|41991|41991|289
18|CHINA|27|18|43426.2|0.1|27|41991|41991|289
16|MOZAMBIQUE|73|16|54706.88|0.1|73|21894|21894|685
0|ALGERIA|24|0|1743.84|0.05|24|21894|21894|685
5|ETHIOPIA|78|5|29080.28|0.08|78|21894|21894|685
23|UNITED KINGDOM|32|23|39103.26|0.01|32|21894|21894|685
18|CHINA|75|18|45700.5|0.0|75|21894|21894|685
4|EGYPT|22|4|7063.7|0.05|22|29539|29539|388
21|VIETNAM|26|21|53685.28|0.06|26|29539|29539|388
8|INDIA|39|8|25987.8|0.0|39|29539|29539|388
23|UNITED KINGDOM|7|23|30813.6|0.02|7|39329|39329|652
23|UNITED KINGDOM|66|23|36376.15|0.04|66|39329|39329|652
4|EGYPT|22|4|56993.06|0.02|22|39329|39329|652
16|MOZAMBIQUE|56|16|21592.95|0.1|56|39329|39329|652
9|INDONESIA|23|9|44254.76|0.09|23|39329|39329|652
2|BRAZIL|21|2|57543.5|0.0|21|39329|39329|652
5|ETHIOPIA|2|5|34324.62|0.02|2|39329|39329|652
8|INDIA|60|8|46964.17|0.0|60|34368|34368|982
24|UNITED STATES|46|24|21563.75|0.09|46|34368|34368|982
10|IRAN|9|10|15559.38|0.06|9|12775|12775|784
13|JORDAN|36|13|70905.15|0.02|36|12775|12775|784
9|INDONESIA|45|9|32969.97|0.05|45|12775|12775|784
1|ARGENTINA|29|1|2336.52|0.1|29|12775|12775|784
4|EGYPT|69|4|60930.33|0.02|69|20101|20101|740
18|CHINA|72|18|31674.44|0.04|72|10278|10278|289
14|KENYA|79|14|20014.05|0.05|79|10278|10278|289
5|ETHIOPIA|78|5|45506.62|0.07|78|10278|10278|289
1|ARGENTINA|29|1|49769.28|0.1|29|10278|10278|289
21|VIETNAM|80|21|28317.76|0.08|80|5634|5634|542
14|KENYA|6|14|39162.76|0.0|6|5634|5634|542
1|ARGENTINA|71|1|28608.58|0.02|71|5634|5634|542
6|FRANCE|70|6|35788.22|0.1|70|5634|5634|542
15|MOROCCO|4|15|903.0|0.04|4|5634|5634|542
23|UNITED KINGDOM|7|23|55289.22|0.0|7|46304|46304|124
7|GERMANY|77|7|22825.2|0.09|77|46304|46304|124
19|ROMANIA|17|19|85626.24|0.09|17|46304|46304|124
22|RUSSIA|42|22|47040.69|0.04|42|46304|46304|124
14|KENYA|47|14|11345.94|0.08|47|12996|12996|773
2|BRAZIL|21|2|11428.16|0.09|21|12996|12996|773
22|RUSSIA|16|22|53486.4|0.02|16|12996|12996|773
3|CANADA|20|3|47042.45|0.04|20|12996|12996|773
24|UNITED STATES|46|24|49043.36|0.03|46|6083|6083|971
18|CHINA|27|18|29252.97|0.07|27|6083|6083|971
7|GERMANY|33|7|50769.9|0.04|33|30981|30981|751
14|KENYA|47|14|23356.41|0.06|47|30981|30981|751
15|MOROCCO|14|15|84665.28|0.02|14|30981|30981|751
21|VIETNAM|68|21|56175.3|0.1|68|30981|30981|751
24|UNITED STATES|19|24|23379.75|0.03|19|30981|30981|751
12|JAPAN|54|12|25101.69|0.1|54|30981|30981|751
24|UNITED STATES|46|24|46418.88|0.03|46|13953|13953|311
4|EGYPT|67|4|39830.63|0.02|67|13953|13953|311
22|RUSSIA|65|22|67103.54|0.05|65|13953|13953|311
22|RUSSIA|65|22|50768.46|0.09|65|13953|13953|311
8|INDIA|61|8|7043.44|0.1|61|16967|16967|223
8|INDIA|60|8|23629.62|0.03|60|16967|16967|223
1|ARGENTINA|71|1|41274.84|0.08|71|16967|16967|223
0|ALGERIA|37|0|52388.84|0.01|37|16967|16967|223
8|INDIA|15|8|34096.0|0.04|15|16967|16967|223
1|ARGENTINA|29|1|48127.34|0.1|29|16967|16967|223
1|ARGENTINA|71|1|61724.52|0.09|71|37636|37636|784
10|IRAN|34|10|47620.32|0.04|34|37636|37636|784
22|RUSSIA|65|22|21154.86|0.02|65|37636|37636|784
19|ROMANIA|62|19|13335.41|0.02|62|7392|7392|982
14|KENYA|47|14|17028.72|0.02|47|7392|7392|982
0|ALGERIA|24|0|27369.2|0.0|24|7392|7392|982
0|ALGERIA|24|0|32836.86|0.1|24|7392|7392|982
24|UNITED STATES|19|24|75049.87|0.06|19|7392|7392|982
9|INDONESIA|51|9|15096.0|0.06|51|35106|35106|971
16|MOZAMBIQUE|58|16|2770.96|0.06|58|35106|35106|971
9|INDONESIA|45|9|19452.72|0.02|45|35106|35106|971
4|EGYPT|38|4|33564.63|0.04|38|35106|35106|971
22|RUSSIA|16|22|24376.75|0.03|16|27747|27747|751
7|GERMANY|44|7|57020.8|0.06|44|34853|34853|355
17|PERU|57|17|40693.5|0.07|57|34853|34853|355
1|ARGENTINA|29|1|30414.56|0.1|29|34853|34853|355
0|ALGERIA|28|0|18905.25|0.07|28|34853|34853|355
3|CANADA|20|3|31552.68|0.01|20|34853|34853|355
18|CHINA|11|18|19685.28|0.07|11|46755|46755|157
14|KENYA|48|14|48760.2|0.05|48|46755|46755|157
22|RUSSIA|25|22|34726.82|0.01|25|46755|46755|157
24|UNITED STATES|19|24|20140.05|0.0|19|46755|46755|157
24|UNITED STATES|64|24|57608.1|0.03|64|46755|46755|157
18|CHINA|41|18|64496.25|0.08|41|46755|46755|157
22|RUSSIA|25|22|82031.4|0.06|25|44610|44610|124
14|KENYA|79|14|23336.8|0.08|79|44610|44610|124
14|KENYA|79|14|36920.8|0.02|79|44610|44610|124
19|ROMANIA|52|19|17818.38|0.1|52|44610|44610|124
1|ARGENTINA|3|1|26384.38|0.04|3|44610|44610|124
0|ALGERIA|24|0|9762.56|0.01|24|21125|21125|245
24|UNITED STATES|46|24|37192.32|0.05|46|21125|21125|245
8|INDIA|39|8|1500.59|0.06|39|21125|21125|245
16|MOZAMBIQUE|31|16|14006.8|0.1|31|21125|21125|245
23|UNITED KINGDOM|7|23|13040.3|0.01|7|6403|6403|223
12|JAPAN|43|12|11947.13|0.07|43|6403|6403|223
16|MOZAMBIQUE|30|16|55871.27|0.09|30|6403|6403|223
14|KENYA|48|14|9526.08|0.02|48|30849|30849|454
22|RUSSIA|25|22|46414.5|0.03|25|30849|30849|454
4|EGYPT|69|4|50742.0|0.08|69|30849|30849|454
16|MOZAMBIQUE|18|16|36114.86|0.09|18|30849|30849|454
4|EGYPT|38|4|26407.89|0.03|38|30849|30849|454
9|INDONESIA|50|9|12685.44|0.0|50|20707|20707|971
21|VIETNAM|68|21|13415.22|0.04|68|20707|20707|971
12|JAPAN|43|12|7363.76|0.09|43|20707|20707|971
24|UNITED STATES|55|24|56489.4|0.04|55|1474|1474|553
21|VIETNAM|68|21|29334.96|0.06|68|1474|1474|553
0|ALGERIA|24|0|5100.6|0.05|24|1474|1474|553
18|CHINA|11|18|24557.18|0.02|11|7744|7744|872
7|GERMANY|33|7|26380.08|0.0|33|7744|7744|872
9|INDONESIA|45|9|14575.96|0.06|45|7744|7744|872
19|ROMANIA|17|19|36651.15|0.09|17|7744|7744|872
3|CANADA|20|3|13426.7|0.03|20|7744|7744|872
15|MOROCCO|4|15|89194.0|0.01|4|44709|44709|740
16|MOZAMBIQUE|58|16|46694.31|0.02|58|30049|30049|322
15|MOROCCO|4|15|3708.99|0.03|4|30049|30049|322
24|UNITED STATES|10|24|19281.2|0.05|10|30049|30049|322
4|EGYPT|38|4|41553.0|0.04|38|30049|30049|322
22|RUSSIA|16|22|52946.99|0.09|16|40422|40422|751
16|MOZAMBIQUE|31|16|41427.22|0.03|31|40422|40422|751
0|ALGERIA|24|0|47630.4|0.07|24|21568|21568|454
23|UNITED KINGDOM|66|23|51686.32|0.01|66|6790|6790|146
22|RUSSIA|16|22|12928.77|0.09|16|679|679|388
10|IRAN|9|10|40808.72|0.06|9|10304|10304|652
14|KENYA|47|14|3727.02|0.04|47|10304|10304|652
16|MOZAMBIQUE|58|16|18340.2|0.07|58|10304|10304|652
17|PERU|57|17|68657.67|0.01|57|10304|10304|652
1|ARGENTINA|29|1|53011.35|0.05|29|10304|10304|652
2|BRAZIL|21|2|38129.4|0.05|21|10304|10304|652
18|CHINA|41|18|44248.0|0.09|41|10304|10304|652
8|INDIA|12|8|37334.02|0.0|12|1191|1191|883
19|ROMANIA|52|19|20502.08|0.04|52|5284|5284|487
20|SAUDI ARABIA|74|20|29888.16|0.03|74|5284|5284|487
16|MOZAMBIQUE|73|16|1166.26|0.01|73|22977|22977|487
12|JAPAN|43|12|34146.9|0.0|43|45956|45956|454
24|UNITED STATES|55|24|34723.15|0.1|55|22658|22658|355
7|GERMANY|44|7|19681.6|0.03|44|22658|22658|355
10|IRAN|34|10|72058.11|0.09|34|22658|22658|355
1|ARGENTINA|29|1|39691.78|0.03|29|22658|22658|355
5|ETHIOPIA|78|5|33208.96|0.08|78|6791|6791|124
1|ARGENTINA|29|1|39102.16|0.04|29|6791|6791|124
12|JAPAN|43|12|39336.92|0.02|43|6791|6791|124
20|SAUDI ARABIA|74|20|3736.02|0.07|74|6791|6791|124
9|INDONESIA|50|9|19248.24|0.06|50|26948|26948|223
21|VIETNAM|35|21|45328.32|0.09|35|26948|26948|223
24|UNITED STATES|46|24|26363.52|0.01|46|26948|26948|223
9|INDONESIA|45|9|5706.08|0.07|45|26948|26948|223
12|JAPAN|54|12|11815.87|0.08|54|26948|26948|223
23|UNITED KINGDOM|32|23|24046.67|0.08|32|26948|26948|223
17|PERU|8|17|46699.0|0.08|8|37827|37827|443
11|IRAQ|5|11|33914.4|0.08|5|37827|37827|443
24|UNITED STATES|55|24|48604.11|0.1|55|37827|37827|443
16|MOZAMBIQUE|18|16|26236.84|0.04|18|37827|37827|443
3|CANADA|20|3|10291.04|0.1|20|37827|37827|443
18|CHINA|41|18|32717.96|0.05|41|37827|37827|443
18|CHINA|72|18|49299.91|0.01|72|32613|32613|773
13|JORDAN|36|13|79139.52|0.01|36|32613|32613|773
0|ALGERIA|24|0|54243.42|0.02|24|32613|32613|773
22|RUSSIA|65|22|29467.46|0.09|65|32613|32613|773
2|BRAZIL|21|2|57425.9|0.07|21|32613|32613|773
14|KENYA|76|14|36609.3|0.03|76|32613|32613|773
7|GERMANY|77|7|20752.2|0.04|77|42117|42117|355
18|CHINA|72|18|13994.9|0.1|72|42117|42117|355
8|INDIA|60|8|54669.96|0.03|60|42117|42117|355
9|INDONESIA|23|9|54626.22|0.07|23|42117|42117|355
8|INDIA|61|8|25611.2|0.03|61|45601|45601|883
10|IRAN|9|10|50532.99|0.06|9|45601|45601|883
14|KENYA|47|14|42444.44|0.08|47|45601|45601|883
20|SAUDI ARABIA|74|20|21136.86|0.04|74|45601|45601|883
21|VIETNAM|80|21|54151.72|0.03|80|31488|31488|179
9|INDONESIA|45|9|58190.16|0.1|45|31488|31488|179
12|JAPAN|54|12|34750.41|0.03|54|31488|31488|179
8|INDIA|12|8|19952.85|0.06|12|25317|25317|124
2|BRAZIL|21|2|20161.26|0.02|21|25317|25317|124
0|ALGERIA|28|0|9270.2|0.01|28|25317|25317|124
7|GERMANY|33|7|46237.68|0.08|33|10786|10786|124
4|EGYPT|69|4|1027.12|0.08|69|10786|10786|124
3|CANADA|20|3|21456.82|0.08|20|10786|10786|124
17|PERU|8|17|40799.46|0.03|8|38308|38308|487
16|MOZAMBIQUE|56|16|33961.11|0.01|56|38308|38308|487
22|RUSSIA|65|22|12883.8|0.01|65|38308|38308|487
19|ROMANIA|17|19|24216.84|0.1|17|38308|38308|487
18|CHINA|41|18|25492.88|0.0|41|38308|38308|487
19|ROMANIA|52|19|64999.23|0.09|52|38308|38308|487
5|ETHIOPIA|63|5|1752.85|0.02|63|38308|38308|487
14|KENYA|6|14|19789.14|0.0|6|15648|15648|421
17|PERU|1|17|61565.6|0.03|1|15648|15648|421
17|PERU|59|17|40182.87|0.09|59|15648|15648|421
2|BRAZIL|21|2|22116.15|0.09|21|15648|15648|421
22|RUSSIA|16|22|51744.13|0.07|16|15648|15648|421
24|UNITED STATES|49|24|52284.32|0.0|49|15648|15648|421
16|MOZAMBIQUE|31|16|11400.6|0.08|31|15648|15648|421
7|GERMANY|53|7|48124.7|0.0|53|9890|9890|586
18|CHINA|41|18|50402.12|0.09|41|9890|9890|586
8|INDIA|60|8|53831.96|0.0|60|20356|20356|476
21|VIETNAM|26|21|28422.03|0.1|26|20356|20356|476
0|ALGERIA|24|0|51162.86|0.02|24|12832|12832|289
17|PERU|8|17|35888.7|0.06|8|27715|27715|982
7|GERMANY|33|7|72893.28|0.05|33|27715|27715|982
10|IRAN|9|10|22956.66|0.08|9|27715|27715|982
21|VIETNAM|35|21|29931.8|0.06|35|27715|27715|982
15|MOROCCO|4|15|3312.6|0.08|4|27715|27715|982
12|JAPAN|54|12|55889.9|0.0|54|27715|27715|982
18|CHINA|27|18|36143.86|0.06|27|27715|27715|982
4|EGYPT|22|4|58582.92|0.01|22|35525|35525|454
1|ARGENTINA|71|1|5501.88|0.04|71|35525|35525|454
8|INDIA|15|8|50325.21|0.0|15|35525|35525|454
2|BRAZIL|21|2|50853.94|0.07|21|35525|35525|454
16|MOZAMBIQUE|73|16|41245.2|0.09|73|11622|11622|278
10|IRAN|9|10|75399.2|0.03|9|11622|11622|278
0|ALGERIA|37|0|24248.4|0.02|37|11622|11622|278
23|UNITED KINGDOM|32|23|21823.8|0.07|32|11622|11622|278
12|JAPAN|54|12|24126.0|0.06|54|11622|11622|278
19|ROMANIA|52|19|30488.22|0.07|52|43424|43424|773
15|MOROCCO|14|15|58820.58|0.03|14|42852|42852|443
16|MOZAMBIQUE|30|16|9032.66|0.0|30|42852|42852|443
7|GERMANY|77|7|39011.7|0.07|77|44007|44007|124
7|GERMANY|33|7|8766.45|0.02|33|22854|22854|883
0|ALGERIA|37|0|43075.5|0.09|37|22854|22854|883
21|VIETNAM|26|21|31823.88|0.08|26|22854|22854|883
3|CANADA|13|3|6000.54|0.0|13|22854|22854|883
10|IRAN|34|10|24205.48|0.03|34|22854|22854|883
24|UNITED STATES|10|24|15316.44|0.05|10|22854|22854|883
4|EGYPT|38|4|48674.9|0.09|38|22854|22854|883
13|JORDAN|36|13|45875.29|0.0|36|6178|6178|520
12|JAPAN|54|12|38496.71|0.08|54|33859|33859|674
1|ARGENTINA|3|1|12754.14|0.07|3|33859|33859|674
18|CHINA|72|18|23765.6|0.09|72|27809|27809|212
5|ETHIOPIA|78|5|57525.6|0.02|78|9027|9027|410
4|EGYPT|38|4|37324.95|0.0|38|9027|9027|410
5|ETHIOPIA|63|5|38993.28|0.05|63|9027|9027|410
23|UNITED KINGDOM|66|23|10363.12|0.01|66|30658|30658|344
18|CHINA|72|18|30248.4|0.07|72|30658|30658|344
10|IRAN|34|10|6687.15|0.06|34|30658|30658|344
24|UNITED STATES|19|24|22935.99|0.02|19|30658|30658|344
16|MOZAMBIQUE|18|16|43219.3|0.09|18|30658|30658|344
5|ETHIOPIA|63|5|22608.96|0.02|63|30658|30658|344
17|PERU|8|17|64660.64|0.07|8|12806|12806|421
4|EGYPT|22|4|26341.35|0.01|22|12806|12806|421
8|INDIA|61|8|18499.88|0.08|61|12806|12806|421
24|UNITED STATES|19|24|1862.96|0.0|19|12806|12806|421
2|BRAZIL|21|2|51387.35|0.04|21|12806|12806|421
19|ROMANIA|52|19|3456.75|0.0|52|12806|12806|421
6|FRANCE|70|6|23849.28|0.08|70|3495|3495|245
24|UNITED STATES|49|24|30680.88|0.05|49|3495|3495|245
5|ETHIOPIA|2|5|22384.2|0.1|2|3495|3495|245
4|EGYPT|22|4|40056.66|0.0|22|4551|4551|872
8|INDIA|60|8|34486.92|0.02|60|4551|4551|872
17|PERU|59|17|23631.74|0.08|59|4551|4551|872
21|VIETNAM|68|21|5904.48|0.08|68|4551|4551|872
18|CHINA|11|18|18963.71|0.06|11|30725|30725|322
0|ALGERIA|37|0|82887.36|0.06|37|30725|30725|322
9|INDONESIA|23|9|66378.4|0.07|23|30725|30725|322
9|INDONESIA|23|9|33893.64|0.05|23|30725|30725|322
8|INDIA|12|8|54108.75|0.02|12|30725|30725|322
5|ETHIOPIA|78|5|906.0|0.07|78|30725|30725|322
8|INDIA|61|8|4868.16|0.09|61|43617|43617|256
3|CANADA|13|3|36735.93|0.1|13|43617|43617|256
8|INDIA|39|8|57697.2|0.01|39|43617|43617|256
22|RUSSIA|16|22|29907.25|0.0|16|43617|43617|256
16|MOZAMBIQUE|31|16|3751.05|0.08|31|43617|43617|256
22|RUSSIA|42|22|56909.16|0.02|42|43617|43617|256
16|MOZAMBIQUE|31|16|14999.76|0.04|31|43617|43617|256
14|KENYA|6|14|30057.5|0.0|6|47717|47717|322
8|INDIA|61|8|39698.05|0.09|61|47717|47717|322
9|INDONESIA|23|9|8895.48|0.09|23|47717|47717|322
24|UNITED STATES|10|24|4733.12|0.08|10|47717|47717|322
24|UNITED STATES|10|24|61468.6|0.06|10|47717|47717|322
18|CHINA|27|18|21758.92|0.1|27|47717|47717|322
24|UNITED STATES|64|24|35214.99|0.05|64|47717|47717|322
10|IRAN|9|10|27029.28|0.03|9|22208|22208|388
1|ARGENTINA|3|1|12353.3|0.01|3|22208|22208|388
23|UNITED KINGDOM|66|23|10072.62|0.01|66|30535|30535|223
7|GERMANY|33|7|30157.5|0.05|33|30535|30535|223
15|MOROCCO|14|15|48435.03|0.01|14|30535|30535|223
4|EGYPT|69|4|17688.6|0.0|69|30535|30535|223
12|JAPAN|54|12|33152.38|0.08|54|30535|30535|223
22|RUSSIA|16|22|36154.06|0.06|16|30535|30535|223
21|VIETNAM|26|21|56040.3|0.08|26|20327|20327|883
9|INDONESIA|23|9|5886.48|0.1|23|20327|20327|883
23|UNITED KINGDOM|32|23|60614.05|0.02|32|20327|20327|883
19|ROMANIA|17|19|14007.12|0.01|17|20327|20327|883
16|MOZAMBIQUE|30|16|32676.39|0.09|30|20327|20327|883
7|GERMANY|33|7|57844.05|0.09|33|835|835|520
10|IRAN|34|10|38597.16|0.02|34|835|835|520
14|KENYA|6|14|26881.4|0.06|6|5120|5120|124
9|INDONESIA|50|9|8739.63|0.01|50|30304|30304|421
8|INDIA|15|8|18752.8|0.07|15|30304|30304|421
21|VIETNAM|26|21|19864.9|0.05|26|30304|30304|421
16|MOZAMBIQUE|58|16|45897.67|0.0|58|30304|30304|421
16|MOZAMBIQUE|18|16|9714.48|0.02|18|30304|30304|421
18|CHINA|27|18|17518.9|0.09|27|30304|30304|421
15|MOROCCO|14|15|33611.76|0.01|14|6496|6496|355
21|VIETNAM|68|21|11304.48|0.05|68|6496|6496|355
16|MOZAMBIQUE|56|16|46298.02|0.06|56|6496|6496|355
23|UNITED KINGDOM|32|23|21217.65|0.03|32|6496|6496|355
4|EGYPT|38|4|36194.41|0.04|38|6496|6496|355
24|UNITED STATES|49|24|35606.88|0.06|49|6496|6496|355
4|EGYPT|22|4|13099.95|0.04|22|32549|32549|212
1|ARGENTINA|71|1|12003.09|0.09|71|32549|32549|212
8|INDIA|15|8|54272.75|0.02|15|32549|32549|212
21|VIETNAM|35|21|25534.6|0.06|35|32549|32549|212
12|JAPAN|54|12|20037.78|0.02|54|32549|32549|212
24|UNITED STATES|10|24|46051.3|0.05|10|32549|32549|212
22|RUSSIA|16|22|51456.99|0.1|16|32549|32549|212
23|UNITED KINGDOM|66|23|1182.28|0.05|66|9026|9026|542
9|INDONESIA|50|9|48154.68|0.03|50|9026|9026|542
16|MOZAMBIQUE|56|16|27770.82|0.04|56|9026|9026|542
14|KENYA|6|14|46250.4|0.08|6|11616|11616|322
22|RUSSIA|40|22|7556.1|0.1|40|11616|11616|322
7|GERMANY|77|7|8427.0|0.06|77|11616|11616|322
4|EGYPT|67|4|49516.11|0.02|67|11616|11616|322
9|INDONESIA|23|9|45302.62|0.03|23|11616|11616|322
2|BRAZIL|21|2|41485.14|0.1|21|11616|11616|322
12|JAPAN|54|12|54742.8|0.0|54|11616|11616|322
24|UNITED STATES|55|24|56131.63|0.0|55|32901|32901|971
0|ALGERIA|37|0|55631.84|0.03|37|32901|32901|971
5|ETHIOPIA|78|5|48003.43|0.07|78|32901|32901|971
12|JAPAN|43|12|40044.0|0.06|43|32901|32901|971
22|RUSSIA|16|22|44424.59|0.08|16|32901|32901|971
16|MOZAMBIQUE|31|16|20460.66|0.02|31|32901|32901|971
7|GERMANY|53|7|4537.83|0.1|53|32901|32901|971
19|ROMANIA|62|19|61886.0|0.1|62|11649|11649|575
23|UNITED KINGDOM|66|23|34643.18|0.01|66|11649|11649|575
8|INDIA|15|8|23593.12|0.06|15|11649|11649|575
13|JORDAN|36|13|4168.44|0.08|36|11649|11649|575
9|INDONESIA|23|9|51890.3|0.06|23|11649|11649|575
22|RUSSIA|65|22|57781.6|0.04|65|11649|11649|575
0|ALGERIA|28|0|56355.75|0.03|28|11649|11649|575
18|CHINA|11|18|24370.01|0.09|11|4582|4582|146
23|UNITED KINGDOM|66|23|14276.47|0.02|66|41217|41217|245
14|KENYA|79|14|29431.68|0.0|79|41217|41217|245
14|KENYA|79|14|36463.75|0.07|79|7233|7233|278
6|FRANCE|70|6|24545.04|0.08|70|16196|16196|652
15|MOROCCO|14|15|85604.16|0.08|14|29154|29154|355
0|ALGERIA|24|0|70275.0|0.08|24|29154|29154|355
5|ETHIOPIA|78|5|70433.73|0.04|78|29154|29154|355
24|UNITED STATES|49|24|32902.19|0.02|49|29154|29154|355
18|CHINA|41|18|19149.24|0.0|41|29154|29154|355
14|KENYA|6|14|35707.22|0.07|6|29891|29891|377
10|IRAN|34|10|58328.01|0.07|34|29891|29891|377
0|ALGERIA|28|0|47670.06|0.08|28|29891|29891|377
18|CHINA|11|18|37401.2|0.09|11|3782|3782|520
8|INDIA|60|8|11252.2|0.03|60|3782|3782|520
22|RUSSIA|65|22|62285.62|0.02|65|3782|3782|520
12|JAPAN|43|12|29492.4|0.06|43|3782|3782|520
22|RUSSIA|42|22|32341.09|0.01|42|3782|3782|520
8|INDIA|39|8|45660.96|0.01|39|7302|7302|124
16|MOZAMBIQUE|30|16|19208.88|0.0|30|7302|7302|124
7|GERMANY|77|7|16578.36|0.06|77|20804|20804|652
8|INDIA|12|8|5894.28|0.03|12|20804|20804|652
5|ETHIOPIA|78|5|67559.06|0.05|78|20804|20804|652
24|UNITED STATES|10|24|62466.3|0.09|10|20804|20804|652
4|EGYPT|38|4|45360.32|0.06|38|20804|20804|652
18|CHINA|27|18|84123.69|0.07|27|20804|20804|652
16|MOZAMBIQUE|30|16|6643.28|0.0|30|20804|20804|652
7|GERMANY|77|7|48365.04|0.09|77|30209|30209|850
18|CHINA|27|18|19896.3|0.02|27|30209|30209|850
10|IRAN|34|10|59102.21|0.04|34|7522|7522|355
14|KENYA|76|14|44881.44|0.09|76|7522|7522|355
18|CHINA|27|18|11604.72|0.04|27|7522|7522|355
17|PERU|8|17|52800.24|0.03|8|9667|9667|883
8|INDIA|60|8|36038.5|0.09|60|9667|9667|883
0|ALGERIA|37|0|17186.72|0.03|37|9667|9667|883
13|JORDAN|36|13|50536.61|0.04|36|9667|9667|883
13|JORDAN|36|13|15905.44|0.09|36|9667|9667|883
15|MOROCCO|14|15|9768.43|0.06|14|9667|9667|883
16|MOZAMBIQUE|18|16|9962.72|0.07|18|9667|9667|883
0|ALGERIA|37|0|54202.75|0.1|37|40549|40549|223
21|VIETNAM|68|21|28737.62|0.08|68|40549|40549|223
14|KENYA|76|14|20275.45|0.09|76|40549|40549|223
22|RUSSIA|42|22|11052.24|0.09|42|40549|40549|223
21|VIETNAM|80|21|4929.32|0.09|80|41408|41408|179
19|ROMANIA|62|19|20842.2|0.06|62|41408|41408|179
18|CHINA|11|18|6577.05|0.09|11|41408|41408|179
1|ARGENTINA|71|1|34861.2|0.07|71|41408|41408|179
24|UNITED STATES|49|24|72895.28|0.02|49|41408|41408|179
3|CANADA|20|3|46354.7|0.0|20|41408|41408|179
16|MOZAMBIQUE|31|16|16739.55|0.06|31|41408|41408|179
7|GERMANY|44|7|83301.86|0.02|44|1440|1440|784
19|ROMANIA|17|19|4318.59|0.06|17|1440|1440|784
4|EGYPT|69|4|42453.72|0.01|69|1220|1220|388
16|MOZAMBIQUE|56|16|3585.87|0.08|56|1220|1220|388
2|BRAZIL|21|2|31333.75|0.1|21|1220|1220|388
18|CHINA|41|18|32309.75|0.03|41|1220|1220|388
1|ARGENTINA|3|1|33913.44|0.07|3|1220|1220|388
7|GERMANY|44|7|26861.04|0.08|44|4740|4740|542
3|CANADA|20|3|20218.22|0.06|20|4740|4740|542
14|KENYA|6|14|37461.96|0.04|6|5312|5312|520
16|MOZAMBIQUE|30|16|39087.0|0.05|30|5312|5312|520
17|PERU|8|17|9775.62|0.01|8|4960|4960|982
0|ALGERIA|37|0|13430.16|0.07|37|4960|4960|982
14|KENYA|79|14|52892.7|0.08|79|4960|4960|982
16|MOZAMBIQUE|56|16|25955.3|0.0|56|4960|4960|982
15|MOROCCO|4|15|7532.1|0.03|4|4960|4960|982
22|RUSSIA|42|22|39299.92|0.1|42|4960|4960|982
3|CANADA|20|3|37336.68|0.01|20|4960|4960|982
5|ETHIOPIA|78|5|6566.21|0.09|78|6951|6951|355
14|KENYA|6|14|51316.72|0.08|6|12193|12193|641
11|IRAQ|5|11|15523.38|0.02|5|12193|12193|641
21|VIETNAM|35|21|50944.25|0.04|35|12193|12193|641
19|ROMANIA|52|19|22410.36|0.05|52|12193|12193|641
21|VIETNAM|68|21|25952.54|0.09|68|37570|37570|553
22|RUSSIA|65|22|66858.54|0.05|65|37570|37570|553
11|IRAQ|5|11|36306.6|0.06|5|29056|29056|575
16|MOZAMBIQUE|73|16|29093.24|0.07|73|29056|29056|575
9|INDONESIA|51|9|14931.95|0.0|51|29056|29056|575
1|ARGENTINA|71|1|64969.08|0.05|71|29056|29056|575
14|KENYA|76|14|32283.09|0.03|76|29056|29056|575
19|ROMANIA|52|19|43883.58|0.1|52|29056|29056|575
1|ARGENTINA|29|1|56075.9|0.08|29|39012|39012|179
18|CHINA|11|18|18345.74|0.01|11|46052|46052|586
15|MOROCCO|14|15|70554.4|0.06|14|46052|46052|586
10|IRAN|34|10|22753.31|0.0|34|46052|46052|586
1|ARGENTINA|3|1|82383.95|0.0|3|46052|46052|586
11|IRAQ|5|11|54154.8|0.01|5|44160|44160|322
14|KENYA|6|14|26979.25|0.06|6|15076|15076|454
18|CHINA|72|18|36225.59|0.09|72|37120|37120|883
1|ARGENTINA|71|1|37509.04|0.04|71|37120|37120|883
18|CHINA|27|18|4740.2|0.01|27|37120|37120|883
18|CHINA|75|18|55210.68|0.05|75|37120|37120|883
20|SAUDI ARABIA|74|20|21987.63|0.04|74|37120|37120|883
17|PERU|1|17|30906.0|0.0|1|11072|11072|212
11|IRAQ|5|11|32341.09|0.01|5|11072|11072|212
18|CHINA|11|18|38596.18|0.04|11|11072|11072|212
9|INDONESIA|23|9|23797.83|0.06|23|11072|11072|212
1|ARGENTINA|29|1|45505.92|0.03|29|11072|11072|212
5|ETHIOPIA|78|5|26235.58|0.09|78|391|391|883
10|IRAN|9|10|56794.42|0.05|9|26791|26791|278
13|JORDAN|36|13|11812.8|0.02|36|26791|26791|278
24|UNITED STATES|46|24|32368.34|0.08|46|26791|26791|278
3|CANADA|20|3|52312.58|0.02|20|26791|26791|278
18|CHINA|41|18|49684.8|0.09|41|26791|26791|278
14|KENYA|6|14|65211.56|0.08|6|28100|28100|971
1|ARGENTINA|71|1|67153.03|0.01|71|28100|28100|971
24|UNITED STATES|10|24|7568.16|0.03|10|28100|28100|971
7|GERMANY|53|7|24753.3|0.04|53|28100|28100|971
20|SAUDI ARABIA|74|20|2288.48|0.06|74|28100|28100|971
7|GERMANY|44|7|39560.43|0.03|44|18498|18498|146
24|UNITED STATES|55|24|6362.76|0.03|55|18498|18498|146
8|INDIA|60|8|5337.72|0.0|60|18498|18498|146
17|PERU|1|17|46001.0|0.01|1|37187|37187|553
7|GERMANY|53|7|45983.3|0.08|53|37473|37473|850
16|MOZAMBIQUE|30|16|26573.12|0.0|30|37473|37473|850
18|CHINA|41|18|2694.88|0.02|41|37473|37473|850
8|INDIA|12|8|42644.36|0.07|12|37792|37792|883
18|CHINA|41|18|7417.98|0.04|41|37792|37792|883
11|IRAQ|5|11|5085.48|0.01|5|47043|47043|377
0|ALGERIA|28|0|18812.52|0.02|28|47043|47043|377
7|GERMANY|44|7|56131.63|0.02|44|15264|15264|454
18|CHINA|72|18|36372.6|0.02|72|15264|15264|454
14|KENYA|76|14|22563.94|0.02|76|15264|15264|454
4|EGYPT|38|4|8964.81|0.06|38|15264|15264|454
18|CHINA|41|18|11343.24|0.0|41|15264|15264|454
19|ROMANIA|62|19|56380.72|0.03|62|17860|17860|784
18|CHINA|72|18|33996.24|0.06|72|17860|17860|784
14|KENYA|79|14|58273.56|0.06|79|17860|17860|784
19|ROMANIA|17|19|10335.99|0.01|17|17860|17860|784
22|RUSSIA|16|22|63535.51|0.09|16|17860|17860|784
1|ARGENTINA|71|1|48980.16|0.02|71|37891|37891|410
6|FRANCE|70|6|57547.23|0.08|70|37891|37891|410
1|ARGENTINA|29|1|6496.14|0.03|29|37891|37891|410
22|RUSSIA|65|22|64028.0|0.01|65|37891|37891|410
16|MOZAMBIQUE|30|16|71451.84|0.09|30|37891|37891|410
1|ARGENTINA|3|1|29786.4|0.04|3|37891|37891|410
7|GERMANY|77|7|68826.66|0.0|77|45382|45382|124
0|ALGERIA|37|0|20999.23|0.01|37|45382|45382|124
8|INDIA|15|8|52259.18|0.02|15|45382|45382|124
8|INDIA|15|8|52311.36|0.02|15|45382|45382|124
0|ALGERIA|24|0|34678.26|0.03|24|45382|45382|124
14|KENYA|79|14|39301.86|0.06|79|45382|45382|124
22|RUSSIA|16|22|67320.0|0.01|16|45382|45382|124
23|UNITED KINGDOM|66|23|9274.0|0.0|66|18884|18884|575
7|GERMANY|44|7|33348.48|0.02|44|18884|18884|575
17|PERU|57|17|10076.11|0.04|57|18884|18884|575
0|ALGERIA|24|0|44304.96|0.02|24|18884|18884|575
14|KENYA|79|14|36260.15|0.05|79|18884|18884|575
24|UNITED STATES|46|24|26037.45|0.1|46|18884|18884|575
16|MOZAMBIQUE|31|16|33636.8|0.08|31|18884|18884|575
18|CHINA|72|18|2833.02|0.02|72|162|162|113
14|KENYA|6|14|51378.04|0.05|6|22052|22052|850
21|VIETNAM|35|21|23980.35|0.04|35|22052|22052|850
22|RUSSIA|65|22|65792.7|0.07|65|22052|22052|850
22|RUSSIA|42|22|60765.5|0.1|42|22052|22052|850
17|PERU|1|17|15926.9|0.02|1|34273|34273|179
7|GERMANY|33|7|85140.0|0.04|33|34273|34273|179
18|CHINA|72|18|34460.12|0.08|72|34273|34273|179
12|JAPAN|54|12|44528.4|0.06|54|34273|34273|179
7|GERMANY|53|7|1085.18|0.03|53|34273|34273|179
3|CANADA|20|3|4597.89|0.03|20|34273|34273|179
5|ETHIOPIA|78|5|26409.52|0.1|78|43040|43040|520
2|BRAZIL|21|2|51606.72|0.1|21|43040|43040|520
23|UNITED KINGDOM|66|23|61070.66|0.08|66|24483|24483|542
5|ETHIOPIA|78|5|13791.12|0.07|78|24483|24483|542
14|KENYA|76|14|59263.2|0.07|76|24483|24483|542
23|UNITED KINGDOM|32|23|10461.55|0.07|32|24483|24483|542
22|RUSSIA|16|22|9495.15|0.07|16|24483|24483|542
16|MOZAMBIQUE|73|16|49773.6|0.07|73|18400|18400|685
4|EGYPT|38|4|66634.52|0.03|38|18400|18400|685
17|PERU|8|17|4408.68|0.06|8|13472|13472|652
18|CHINA|72|18|12406.23|0.01|72|13472|13472|652
6|FRANCE|70|6|45078.0|0.08|70|13472|13472|652
9|INDONESIA|51|9|36463.75|0.01|51|44195|44195|256
8|INDIA|61|8|86282.14|0.1|61|44195|44195|256
16|MOZAMBIQUE|58|16|4324.62|0.01|58|44195|44195|256
9|INDONESIA|45|9|29768.16|0.05|45|44195|44195|256
24|UNITED STATES|55|24|47380.95|0.04|55|39586|39586|586
18|CHINA|11|18|39487.7|0.05|11|39586|39586|586
6|FRANCE|70|6|35083.53|0.01|70|39586|39586|586
16|MOZAMBIQUE|56|16|68087.76|0.1|56|39586|39586|586
18|CHINA|27|18|14328.6|0.05|27|39586|39586|586
8|INDIA|60|8|10892.79|0.1|60|23175|23175|344
22|RUSSIA|42|22|19013.28|0.1|42|23175|23175|344
0|ALGERIA|37|0|29401.46|0.02|37|11361|11361|355
21|VIETNAM|68|21|81013.44|0.08|68|11361|11361|355
16|MOZAMBIQUE|73|16|45040.47|0.06|73|43173|43173|575
14|KENYA|79|14|62803.2|0.06|79|24033|24033|685
21|VIETNAM|26|21|43707.36|0.08|26|17895|17895|157
15|MOROCCO|14|15|11436.6|0.0|14|17895|17895|157
21|VIETNAM|35|21|24426.61|0.01|35|17895|17895|157
18|CHINA|27|18|33277.42|0.03|27|17895|17895|157
5|ETHIOPIA|63|5|43336.2|0.04|63|17895|17895|157
18|CHINA|41|18|23701.0|0.04|41|17895|17895|157
1|ARGENTINA|71|1|17729.04|0.01|71|18016|18016|322
17|PERU|59|17|49546.75|0.01|59|18016|18016|322
0|ALGERIA|24|0|50695.2|0.03|24|18016|18016|322
24|UNITED STATES|64|24|26722.44|0.02|64|18016|18016|322
17|PERU|8|17|54649.6|0.09|8|25221|25221|652
9|INDONESIA|50|9|18520.4|0.06|50|25221|25221|652
6|FRANCE|70|6|56116.76|0.03|70|25221|25221|652
24|UNITED STATES|46|24|10831.8|0.04|46|25221|25221|652
10|IRAN|34|10|48408.36|0.09|34|25221|25221|652
3|CANADA|20|3|79631.58|0.03|20|25221|25221|652
1|ARGENTINA|3|1|25389.18|0.1|3|25221|25221|652
19|ROMANIA|62|19|34071.4|0.08|62|27872|27872|476
18|CHINA|72|18|25987.8|0.03|72|27872|27872|476
14|KENYA|48|14|88393.0|0.05|48|27872|27872|476
22|RUSSIA|25|22|7415.8|0.06|25|27872|27872|476
24|UNITED STATES|10|24|77282.0|0.09|10|27872|27872|476
18|CHINA|27|18|30943.0|0.07|27|27872|27872|476
0|ALGERIA|28|0|5615.91|0.06|28|15586|15586|289
15|MOROCCO|14|15|38165.5|0.05|14|16576|16576|784
15|MOROCCO|14|15|33299.91|0.08|14|16576|16576|784
22|RUSSIA|40|22|21408.95|0.02|40|33472|33472|520
24|UNITED STATES|55|24|3835.11|0.04|55|33472|33472|520
1|ARGENTINA|71|1|9880.57|0.1|71|33472|33472|520
16|MOZAMBIQUE|18|16|46323.64|0.04|18|33472|33472|520
5|ETHIOPIA|63|5|1521.62|0.07|63|33472|33472|520
5|ETHIOPIA|63|5|43598.72|0.07|63|33472|33472|520
16|MOZAMBIQUE|58|16|45100.0|0.09|58|18787|18787|586
8|INDIA|12|8|69262.89|0.01|12|18787|18787|586
18|CHINA|27|18|29198.72|0.09|27|18787|18787|586
0|ALGERIA|37|0|77867.25|0.1|37|26146|26146|256
8|INDIA|39|8|24040.5|0.07|39|26146|26146|256
8|INDIA|15|8|53674.78|0.03|15|17445|17445|674
4|EGYPT|38|4|36898.68|0.01|38|17445|17445|674
24|UNITED STATES|10|24|34686.75|0.08|10|17830|17830|146
23|UNITED KINGDOM|32|23|22463.32|0.1|32|17830|17830|146
5|ETHIOPIA|2|5|4306.59|0.06|2|28775|28775|487
17|PERU|8|17|23272.2|0.08|8|21350|21350|311
8|INDIA|60|8|13538.84|0.04|60|16994|16994|685
1|ARGENTINA|3|1|28861.8|0.04|3|16994|16994|685
8|INDIA|15|8|69116.98|0.07|15|26212|26212|157
10|IRAN|34|10|53566.31|0.0|34|26212|26212|157
16|MOZAMBIQUE|18|16|58585.78|0.02|18|26212|26212|157
12|JAPAN|43|12|21245.99|0.1|43|26212|26212|157
18|CHINA|75|18|22804.48|0.01|75|26212|26212|157
18|CHINA|41|18|6162.72|0.09|41|26212|26212|157
24|UNITED STATES|10|24|20370.93|0.06|10|40160|40160|278
22|RUSSIA|25|22|41940.15|0.05|25|37223|37223|322
15|MOROCCO|14|15|79724.04|0.09|14|37223|37223|322
10|IRAN|34|10|24370.8|0.05|34|37223|37223|322
5|ETHIOPIA|78|5|67178.68|0.09|78|37223|37223|322
8|INDIA|12|8|14866.35|0.06|12|37223|37223|322
1|ARGENTINA|29|1|1248.34|0.1|29|37223|37223|322
16|MOZAMBIQUE|58|16|28080.5|0.04|58|26147|26147|520
24|UNITED STATES|46|24|40770.0|0.05|46|26147|26147|520
24|UNITED STATES|19|24|35227.49|0.07|19|26147|26147|520
19|ROMANIA|17|19|19705.47|0.0|17|26147|26147|520
19|ROMANIA|52|19|4500.88|0.02|52|26147|26147|520
7|GERMANY|33|7|13324.3|0.03|33|43175|43175|487
6|FRANCE|70|6|29401.46|0.1|70|43175|43175|487
8|INDIA|12|8|18450.33|0.09|12|43175|43175|487
9|INDONESIA|23|9|47426.12|0.03|23|43175|43175|487
23|UNITED KINGDOM|66|23|27749.92|0.09|66|44385|44385|872
18|CHINA|72|18|9646.2|0.06|72|15301|15301|740
8|INDIA|15|8|16850.4|0.09|15|15301|15301|740
3|CANADA|20|3|43727.6|0.09|20|15301|15301|740
21|VIETNAM|80|21|42825.88|0.0|80|44165|44165|223
7|GERMANY|77|7|54383.22|0.07|77|44165|44165|223
6|FRANCE|70|6|67303.28|0.03|70|44165|44165|223
10|IRAN|9|10|35341.68|0.05|9|44165|44165|223
12|JAPAN|54|12|33063.19|0.08|54|44165|44165|223
8|INDIA|39|8|2995.18|0.09|39|44165|44165|223
5|ETHIOPIA|63|5|39838.05|0.04|63|44165|44165|223
4|EGYPT|69|4|39487.7|0.03|69|10791|10791|256
22|RUSSIA|25|22|37829.02|0.09|25|10791|10791|256
17|PERU|57|17|9258.0|0.1|57|10791|10791|256
22|RUSSIA|65|22|31065.36|0.07|65|10791|10791|256
24|UNITED STATES|64|24|73237.2|0.06|64|10791|10791|256
19|ROMANIA|62|19|41804.66|0.0|62|18821|18821|410
7|GERMANY|77|7|45414.45|0.07|77|18821|18821|410
22|RUSSIA|25|22|29652.54|0.01|25|18821|18821|410
3|CANADA|13|3|24006.18|0.09|13|18821|18821|410
7|GERMANY|53|7|15047.84|0.01|53|18821|18821|410
1|ARGENTINA|3|1|81040.5|0.08|3|18821|18821|410
23|UNITED KINGDOM|7|23|9721.62|0.07|7|29953|29953|652
14|KENYA|6|14|15031.25|0.03|6|29953|29953|652
16|MOZAMBIQUE|73|16|9432.08|0.0|73|29953|29953|652
8|INDIA|60|8|6719.08|0.06|60|29953|29953|652
13|JORDAN|36|13|37921.02|0.06|36|29953|29953|652
4|EGYPT|67|4|14816.32|0.03|67|29953|29953|652
24|UNITED STATES|10|24|62946.8|0.1|10|29953|29953|652
11|IRAQ|5|11|24486.4|0.05|5|28743|28743|850
9|INDONESIA|50|9|18450.33|0.0|50|28743|28743|850
17|PERU|57|17|9325.17|0.02|57|28743|28743|850
8|INDIA|39|8|26693.04|0.09|39|28743|28743|850
6|FRANCE|70|6|46448.16|0.1|70|45991|45991|454
17|PERU|59|17|37943.6|0.1|59|45991|45991|454
21|VIETNAM|26|21|31685.72|0.09|26|45991|45991|454
16|MOZAMBIQUE|31|16|10448.13|0.0|31|45991|45991|454
5|ETHIOPIA|2|5|34518.54|0.02|2|45991|45991|454
9|INDONESIA|50|9|43348.3|0.05|50|12353|12353|476
15|MOROCCO|14|15|39073.72|0.02|14|12353|12353|476
23|UNITED KINGDOM|32|23|73177.4|0.04|32|12353|12353|476
0|ALGERIA|28|0|43804.86|0.1|28|12353|12353|476
3|CANADA|20|3|38573.08|0.0|20|12353|12353|476
21|VIETNAM|26|21|48075.48|0.06|26|38566|38566|487
12|JAPAN|54|12|1435.53|0.05|54|38566|38566|487
8|INDIA|39|8|5508.06|0.09|39|38566|38566|487
11|IRAQ|5|11|32040.58|0.0|5|20164|20164|344
4|EGYPT|22|4|23769.28|0.1|22|20164|20164|344
3|CANADA|13|3|33270.42|0.07|13|20164|20164|344
8|INDIA|12|8|1432.53|0.01|12|20164|20164|344
9|INDONESIA|23|9|34929.48|0.09|23|20164|20164|344
18|CHINA|75|18|46826.59|0.03|75|20164|20164|344
9|INDONESIA|50|9|15226.11|0.08|50|23266|23266|355
21|VIETNAM|26|21|35894.34|0.0|26|23266|23266|355
15|MOROCCO|14|15|21751.1|0.02|14|41185|41185|212
21|VIETNAM|68|21|52690.39|0.02|68|41185|41185|212
18|CHINA|27|18|14062.07|0.03|27|41185|41185|212
7|GERMANY|53|7|26813.43|0.04|53|41185|41185|212
16|MOZAMBIQUE|30|16|6156.72|0.1|30|41185|41185|212
23|UNITED KINGDOM|7|23|28320.59|0.02|7|44771|44771|883
7|GERMANY|33|7|13074.0|0.06|33|44771|44771|883
24|UNITED STATES|49|24|30680.88|0.05|49|44771|44771|883
8|INDIA|60|8|58190.88|0.08|60|25664|25664|454
22|RUSSIA|16|22|70923.36|0.1|16|25664|25664|454
23|UNITED KINGDOM|66|23|28990.8|0.02|66|31461|31461|157
23|UNITED KINGDOM|66|23|8437.1|0.06|66|31461|31461|157
24|UNITED STATES|46|24|6486.95|0.02|46|31461|31461|157
2|BRAZIL|21|2|21993.27|0.03|21|31461|31461|157
18|CHINA|27|18|47634.56|0.06|27|31461|31461|157
19|ROMANIA|62|19|30553.66|0.1|62|38468|38468|377
16|MOZAMBIQUE|31|16|5826.42|0.04|31|38468|38468|377
21|VIETNAM|80|21|43195.38|0.01|80|16611|16611|520
14|KENYA|6|14|59997.84|0.03|6|16611|16611|520
9|INDONESIA|51|9|44655.68|0.07|51|16611|16611|520
8|INDIA|12|8|24166.35|0.05|12|16611|16611|520
8|INDIA|12|8|55360.0|0.04|12|16611|16611|520
12|JAPAN|54|12|15136.1|0.1|54|16611|16611|520
12|JAPAN|43|12|17518.38|0.06|43|16611|16611|520
21|VIETNAM|68|21|17678.6|0.06|68|39623|39623|421
3|CANADA|13|3|27002.43|0.09|13|39623|39623|421
9|INDONESIA|45|9|70923.36|0.05|45|39623|39623|421
23|UNITED KINGDOM|32|23|26383.35|0.09|32|39623|39623|421
24|UNITED STATES|10|24|3249.54|0.04|10|39623|39623|421
12|JAPAN|54|12|31483.15|0.03|54|39623|39623|421
3|CANADA|20|3|15702.72|0.1|20|39623|39623|421
14|KENYA|6|14|47787.48|0.1|6|47203|47203|553
8|INDIA|15|8|28388.58|0.01|15|47203|47203|553
12|JAPAN|43|12|6361.85|0.09|43|47203|47203|553
20|SAUDI ARABIA|74|20|2907.1|0.1|74|47203|47203|553
18|CHINA|27|18|7603.26|0.1|27|16964|16964|157
23|UNITED KINGDOM|66|23|17088.45|0.04|66|27106|27106|443
1|ARGENTINA|71|1|9614.29|0.01|71|27106|27106|443
15|MOROCCO|14|15|10547.28|0.09|14|27106|27106|443
12|JAPAN|54|12|26685.4|0.05|54|27106|27106|443
18|CHINA|27|18|46145.98|0.02|27|27106|27106|443
5|ETHIOPIA|63|5|19184.28|0.02|63|27106|27106|443
22|RUSSIA|40|22|85866.24|0.01|40|38854|38854|388
0|ALGERIA|37|0|2780.98|0.04|37|38854|38854|388
14|KENYA|47|14|46249.7|0.05|47|38854|38854|388
21|VIETNAM|35|21|25907.8|0.09|35|38854|38854|388
5|ETHIOPIA|78|5|74250.12|0.1|78|38854|38854|388
5|ETHIOPIA|63|5|31382.68|0.02|63|12487|12487|322
4|EGYPT|22|4|5315.61|0.07|22|12322|12322|685
4|EGYPT|69|4|14777.84|0.0|69|12322|12322|685
3|CANADA|20|3|36978.8|0.0|20|12322|12322|685
21|VIETNAM|35|21|17935.08|0.1|35|23971|23971|740
2|BRAZIL|21|2|28190.36|0.08|21|23971|23971|740
7|GERMANY|33|7|5650.04|0.1|33|42022|42022|784
21|VIETNAM|80|21|39279.05|0.08|80|18438|18438|674
6|FRANCE|70|6|10439.44|0.09|70|18438|18438|674
17|PERU|59|17|88587.1|0.05|59|18438|18438|674
4|EGYPT|69|4|26732.16|0.03|69|18438|18438|674
24|UNITED STATES|19|24|92069.53|0.01|19|18438|18438|674
3|CANADA|20|3|57666.5|0.08|20|18438|18438|674
7|GERMANY|33|7|43343.11|0.02|33|46983|46983|245
8|INDIA|61|8|2904.18|0.01|61|46983|46983|245
15|MOROCCO|4|15|2616.8|0.09|4|46983|46983|245
22|RUSSIA|65|22|8679.24|0.08|65|37985|37985|971
19|ROMANIA|17|19|41746.37|0.04|17|37985|37985|971
10|IRAN|9|10|10775.61|0.1|9|28679|28679|685
24|UNITED STATES|19|24|9514.35|0.1|19|28679|28679|685
18|CHINA|75|18|44267.52|0.03|75|28679|28679|685
20|SAUDI ARABIA|74|20|19937.19|0.02|74|28679|28679|685
4|EGYPT|69|4|26780.5|0.04|69|13664|13664|652
5|ETHIOPIA|78|5|68713.44|0.01|78|13664|13664|652
0|ALGERIA|28|0|59959.35|0.06|28|13664|13664|652
8|INDIA|39|8|46675.23|0.0|39|13664|13664|652
18|CHINA|27|18|10836.0|0.06|27|13664|13664|652
18|CHINA|75|18|40484.4|0.05|75|13664|13664|652
7|GERMANY|44|7|1040.14|0.1|44|10177|10177|454
4|EGYPT|69|4|43548.56|0.03|69|10177|10177|454
15|MOROCCO|4|15|59230.4|0.07|4|10177|10177|454
16|MOZAMBIQUE|31|16|68583.57|0.02|31|10177|10177|454
16|MOZAMBIQUE|30|16|42315.44|0.05|30|10177|10177|454
23|UNITED KINGDOM|66|23|1285.38|0.08|66|29922|29922|575
9|INDONESIA|50|9|37559.4|0.1|50|29922|29922|575
4|EGYPT|69|4|25442.6|0.01|69|29922|29922|575
14|KENYA|79|14|16187.1|0.08|79|29922|29922|575
22|RUSSIA|42|22|30552.4|0.01|42|29922|29922|575
16|MOZAMBIQUE|30|16|5574.12|0.06|30|29922|29922|575
18|CHINA|41|18|56900.8|0.06|41|29922|29922|575
