19741.93|0.06|2022
3934.23|0.02|40901
30472.4|0.04|32838
10226.96|0.04|30627
3186.48|0.1|8710
68583.57|0.06|3430
12333.3|0.03|1571
6421.9|0.05|30913
6494.88|0.02|4321
3033.33|0.04|9766
68673.5|0.06|22817
40324.46|0.09|20738
9207.78|0.0|20837
11752.7|0.06|9953
24028.18|0.05|6884
6703.08|0.08|4035
17581.85|0.0|4035
51798.78|0.0|1285
61084.44|0.05|2022
58677.88|0.1|8545
30423.3|0.08|4354
50898.34|0.05|2022
41755.78|0.09|40835
1837.93|0.03|4035
2813.0|0.07|3430
18583.76|0.01|22916
42885.12|0.04|10629
23656.92|0.02|12708
4815.3|0.1|8325
58337.55|0.1|44608
55478.28|0.02|30627
43231.76|0.0|32805
57559.32|0.07|4992
32767.28|0.09|41638
2160.36|0.08|23719
47263.22|0.08|40835
66995.28|0.03|6884
36514.0|0.04|4992
33186.38|0.07|3232
82518.94|0.01|42529
49193.55|0.06|44608
1485.58|0.04|30726
8631.45|0.06|40802
52327.44|0.05|3397
14015.0|0.07|8710
65815.2|0.02|7335
48219.48|0.09|7841
25718.83|0.01|4354
47538.56|0.1|4288
57740.9|0.06|21409
49460.48|0.08|3430
1353.45|0.07|40802
37601.2|0.01|5223
22669.92|0.06|30759
26713.4|0.05|3397
26965.68|0.0|12928
28254.48|0.09|7654
39859.2|0.09|9249
4940.22|0.0|8545
29431.75|0.02|2176
17058.56|0.07|4772
17314.88|0.07|6950
41654.4|0.1|40901
54384.88|0.01|8545
33966.37|0.04|7841
34227.83|0.02|6246
15232.32|0.08|2341
61636.27|0.0|1571
13141.92|0.03|8512
25692.15|0.05|30726
65240.07|0.1|7687
31051.54|0.09|7687
34987.8|0.08|2275
8271.09|0.0|43904
43794.56|0.08|40615
24530.74|0.1|2594
49817.43|0.1|40901
26830.62|0.01|41825
10167.85|0.07|42529
40438.08|0.06|3331
3267.46|0.0|10915
11672.76|0.08|41605
10307.99|0.06|2594
65725.2|0.0|8644
64574.25|0.1|42309
40609.1|0.09|20518
29942.7|0.04|21827
54539.48|0.01|10948
55568.8|0.02|32706
18169.65|0.0|41319
83538.5|0.07|7203
3579.87|0.06|44839
15667.56|0.05|30913
48444.9|0.0|2594
23146.2|0.01|44608
18979.9|0.06|12708
61070.66|0.02|7588
52373.87|0.06|4354
63390.96|0.03|4354
26314.86|0.07|2880
16047.36|0.1|44839
5746.2|0.02|6950
49204.0|0.09|12708
16698.15|0.02|9249
10328.99|0.09|3265
13605.0|0.01|33729
15623.17|0.1|9733
1373.47|0.07|3397
26457.31|0.05|3650
19429.67|0.09|20738
24140.35|0.0|97
67892.76|0.05|4288
33458.72|0.1|40615
58916.22|0.04|30913
29770.97|0.07|8259
9230.2|0.01|30308
66599.04|0.01|12928
28591.36|0.03|30979
43322.19|0.1|3650
76310.22|0.01|2880
1595.69|0.1|4772
19681.6|0.04|44608
26767.58|0.09|8930
4030.32|0.04|3232
54093.76|0.02|2176
9033.76|0.04|40615
39972.02|0.05|4101
32894.37|0.1|7687
23393.53|0.03|40901
21160.36|0.06|42529
5126.4|0.09|20738
61559.75|0.02|20738
47474.92|0.0|2022
75750.04|0.02|6884
32492.34|0.07|6598
63340.64|0.02|4134
22071.52|0.03|32519
47199.5|0.09|5223
59688.9|0.04|8545
27949.44|0.1|24709
9179.87|0.05|30759
2772.96|0.06|2374
3635.82|0.09|6884
16902.54|0.0|6246
39003.17|0.0|3683
58652.58|0.07|44608
6713.35|0.07|4420
29177.72|0.04|21409
4700.2|0.05|32805
38733.82|0.01|707
8409.2|0.06|40835
44871.32|0.05|7203
53552.88|0.09|7489
35823.24|0.03|30407
22013.4|0.02|4772
43454.19|0.01|9414
8859.42|0.09|10915
41627.7|0.01|6884
27103.88|0.06|9568
19896.3|0.02|30209
75797.37|0.07|7654
10637.66|0.1|8677
24732.84|0.04|42848
60424.4|0.03|9029
75716.08|0.05|6785
41792.52|0.04|2374
57712.5|0.09|44839
39166.5|0.09|40615
3615.9|0.04|30726
4060.44|0.05|7841
56681.68|0.02|43937
55539.28|0.06|20738
46805.85|0.01|1285
50917.37|0.01|6400
71026.0|0.01|3430
3994.29|0.0|32805
46084.17|0.0|42947
21639.2|0.05|2022
46670.04|0.0|7236
59733.9|0.0|4321
5269.64|0.04|40835
42879.87|0.01|7687
36735.93|0.04|12928
34790.03|0.02|44608
34812.75|0.07|42309
34547.74|0.08|8545
17974.76|0.04|5223
19985.28|0.09|41825
28929.78|0.06|97
33362.28|0.05|64
11340.08|0.1|40802
42325.5|0.04|8710
69310.99|0.03|6279
44329.98|0.04|40835
14505.9|0.06|2055
37537.31|0.05|7236
47123.7|0.02|6246
11668.4|0.03|2341
61116.0|0.07|20903
2909.1|0.07|40736
26097.45|0.05|20518
55610.5|0.0|9766
35638.0|0.0|23906
28611.66|0.06|44839
34851.44|0.07|9414
14550.39|0.04|40901
21187.65|0.07|9249
44769.02|0.02|42947
8441.2|0.0|12928
4917.28|0.08|22817
37392.02|0.08|42309
23209.3|0.01|4992
