7|GERMANY|77|7|22464.72|0.1|77|44322|44322|127
18|CHINA|72|18|67992.48|0.04|72|44322|44322|127
16|MOZAMBIQUE|56|16|29280.32|0.03|56|44322|44322|127
9|INDONESIA|45|9|3585.87|0.0|45|44322|44322|127
18|CHINA|75|18|5604.18|0.04|75|44322|44322|127
9|INDONESIA|50|9|60036.39|0.07|50|11520|11520|974
11|IRAQ|5|11|14084.18|0.03|5|20034|20034|424
19|ROMANIA|17|19|91971.53|0.06|17|20034|20034|424
8|INDIA|61|8|73632.2|0.04|61|46115|46115|127
8|INDIA|60|8|30244.76|0.1|60|46115|46115|127
16|MOZAMBIQUE|58|16|54926.91|0.03|58|46115|46115|127
24|UNITED STATES|10|24|48857.41|0.1|10|46115|46115|127
24|UNITED STATES|64|24|40238.64|0.04|64|46115|46115|127
5|ETHIOPIA|2|5|18614.34|0.09|2|46115|46115|127
3|CANADA|13|3|60784.02|0.01|13|33861|33861|952
12|JAPAN|43|12|49552.8|0.0|43|33861|33861|952
22|RUSSIA|65|22|34012.89|0.01|65|33861|33861|952
20|SAUDI ARABIA|74|20|62778.3|0.02|74|33861|33861|952
14|KENYA|6|14|30833.6|0.04|6|32288|32288|886
18|CHINA|72|18|28393.03|0.08|72|32288|32288|886
24|UNITED STATES|46|24|51630.32|0.02|46|32288|32288|886
22|RUSSIA|65|22|47898.17|0.04|65|32288|32288|886
3|CANADA|20|3|57859.62|0.04|20|32288|32288|886
19|ROMANIA|52|19|11112.1|0.04|52|32288|32288|886
0|ALGERIA|37|0|44038.32|0.0|37|16646|16646|446
12|JAPAN|43|12|52376.0|0.06|43|16646|16646|446
3|CANADA|20|3|65917.5|0.09|20|16646|16646|446
18|CHINA|75|18|26652.16|0.09|75|16646|16646|446
19|ROMANIA|62|19|5195.49|0.03|62|36677|36677|875
17|PERU|59|17|16933.53|0.04|59|36677|36677|875
9|INDONESIA|45|9|37053.99|0.03|45|36677|36677|875
7|GERMANY|53|7|3840.2|0.07|53|36677|36677|875
9|INDONESIA|50|9|16033.05|0.1|50|37568|37568|523
0|ALGERIA|37|0|28657.2|0.01|37|23169|23169|424
14|KENYA|47|14|59772.57|0.04|47|23169|23169|424
8|INDIA|12|8|23785.56|0.09|12|23169|23169|424
22|RUSSIA|16|22|30322.76|0.05|16|23169|23169|424
7|GERMANY|53|7|55415.22|0.02|53|23169|23169|424
9|INDONESIA|50|9|35341.68|0.0|50|20485|20485|952
20|SAUDI ARABIA|74|20|44737.49|0.04|74|20485|20485|952
19|ROMANIA|62|19|3967.26|0.0|62|41891|41891|523
7|GERMANY|33|7|51017.94|0.05|33|41891|41891|523
9|INDONESIA|50|9|44439.43|0.04|50|41891|41891|523
10|IRAN|9|10|37697.04|0.09|9|41891|41891|523
2|BRAZIL|21|2|43231.76|0.0|21|41891|41891|523
7|GERMANY|53|7|38730.51|0.09|53|41891|41891|523
23|UNITED KINGDOM|7|23|45894.33|0.01|7|33476|33476|941
17|PERU|1|17|63124.83|0.01|1|33476|33476|941
17|PERU|57|17|59966.64|0.03|57|33476|33476|941
16|MOZAMBIQUE|31|16|61949.52|0.02|31|33476|33476|941
1|ARGENTINA|29|1|10955.79|0.05|29|32167|32167|754
21|VIETNAM|68|21|4471.74|0.04|68|15139|15139|776
2|BRAZIL|21|2|2562.76|0.05|21|15139|15139|776
22|RUSSIA|16|22|25155.36|0.01|16|15139|15139|776
18|CHINA|75|18|32050.32|0.02|75|15139|15139|776
6|FRANCE|70|6|4196.56|0.02|70|33157|33157|523
9|INDONESIA|23|9|61169.76|0.05|23|33157|33157|523
18|CHINA|27|18|59282.64|0.08|27|33157|33157|523
24|UNITED STATES|64|24|33763.54|0.0|64|33157|33157|523
5|ETHIOPIA|63|5|43758.72|0.1|63|33157|33157|523
5|ETHIOPIA|63|5|30777.12|0.0|63|33157|33157|523
5|ETHIOPIA|2|5|27731.52|0.05|2|33157|33157|523
23|UNITED KINGDOM|7|23|38821.44|0.05|7|36006|36006|545
18|CHINA|11|18|32771.04|0.07|11|36006|36006|545
6|FRANCE|70|6|68222.85|0.07|70|36006|36006|545
9|INDONESIA|45|9|10178.96|0.07|45|36006|36006|545
23|UNITED KINGDOM|32|23|47652.5|0.03|32|36006|36006|545
4|EGYPT|38|4|37633.07|0.01|38|36006|36006|545
5|ETHIOPIA|63|5|66608.3|0.07|63|36006|36006|545
17|PERU|8|17|35435.07|0.05|8|25732|25732|149
4|EGYPT|22|4|49137.57|0.09|22|25732|25732|149
21|VIETNAM|26|21|17222.87|0.02|26|25732|25732|149
14|KENYA|47|14|69374.0|0.08|47|25732|25732|149
17|PERU|57|17|17286.36|0.03|57|25732|25732|149
1|ARGENTINA|29|1|9830.8|0.07|29|25732|25732|149
16|MOZAMBIQUE|31|16|25728.0|0.1|31|25732|25732|149
14|KENYA|47|14|30632.88|0.0|47|43431|43431|974
14|KENYA|6|14|52536.33|0.0|6|13830|13830|479
16|MOZAMBIQUE|73|16|14304.4|0.03|73|13830|13830|479
17|PERU|57|17|44387.1|0.04|57|13830|13830|479
3|CANADA|20|3|51294.0|0.07|20|13830|13830|479
10|IRAN|9|10|24935.79|0.03|9|37667|37667|611
16|MOZAMBIQUE|58|16|10098.11|0.05|58|37667|37667|611
2|BRAZIL|21|2|1201.3|0.07|21|37667|37667|611
4|EGYPT|38|4|42549.54|0.05|38|37667|37667|611
22|RUSSIA|42|22|58364.32|0.05|42|37667|37667|611
17|PERU|8|17|27810.6|0.03|8|24070|24070|985
17|PERU|8|17|1864.06|0.08|8|24070|24070|985
6|FRANCE|70|6|8689.38|0.03|70|24070|24070|985
14|KENYA|48|14|21275.32|0.0|48|24070|24070|985
8|INDIA|12|8|4116.48|0.03|12|24070|24070|985
2|BRAZIL|21|2|42909.12|0.01|21|24070|24070|985
19|ROMANIA|52|19|17479.26|0.07|52|24070|24070|985
23|UNITED KINGDOM|7|23|47390.76|0.01|7|39041|39041|424
7|GERMANY|44|7|48225.15|0.09|44|39041|39041|424
24|UNITED STATES|55|24|20490.1|0.1|55|39041|39041|424
14|KENYA|47|14|38966.25|0.01|47|39041|39041|424
16|MOZAMBIQUE|56|16|37877.4|0.01|56|39041|39041|424
16|MOZAMBIQUE|30|16|68705.14|0.04|30|39041|39041|424
8|INDIA|61|8|8961.76|0.09|61|8806|8806|611
3|CANADA|13|3|46498.75|0.06|13|8806|8806|611
15|MOROCCO|4|15|58959.36|0.03|4|8806|8806|611
5|ETHIOPIA|63|5|46305.0|0.04|63|8806|8806|611
2|BRAZIL|21|2|38129.4|0.0|21|8839|8839|743
8|INDIA|61|8|34951.95|0.0|61|3812|3812|325
8|INDIA|15|8|42285.54|0.06|15|3812|3812|325
23|UNITED KINGDOM|66|23|42157.39|0.03|66|3526|3526|446
18|CHINA|11|18|23225.2|0.05|11|3526|3526|446
5|ETHIOPIA|63|5|18510.58|0.02|63|3526|3526|446
14|KENYA|48|14|46733.31|0.1|48|1414|1414|611
7|GERMANY|53|7|7011.4|0.02|53|1414|1414|611
21|VIETNAM|80|21|40436.44|0.09|80|39|39|655
17|PERU|8|17|57509.49|0.01|8|39|39|655
17|PERU|8|17|36256.74|0.08|8|39|39|655
19|ROMANIA|62|19|66402.84|0.06|62|39|39|655
22|RUSSIA|65|22|66230.0|0.06|65|39|39|655
0|ALGERIA|28|0|34085.12|0.07|28|39|39|655
14|KENYA|48|14|53649.54|0.0|48|18085|18085|457
17|PERU|57|17|12460.32|0.06|57|18085|18085|457
0|ALGERIA|28|0|44312.4|0.1|28|18085|18085|457
19|ROMANIA|52|19|1031.13|0.01|52|18085|18085|457
17|PERU|1|17|30063.0|0.05|1|25191|25191|622
7|GERMANY|77|7|54345.6|0.0|77|25191|25191|622
1|ARGENTINA|71|1|41144.24|0.06|71|25191|25191|622
14|KENYA|48|14|52207.0|0.08|48|25191|25191|622
10|IRAN|34|10|28770.61|0.06|34|25191|25191|622
12|JAPAN|54|12|69753.6|0.09|54|25191|25191|622
11|IRAQ|5|11|28250.2|0.01|5|1666|1666|754
6|FRANCE|70|6|41294.1|0.04|70|1666|1666|754
14|KENYA|48|14|30040.86|0.05|48|1666|1666|754
0|ALGERIA|28|0|51346.35|0.06|28|1666|1666|754
9|INDONESIA|23|9|56008.8|0.09|23|2469|2469|985
18|CHINA|11|18|25962.45|0.09|11|9729|9729|776
22|RUSSIA|25|22|58714.92|0.08|25|9729|9729|776
15|MOROCCO|4|15|48958.65|0.04|4|9729|9729|776
22|RUSSIA|65|22|23100.5|0.05|65|9729|9729|776
4|EGYPT|69|4|24764.04|0.02|69|16291|16291|457
24|UNITED STATES|46|24|34268.3|0.04|46|16291|16291|457
14|KENYA|6|14|74586.54|0.02|6|9508|9508|358
7|GERMANY|77|7|56435.27|0.04|77|9508|9508|358
14|KENYA|79|14|63548.08|0.06|79|9508|9508|358
24|UNITED STATES|46|24|34260.48|0.01|46|9508|9508|358
16|MOZAMBIQUE|18|16|4384.76|0.04|18|9508|9508|358
19|ROMANIA|52|19|29611.28|0.09|52|9508|9508|358
7|GERMANY|44|7|41800.15|0.05|44|7649|7649|215
17|PERU|59|17|43736.92|0.02|59|7649|7649|215
16|MOZAMBIQUE|56|16|47634.56|0.06|56|7649|7649|215
22|RUSSIA|65|22|11590.25|0.05|65|7649|7649|215
24|UNITED STATES|49|24|18735.52|0.0|49|6912|6912|611
17|PERU|8|17|9999.64|0.06|8|5669|5669|589
16|MOZAMBIQUE|73|16|2296.48|0.06|73|5669|5669|589
16|MOZAMBIQUE|18|16|30573.3|0.07|18|5669|5669|589
18|CHINA|75|18|50056.01|0.04|75|5669|5669|589
5|ETHIOPIA|63|5|46530.4|0.0|63|5669|5669|589
24|UNITED STATES|55|24|37515.41|0.02|55|3876|3876|226
13|JORDAN|36|13|12265.44|0.06|36|3876|3876|226
0|ALGERIA|28|0|37559.07|0.0|28|3876|3876|226
22|RUSSIA|25|22|8168.96|0.07|25|42919|42919|259
13|JORDAN|36|13|31959.49|0.08|36|42919|42919|259
24|UNITED STATES|19|24|10478.34|0.09|19|42919|42919|259
0|ALGERIA|28|0|34974.82|0.01|28|42919|42919|259
22|RUSSIA|16|22|30362.04|0.06|16|42919|42919|259
16|MOZAMBIQUE|31|16|56701.44|0.08|31|42919|42919|259
24|UNITED STATES|55|24|12190.05|0.07|55|1664|1664|512
1|ARGENTINA|71|1|39768.05|0.0|71|1664|1664|512
10|IRAN|9|10|11092.0|0.0|9|1664|1664|512
13|JORDAN|36|13|40884.8|0.09|36|1664|1664|512
3|CANADA|13|3|38381.1|0.06|13|1664|1664|512
22|RUSSIA|42|22|88316.64|0.04|42|1664|1664|512
15|MOROCCO|14|15|43053.36|0.03|14|5888|5888|358
24|UNITED STATES|10|24|64008.54|0.02|10|5888|5888|358
22|RUSSIA|40|22|61118.33|0.09|40|3622|3622|721
7|GERMANY|77|7|65205.46|0.07|77|3622|3622|721
12|JAPAN|54|12|11829.69|0.08|54|3622|3622|721
19|ROMANIA|17|19|6434.8|0.04|17|3622|3622|721
7|GERMANY|77|7|17965.62|0.06|77|2951|2951|589
16|MOZAMBIQUE|58|16|4585.05|0.03|58|2951|2951|589
24|UNITED STATES|46|24|31049.97|0.06|46|2951|2951|589
15|MOROCCO|4|15|55619.2|0.02|4|2951|2951|589
7|GERMANY|53|7|19536.0|0.07|53|2951|2951|589
5|ETHIOPIA|2|5|23737.92|0.07|2|2951|2951|589
7|GERMANY|77|7|12872.97|0.01|77|7527|7527|314
17|PERU|57|17|4212.6|0.04|57|7527|7527|314
16|MOZAMBIQUE|56|16|41399.96|0.0|56|7527|7527|314
4|EGYPT|38|4|13222.43|0.04|38|7527|7527|314
8|INDIA|60|8|40680.0|0.09|60|20453|20453|688
14|KENYA|47|14|3173.36|0.04|47|20453|20453|688
22|RUSSIA|65|22|3708.99|0.03|65|20453|20453|688
19|ROMANIA|17|19|40331.07|0.03|17|20453|20453|688
3|CANADA|20|3|56803.25|0.03|20|20453|20453|688
5|ETHIOPIA|2|5|13188.56|0.04|2|20453|20453|688
19|ROMANIA|62|19|29725.71|0.07|62|33026|33026|688
16|MOZAMBIQUE|58|16|22311.66|0.02|58|33026|33026|688
18|CHINA|11|18|44497.95|0.1|11|23940|23940|820
24|UNITED STATES|49|24|88970.53|0.03|49|23940|23940|820
9|INDONESIA|51|9|10027.71|0.06|51|46435|46435|853
15|MOROCCO|14|15|32542.44|0.04|14|46435|46435|853
16|MOZAMBIQUE|31|16|35068.13|0.02|31|46435|46435|853
14|KENYA|47|14|26928.8|0.03|47|18308|18308|622
5|ETHIOPIA|78|5|50743.2|0.01|78|18308|18308|622
10|IRAN|34|10|1066.16|0.06|34|18308|18308|622
16|MOZAMBIQUE|30|16|6916.56|0.03|30|18308|18308|622
21|VIETNAM|80|21|45574.62|0.08|80|13479|13479|974
17|PERU|1|17|32220.32|0.07|1|13479|13479|974
17|PERU|57|17|33389.1|0.06|57|13479|13479|974
16|MOZAMBIQUE|56|16|29516.2|0.06|56|13479|13479|974
19|ROMANIA|52|19|28814.4|0.08|52|13479|13479|974
16|MOZAMBIQUE|73|16|20174.22|0.07|73|16801|16801|523
22|RUSSIA|40|22|65877.56|0.05|40|16801|16801|523
16|MOZAMBIQUE|18|16|10867.6|0.07|18|16801|16801|523
18|CHINA|75|18|7077.55|0.02|75|16801|16801|523
16|MOZAMBIQUE|30|16|8401.12|0.09|30|16801|16801|523
24|UNITED STATES|55|24|8584.24|0.04|55|35875|35875|710
8|INDIA|60|8|32735.0|0.01|60|35875|35875|710
14|KENYA|47|14|25773.72|0.04|47|35875|35875|710
16|MOZAMBIQUE|56|16|20671.98|0.09|56|35875|35875|710
4|EGYPT|67|4|44757.94|0.04|67|35875|35875|710
5|ETHIOPIA|78|5|74903.72|0.09|78|35875|35875|710
24|UNITED STATES|64|24|85938.65|0.08|64|35875|35875|710
5|ETHIOPIA|78|5|3688.08|0.06|78|32388|32388|457
12|JAPAN|43|12|9973.8|0.06|43|32388|32388|457
0|ALGERIA|28|0|32638.39|0.08|28|32388|32388|457
19|ROMANIA|17|19|21817.46|0.07|17|32388|32388|457
5|ETHIOPIA|2|5|29672.4|0.02|2|32388|32388|457
17|PERU|8|17|3673.86|0.08|8|5920|5920|952
9|INDONESIA|50|9|69524.0|0.06|50|5920|5920|952
17|PERU|57|17|54538.4|0.1|57|4710|4710|787
8|INDIA|12|8|43240.47|0.04|12|4710|4710|787
8|INDIA|60|8|8472.17|0.05|60|40806|40806|358
21|VIETNAM|35|21|48195.34|0.05|35|40806|40806|358
8|INDIA|12|8|55360.89|0.05|12|40806|40806|358
9|INDONESIA|45|9|15613.47|0.0|45|40806|40806|358
18|CHINA|27|18|45027.02|0.07|27|40806|40806|358
22|RUSSIA|16|22|44195.97|0.03|16|40806|40806|358
16|MOZAMBIQUE|31|16|33940.4|0.09|31|7713|7713|127
17|PERU|59|17|39114.55|0.09|59|5667|5667|347
14|KENYA|79|14|74068.89|0.03|79|11489|11489|743
4|EGYPT|38|4|28530.4|0.06|38|11489|11489|743
17|PERU|59|17|11141.7|0.04|59|37702|37702|787
14|KENYA|6|14|43086.08|0.08|6|11687|11687|820
9|INDONESIA|51|9|27675.9|0.02|51|11687|11687|820
8|INDIA|15|8|25028.14|0.07|15|11687|11687|820
16|MOZAMBIQUE|18|16|39326.0|0.0|18|11687|11687|820
0|ALGERIA|28|0|18127.8|0.1|28|11687|11687|820
9|INDONESIA|23|9|73249.44|0.08|23|39748|39748|886
22|RUSSIA|40|22|61483.19|0.07|40|24931|24931|952
9|INDONESIA|50|9|52009.86|0.01|50|24931|24931|952
8|INDIA|61|8|51612.9|0.09|61|24931|24931|952
15|MOROCCO|14|15|30977.92|0.1|14|24931|24931|952
17|PERU|57|17|53081.35|0.02|57|24931|24931|952
22|RUSSIA|65|22|23813.65|0.0|65|24931|24931|952
16|MOZAMBIQUE|30|16|9380.3|0.03|30|24931|24931|952
18|CHINA|75|18|53304.32|0.04|75|23105|23105|545
14|KENYA|6|14|82571.85|0.05|6|18309|18309|347
16|MOZAMBIQUE|56|16|3624.9|0.04|56|18309|18309|347
10|IRAN|9|10|23169.6|0.0|9|39968|39968|886
16|MOZAMBIQUE|56|16|44507.88|0.04|56|39968|39968|886
23|UNITED KINGDOM|32|23|12819.04|0.01|32|39968|39968|886
24|UNITED STATES|64|24|57932.1|0.04|64|39968|39968|886
20|SAUDI ARABIA|74|20|3546.84|0.07|74|39968|39968|886
18|CHINA|41|18|86429.71|0.09|41|39968|39968|886
4|EGYPT|69|4|25723.72|0.1|69|23237|23237|787
13|JORDAN|36|13|62226.72|0.04|36|23237|23237|787
22|RUSSIA|25|22|28218.78|0.09|25|23237|23237|787
14|KENYA|79|14|48903.5|0.08|79|23237|23237|787
17|PERU|57|17|24302.25|0.04|57|23237|23237|787
19|ROMANIA|17|19|2823.12|0.08|17|23237|23237|787
5|ETHIOPIA|63|5|31774.5|0.07|63|23237|23237|787
12|JAPAN|54|12|3832.11|0.02|54|21312|21312|226
1|ARGENTINA|3|1|47049.24|0.0|3|21312|21312|226
10|IRAN|9|10|27557.76|0.05|9|8195|8195|226
10|IRAN|9|10|43006.8|0.0|9|8195|8195|226
16|MOZAMBIQUE|56|16|26904.25|0.09|56|8195|8195|226
0|ALGERIA|28|0|13552.84|0.02|28|8195|8195|226
22|RUSSIA|42|22|54072.72|0.02|42|8195|8195|226
15|MOROCCO|14|15|54424.11|0.06|14|23655|23655|556
10|IRAN|34|10|41285.2|0.02|34|23655|23655|556
24|UNITED STATES|19|24|26522.86|0.1|19|23655|23655|556
17|PERU|8|17|47851.6|0.1|8|42278|42278|259
4|EGYPT|22|4|19700.88|0.0|22|42278|42278|259
23|UNITED KINGDOM|32|23|20560.32|0.08|32|42278|42278|259
16|MOZAMBIQUE|30|16|16548.0|0.01|30|42278|42278|259
20|SAUDI ARABIA|74|20|37949.73|0.07|74|42278|42278|259
17|PERU|1|17|9394.16|0.06|1|40485|40485|545
22|RUSSIA|40|22|12829.6|0.09|40|40485|40485|545
9|INDONESIA|23|9|31789.51|0.03|23|40485|40485|545
19|ROMANIA|17|19|67151.67|0.0|17|40485|40485|545
8|INDIA|39|8|29792.7|0.09|39|40485|40485|545
21|VIETNAM|80|21|63768.5|0.01|80|2465|2465|259
11|IRAQ|5|11|48743.1|0.03|5|2465|2465|259
16|MOZAMBIQUE|56|16|9193.92|0.1|56|2465|2465|259
16|MOZAMBIQUE|31|16|38840.31|0.05|31|2465|2465|259
16|MOZAMBIQUE|30|16|37799.6|0.03|30|2465|2465|259
5|ETHIOPIA|2|5|44417.6|0.02|2|2465|2465|259
16|MOZAMBIQUE|73|16|37281.2|0.08|73|32929|32929|1090
18|CHINA|11|18|38078.26|0.05|11|32929|32929|1090
18|CHINA|11|18|17343.75|0.06|11|32929|32929|1090
1|ARGENTINA|71|1|61118.33|0.1|71|32929|32929|1090
1|ARGENTINA|71|1|26908.8|0.01|71|32929|32929|1090
14|KENYA|76|14|50520.21|0.1|76|32929|32929|1090
11|IRAQ|5|11|9748.62|0.03|5|2531|2531|347
22|RUSSIA|25|22|31773.6|0.06|25|2531|2531|347
14|KENYA|47|14|3471.75|0.07|47|2531|2531|347
16|MOZAMBIQUE|58|16|48582.9|0.1|58|2531|2531|347
24|UNITED STATES|46|24|51462.72|0.08|46|2531|2531|347
20|SAUDI ARABIA|74|20|37756.32|0.03|74|2531|2531|347
24|UNITED STATES|46|24|63570.96|0.09|46|31939|31939|226
5|ETHIOPIA|78|5|41373.36|0.01|78|31939|31939|226
16|MOZAMBIQUE|56|16|27095.64|0.05|56|9923|9923|974
12|JAPAN|54|12|11573.65|0.09|54|9923|9923|974
18|CHINA|27|18|64069.06|0.02|27|9923|9923|974
22|RUSSIA|40|22|63241.5|0.02|40|2663|2663|754
17|PERU|8|17|22923.48|0.1|8|22918|22918|457
9|INDONESIA|50|9|8458.95|0.05|50|22918|22918|457
17|PERU|59|17|12033.0|0.07|59|22918|22918|457
14|KENYA|47|14|43299.52|0.09|47|22918|22918|457
19|ROMANIA|17|19|19550.86|0.06|17|22918|22918|457
5|ETHIOPIA|2|5|17218.2|0.06|2|22918|22918|457
1|ARGENTINA|3|1|30018.77|0.08|3|22918|22918|457
11|IRAQ|5|11|1928.12|0.1|5|2277|2277|710
17|PERU|59|17|36247.06|0.02|59|2277|2277|710
9|INDONESIA|23|9|5938.32|0.05|23|2277|2277|710
16|MOZAMBIQUE|56|16|37851.42|0.03|56|2277|2277|710
11|IRAQ|5|11|52495.58|0.08|5|4422|4422|545
17|PERU|57|17|4890.35|0.09|57|4422|4422|545
24|UNITED STATES|19|24|4476.84|0.02|19|4422|4422|545
7|GERMANY|53|7|30772.6|0.07|53|4422|4422|545
16|MOZAMBIQUE|30|16|67072.59|0.0|30|4422|4422|545
9|INDONESIA|50|9|19686.47|0.06|50|15936|15936|424
22|RUSSIA|25|22|28950.8|0.08|25|15936|15936|424
0|ALGERIA|24|0|3912.28|0.0|24|15936|15936|424
23|UNITED KINGDOM|32|23|45423.51|0.09|32|15936|15936|424
7|GERMANY|53|7|28879.2|0.1|53|15936|15936|424
22|RUSSIA|42|22|42453.98|0.1|42|15936|15936|424
17|PERU|59|17|5545.92|0.1|59|7494|7494|985
14|KENYA|47|14|58142.48|0.07|47|7494|7494|985
10|IRAN|9|10|6952.45|0.04|9|16805|16805|479
0|ALGERIA|24|0|36099.81|0.04|24|16805|16805|479
16|MOZAMBIQUE|56|16|30479.02|0.04|56|16805|16805|479
23|UNITED KINGDOM|32|23|21095.36|0.02|32|16805|16805|479
0|ALGERIA|28|0|56316.96|0.07|28|16805|16805|479
5|ETHIOPIA|2|5|2452.64|0.0|2|16805|16805|479
14|KENYA|47|14|37141.52|0.06|47|14209|14209|820
1|ARGENTINA|29|1|15929.51|0.04|29|14209|14209|820
16|MOZAMBIQUE|31|16|9873.57|0.09|31|14209|14209|820
10|IRAN|34|10|20352.23|0.04|34|8451|8451|259
12|JAPAN|43|12|41174.1|0.07|43|8451|8451|259
16|MOZAMBIQUE|73|16|19965.12|0.04|73|43106|43106|743
22|RUSSIA|25|22|37204.66|0.02|25|43106|43106|743
17|PERU|57|17|48744.17|0.03|57|43106|43106|743
21|VIETNAM|68|21|35940.57|0.01|68|43106|43106|743
18|CHINA|27|18|41885.6|0.03|27|43106|43106|743
8|INDIA|12|8|12168.39|0.04|12|20259|20259|611
10|IRAN|34|10|72077.0|0.04|34|20259|20259|611
24|UNITED STATES|10|24|8881.6|0.09|10|40455|40455|1090
17|PERU|59|17|53225.61|0.09|59|20897|20897|424
17|PERU|59|17|66774.84|0.05|59|20897|20897|424
17|PERU|8|17|4057.35|0.05|8|547|547|787
19|ROMANIA|62|19|64572.64|0.08|62|547|547|787
4|EGYPT|38|4|47620.32|0.01|38|547|547|787
16|MOZAMBIQUE|73|16|52589.04|0.07|73|43238|43238|358
24|UNITED STATES|19|24|11859.87|0.01|19|43238|43238|358
23|UNITED KINGDOM|32|23|14955.9|0.06|32|43238|43238|358
18|CHINA|75|18|32272.02|0.1|75|43238|43238|358
13|JORDAN|36|13|18139.5|0.09|36|5570|5570|886
10|IRAN|34|10|43892.36|0.08|34|5570|5570|886
14|KENYA|76|14|39888.63|0.02|76|5570|5570|886
16|MOZAMBIQUE|73|16|36938.66|0.05|73|46209|46209|688
18|CHINA|27|18|10938.62|0.08|27|46209|46209|688
11|IRAQ|5|11|29992.76|0.02|5|13638|13638|1090
16|MOZAMBIQUE|56|16|55860.86|0.04|56|13638|13638|1090
10|IRAN|34|10|31251.22|0.02|34|13638|13638|1090
4|EGYPT|38|4|26332.56|0.02|38|13638|13638|1090
22|RUSSIA|42|22|61931.94|0.0|42|13638|13638|1090
7|GERMANY|53|7|58284.35|0.01|53|13638|13638|1090
21|VIETNAM|80|21|5724.3|0.03|80|31876|31876|776
22|RUSSIA|25|22|40843.84|0.09|25|31876|31876|776
24|UNITED STATES|19|24|28944.61|0.08|19|31876|31876|776
24|UNITED STATES|19|24|54955.22|0.09|19|31876|31876|776
16|MOZAMBIQUE|18|16|89894.5|0.03|18|31876|31876|776
23|UNITED KINGDOM|7|23|31867.56|0.06|7|25408|25408|413
4|EGYPT|22|4|16338.02|0.05|22|25408|25408|413
18|CHINA|11|18|48157.65|0.09|11|24998|24998|523
8|INDIA|61|8|70034.0|0.06|61|24998|24998|523
4|EGYPT|69|4|25258.98|0.08|69|24998|24998|523
18|CHINA|75|18|13682.76|0.03|75|24998|24998|523
4|EGYPT|22|4|47201.7|0.04|22|17958|17958|611
14|KENYA|79|14|60464.4|0.02|79|17958|17958|611
21|VIETNAM|68|21|9239.7|0.0|68|17958|17958|611
23|UNITED KINGDOM|32|23|15304.51|0.1|32|17958|17958|611
12|JAPAN|43|12|60652.08|0.07|43|17958|17958|611
10|IRAN|34|10|2026.22|0.07|34|31136|31136|545
24|UNITED STATES|64|24|6943.5|0.01|64|31136|31136|545
9|INDONESIA|51|9|79689.15|0.08|51|34854|34854|875
7|GERMANY|77|7|8570.24|0.07|77|34854|34854|875
3|CANADA|13|3|63403.08|0.0|13|36416|36416|358
14|KENYA|79|14|16187.1|0.06|79|36416|36416|358
22|RUSSIA|42|22|45828.6|0.04|42|36416|36416|358
7|GERMANY|53|7|61434.98|0.03|53|36416|36416|358
5|ETHIOPIA|2|5|16217.2|0.09|2|36416|36416|358
10|IRAN|9|10|17009.2|0.0|9|36966|36966|127
22|RUSSIA|25|22|61930.0|0.02|25|36966|36966|127
12|JAPAN|54|12|31714.98|0.05|54|36966|36966|127
9|INDONESIA|50|9|11388.48|0.01|50|35206|35206|655
14|KENYA|47|14|38193.8|0.08|47|35206|35206|655
19|ROMANIA|17|19|37925.82|0.02|17|35206|35206|655
4|EGYPT|38|4|64976.56|0.02|38|35206|35206|655
5|ETHIOPIA|63|5|74418.75|0.06|63|35206|35206|655
14|KENYA|6|14|62855.23|0.01|6|42048|42048|820
18|CHINA|72|18|42273.56|0.02|72|42048|42048|820
21|VIETNAM|35|21|12373.56|0.02|35|42048|42048|820
18|CHINA|75|18|41097.32|0.05|75|42048|42048|820
19|ROMANIA|52|19|54743.29|0.07|52|42048|42048|820
14|KENYA|6|14|64291.68|0.04|6|14405|14405|215
24|UNITED STATES|46|24|22957.65|0.04|46|14405|14405|215
22|RUSSIA|65|22|28190.0|0.1|65|14405|14405|215
9|INDONESIA|50|9|31727.81|0.09|50|29827|29827|721
17|PERU|59|17|47637.66|0.06|59|29827|29827|721
13|JORDAN|36|13|31814.44|0.04|36|29827|29827|721
8|INDIA|12|8|32418.54|0.08|12|29827|29827|721
12|JAPAN|54|12|9938.72|0.09|54|29827|29827|721
18|CHINA|27|18|26417.72|0.08|27|29827|29827|721
17|PERU|8|17|35824.57|0.0|8|16418|16418|820
9|INDONESIA|51|9|1670.77|0.1|51|16418|16418|820
14|KENYA|48|14|84418.65|0.09|48|16418|16418|820
12|JAPAN|43|12|42412.92|0.02|43|16418|16418|820
21|VIETNAM|35|21|5770.16|0.06|35|32357|32357|556
22|RUSSIA|65|22|77177.42|0.06|65|32357|32357|556
12|JAPAN|43|12|2927.12|0.09|43|32357|32357|556
18|CHINA|27|18|6613.2|0.08|27|32357|32357|556
16|MOZAMBIQUE|31|16|12553.64|0.04|31|32357|32357|556
4|EGYPT|67|4|25332.3|0.04|67|31268|31268|457
18|CHINA|41|18|39774.56|0.1|41|31268|31268|457
7|GERMANY|77|7|57277.92|0.03|77|26406|26406|457
24|UNITED STATES|55|24|54937.34|0.09|55|26406|26406|457
16|MOZAMBIQUE|56|16|7177.65|0.02|56|26406|26406|457
19|ROMANIA|52|19|7147.74|0.01|52|26406|26406|457
16|MOZAMBIQUE|58|16|26478.75|0.04|58|41542|41542|644
9|INDONESIA|51|9|31354.02|0.0|51|39716|39716|776
14|KENYA|79|14|6907.4|0.08|79|39716|39716|776
24|UNITED STATES|46|24|7342.8|0.02|46|9891|9891|875
5|ETHIOPIA|63|5|41164.16|0.03|63|9891|9891|875
24|UNITED STATES|46|24|23738.99|0.01|46|15814|15814|941
4|EGYPT|67|4|24462.0|0.08|67|15814|15814|941
22|RUSSIA|65|22|20702.88|0.09|65|15814|15814|941
16|MOZAMBIQUE|30|16|49492.2|0.02|30|15814|15814|941
8|INDIA|12|8|64602.47|0.04|12|36516|36516|754
12|JAPAN|54|12|42966.8|0.08|54|36516|36516|754
16|MOZAMBIQUE|31|16|14175.1|0.08|31|36516|36516|754
9|INDONESIA|23|9|38121.3|0.05|23|40322|40322|1090
19|ROMANIA|62|19|44007.25|0.02|62|38309|38309|589
7|GERMANY|33|7|36171.41|0.1|33|38309|38309|589
8|INDIA|60|8|3679.86|0.04|60|38309|38309|589
10|IRAN|9|10|24567.68|0.02|9|38309|38309|589
21|VIETNAM|26|21|37884.0|0.08|26|38309|38309|589
24|UNITED STATES|64|24|39029.58|0.09|64|38309|38309|589
19|ROMANIA|52|19|45239.88|0.02|52|38309|38309|589
17|PERU|1|17|48774.02|0.06|1|11975|11975|259
19|ROMANIA|62|19|41132.16|0.04|62|11975|11975|259
18|CHINA|11|18|58822.8|0.02|11|11975|11975|259
8|INDIA|61|8|29678.74|0.07|61|11975|11975|259
8|INDIA|60|8|27351.07|0.1|60|11975|11975|259
18|CHINA|75|18|1610.71|0.05|75|32677|32677|523
5|ETHIOPIA|63|5|29536.64|0.02|63|25538|25538|358
21|VIETNAM|80|21|42187.6|0.04|80|20324|20324|523
2|BRAZIL|21|2|47411.06|0.0|21|20324|20324|523
8|INDIA|39|8|52394.16|0.05|39|26528|26528|974
18|CHINA|75|18|1168.26|0.03|75|26528|26528|974
7|GERMANY|77|7|9568.44|0.08|77|7|7|314
21|VIETNAM|26|21|33776.4|0.03|26|7|7|314
9|INDONESIA|23|9|53747.05|0.06|23|7|7|314
16|MOZAMBIQUE|18|16|76348.5|0.1|18|7|7|314
24|UNITED STATES|49|24|5796.25|0.04|49|7|7|314
22|RUSSIA|42|22|42453.98|0.08|42|7|7|314
19|ROMANIA|52|19|16301.4|0.07|52|7|7|314
17|PERU|8|17|916.01|0.09|8|24614|24614|578
9|INDONESIA|51|9|13632.63|0.01|51|359|359|622
24|UNITED STATES|46|24|16201.85|0.07|46|359|359|622
17|PERU|57|17|31359.58|0.04|57|359|359|622
1|ARGENTINA|29|1|61587.36|0.1|29|359|359|622
24|UNITED STATES|49|24|36879.6|0.0|49|359|359|622
7|GERMANY|53|7|17821.62|0.0|53|359|359|622
21|VIETNAM|68|21|57260.57|0.07|68|32836|32836|523
24|UNITED STATES|64|24|64660.64|0.04|64|32836|32836|523
24|UNITED STATES|10|24|34004.08|0.1|10|31846|31846|556
5|ETHIOPIA|2|5|8330.88|0.0|2|31846|31846|556
9|INDONESIA|23|9|19273.54|0.05|23|33958|33958|787
10|IRAN|34|10|2913.1|0.06|34|33958|33958|787
16|MOZAMBIQUE|56|16|15633.12|0.07|56|33958|33958|787
21|VIETNAM|68|21|24329.62|0.08|68|45926|45926|248
0|ALGERIA|28|0|32277.01|0.03|28|45926|45926|248
18|CHINA|41|18|11713.0|0.0|41|45926|45926|248
4|EGYPT|69|4|14937.75|0.0|69|6146|6146|127
21|VIETNAM|35|21|39733.05|0.01|35|6146|6146|127
12|JAPAN|54|12|19749.28|0.09|54|6146|6146|127
17|PERU|59|17|29996.12|0.03|59|22816|22816|743
14|KENYA|47|14|35178.5|0.0|47|22816|22816|743
21|VIETNAM|68|21|17378.3|0.0|68|22816|22816|743
14|KENYA|6|14|12813.8|0.01|6|6465|6465|754
18|CHINA|72|18|5069.44|0.0|72|6465|6465|754
0|ALGERIA|37|0|59231.21|0.05|37|6465|6465|754
4|EGYPT|69|4|4582.86|0.1|69|6465|6465|754
21|VIETNAM|68|21|50663.9|0.01|68|6465|6465|754
15|MOROCCO|4|15|5862.24|0.01|4|6465|6465|754
19|ROMANIA|52|19|41630.37|0.07|52|6465|6465|754
22|RUSSIA|16|22|28035.83|0.01|16|8676|8676|842
10|IRAN|34|10|9487.35|0.0|34|34726|34726|710
16|MOZAMBIQUE|18|16|36914.25|0.06|18|30689|30689|523
24|UNITED STATES|49|24|5573.96|0.06|49|30689|30689|523
7|GERMANY|44|7|25948.32|0.09|44|19909|19909|259
8|INDIA|60|8|36443.9|0.05|60|19909|19909|259
21|VIETNAM|26|21|36464.37|0.07|26|19909|19909|259
0|ALGERIA|28|0|6270.64|0.01|28|19909|19909|259
22|RUSSIA|16|22|21400.68|0.05|16|19909|19909|259
5|ETHIOPIA|2|5|9730.32|0.03|2|19909|19909|259
24|UNITED STATES|55|24|6523.08|0.0|55|1380|1380|1090
10|IRAN|34|10|45786.84|0.04|34|1380|1380|1090
14|KENYA|76|14|41124.8|0.02|76|1380|1380|1090
5|ETHIOPIA|63|5|22839.3|0.05|63|1380|1380|1090
18|CHINA|72|18|20656.42|0.01|72|46816|46816|347
8|INDIA|15|8|6797.25|0.03|15|46816|46816|347
5|ETHIOPIA|78|5|49032.91|0.01|78|46816|46816|347
16|MOZAMBIQUE|18|16|42214.2|0.09|18|46816|46816|347
16|MOZAMBIQUE|73|16|41941.35|0.03|73|45639|45639|259
16|MOZAMBIQUE|31|16|6021.5|0.03|31|45639|45639|259
16|MOZAMBIQUE|58|16|17578.5|0.1|58|42757|42757|226
22|RUSSIA|42|22|43655.84|0.06|42|42757|42757|226
7|GERMANY|77|7|53685.28|0.07|77|21989|21989|1090
9|INDONESIA|50|9|27005.28|0.03|50|21989|21989|1090
0|ALGERIA|37|0|37192.68|0.05|37|21989|21989|1090
21|VIETNAM|35|21|14935.9|0.0|35|21989|21989|1090
0|ALGERIA|24|0|28896.0|0.02|24|21989|21989|1090
2|BRAZIL|21|2|42329.26|0.03|21|21989|21989|1090
24|UNITED STATES|49|24|20062.0|0.06|49|21989|21989|1090
9|INDONESIA|51|9|50344.99|0.1|51|7651|7651|853
21|VIETNAM|80|21|18378.47|0.0|80|6276|6276|589
24|UNITED STATES|10|24|6146.6|0.08|10|6276|6276|589
22|RUSSIA|65|22|43049.5|0.01|65|6276|6276|589
14|KENYA|76|14|67368.0|0.1|76|6276|6276|589
5|ETHIOPIA|2|5|32044.8|0.02|2|6276|6276|589
6|FRANCE|70|6|7347.72|0.1|70|5508|5508|446
21|VIETNAM|80|21|75184.65|0.07|80|2945|2945|226
9|INDONESIA|51|9|25508.28|0.06|51|2945|2945|226
9|INDONESIA|51|9|12803.7|0.09|51|2945|2945|226
16|MOZAMBIQUE|73|16|50781.39|0.0|73|2945|2945|226
13|JORDAN|36|13|61589.27|0.07|36|2945|2945|226
8|INDIA|39|8|44147.1|0.05|39|2945|2945|226
24|UNITED STATES|64|24|47753.0|0.08|64|2945|2945|226
23|UNITED KINGDOM|66|23|54593.8|0.01|66|1702|1702|523
4|EGYPT|22|4|43290.74|0.0|22|1702|1702|523
24|UNITED STATES|55|24|27294.07|0.02|55|1702|1702|523
0|ALGERIA|37|0|67047.3|0.0|37|1702|1702|523
16|MOZAMBIQUE|18|16|45856.44|0.07|18|1702|1702|523
4|EGYPT|38|4|34533.24|0.1|38|1702|1702|523
8|INDIA|60|8|31834.08|0.0|60|17031|17031|556
22|RUSSIA|65|22|1138.23|0.06|65|17031|17031|556
9|INDONESIA|51|9|81460.02|0.0|51|16096|16096|886
23|UNITED KINGDOM|66|23|44117.97|0.03|66|16096|16096|886
18|CHINA|72|18|69879.34|0.08|72|16096|16096|886
17|PERU|59|17|13181.04|0.03|59|16096|16096|886
8|INDIA|12|8|23705.6|0.01|12|16096|16096|886
9|INDONESIA|23|9|40779.84|0.1|23|16096|16096|886
4|EGYPT|69|4|47846.4|0.04|69|47072|47072|941
8|INDIA|15|8|29322.19|0.08|15|7906|7906|655
20|SAUDI ARABIA|74|20|57811.74|0.01|74|7906|7906|655
4|EGYPT|22|4|38442.4|0.05|22|37382|37382|622
7|GERMANY|77|7|2995.18|0.08|77|37382|37382|622
10|IRAN|34|10|40832.28|0.01|34|37382|37382|622
24|UNITED STATES|10|24|14238.96|0.05|10|18176|18176|127
7|GERMANY|53|7|26340.38|0.04|53|18176|18176|127
9|INDONESIA|51|9|49006.89|0.0|51|39461|39461|622
10|IRAN|9|10|2136.32|0.05|9|39461|39461|622
21|VIETNAM|35|21|19131.21|0.02|35|39461|39461|622
16|MOZAMBIQUE|56|16|13554.5|0.0|56|39461|39461|622
3|CANADA|20|3|9362.16|0.08|20|39461|39461|622
19|ROMANIA|52|19|23353.68|0.08|52|39461|39461|622
5|ETHIOPIA|2|5|981.08|0.09|2|39461|39461|622
16|MOZAMBIQUE|73|16|60930.33|0.03|73|25095|25095|985
16|MOZAMBIQUE|58|16|15662.1|0.1|58|25095|25095|985
13|JORDAN|36|13|63081.62|0.01|36|25095|25095|985
9|INDONESIA|45|9|26939.56|0.03|45|25095|25095|985
22|RUSSIA|65|22|46662.74|0.07|65|25095|25095|985
5|ETHIOPIA|2|5|20702.88|0.06|2|25095|25095|985
17|PERU|8|17|59535.84|0.08|8|39175|39175|952
23|UNITED KINGDOM|66|23|28706.62|0.0|66|39175|39175|952
23|UNITED KINGDOM|66|23|3630.9|0.04|66|39175|39175|952
21|VIETNAM|26|21|27966.24|0.1|26|39175|39175|952
4|EGYPT|67|4|7263.64|0.02|67|39175|39175|952
0|ALGERIA|28|0|62388.74|0.09|28|39175|39175|952
18|CHINA|75|18|27392.4|0.1|75|39175|39175|952
10|IRAN|9|10|75187.2|0.06|9|4673|4673|655
15|MOROCCO|4|15|16919.73|0.04|4|4673|4673|655
12|JAPAN|54|12|8265.04|0.08|54|4673|4673|655
14|KENYA|6|14|18415.74|0.07|6|4871|4871|358
18|CHINA|11|18|38121.3|0.08|11|4871|4871|358
3|CANADA|13|3|10141.1|0.1|13|4871|4871|358
3|CANADA|13|3|11132.1|0.09|13|4871|4871|358
10|IRAN|34|10|20166.76|0.07|34|4871|4871|358
16|MOZAMBIQUE|18|16|4192.47|0.03|18|4871|4871|358
24|UNITED STATES|64|24|35462.88|0.02|64|4871|4871|358
23|UNITED KINGDOM|7|23|35906.64|0.03|7|46918|46918|413
7|GERMANY|77|7|1616.71|0.05|77|46918|46918|413
4|EGYPT|67|4|37357.04|0.07|67|46918|46918|413
23|UNITED KINGDOM|32|23|34877.44|0.05|32|46918|46918|413
23|UNITED KINGDOM|66|23|34692.96|0.04|66|12609|12609|644
8|INDIA|61|8|21638.1|0.08|61|12609|12609|644
24|UNITED STATES|10|24|13874.96|0.01|10|12609|12609|644
18|CHINA|41|18|44904.74|0.03|41|12609|12609|644
17|PERU|1|17|36700.56|0.08|1|44928|44928|358
17|PERU|57|17|37166.66|0.06|57|23907|23907|226
9|INDONESIA|45|9|15456.96|0.06|45|23907|23907|226
3|CANADA|20|3|20952.23|0.07|20|23907|23907|226
19|ROMANIA|52|19|4989.36|0.04|52|23907|23907|226
5|ETHIOPIA|2|5|9109.8|0.09|2|23907|23907|226
9|INDONESIA|51|9|31744.63|0.09|51|28583|28583|1090
17|PERU|1|17|32760.0|0.0|1|42080|42080|479
16|MOZAMBIQUE|58|16|24786.27|0.05|58|42080|42080|479
17|PERU|8|17|17478.04|0.04|8|14052|14052|952
11|IRAQ|5|11|36904.32|0.04|5|38274|38274|226
7|GERMANY|33|7|19537.08|0.05|33|38274|38274|226
21|VIETNAM|35|21|45369.72|0.09|35|38274|38274|226
3|CANADA|20|3|46093.32|0.01|20|38274|38274|226
18|CHINA|41|18|63218.0|0.07|41|38274|38274|226
8|INDIA|60|8|48677.28|0.03|60|6918|6918|622
17|PERU|57|17|18443.74|0.09|57|6918|6918|622
5|ETHIOPIA|78|5|2444.64|0.08|78|6918|6918|622
9|INDONESIA|45|9|51602.32|0.02|45|6918|6918|622
9|INDONESIA|23|9|31176.18|0.02|23|6918|6918|622
24|UNITED STATES|19|24|65763.95|0.1|19|6918|6918|622
4|EGYPT|38|4|27268.65|0.09|38|6918|6918|622
9|INDONESIA|51|9|67892.76|0.06|51|39396|39396|479
22|RUSSIA|40|22|67277.76|0.02|40|39396|39396|479
5|ETHIOPIA|2|5|38264.23|0.07|2|39396|39396|479
22|RUSSIA|40|22|9325.17|0.1|40|16033|16033|149
22|RUSSIA|25|22|27279.75|0.01|25|16033|16033|149
3|CANADA|13|3|30308.04|0.1|13|16033|16033|149
9|INDONESIA|23|9|38288.88|0.09|23|16033|16033|149
24|UNITED STATES|10|24|13194.1|0.06|10|16033|16033|149
19|ROMANIA|17|19|2566.76|0.01|17|16033|16033|149
14|KENYA|6|14|45778.96|0.05|6|19751|19751|358
17|PERU|1|17|58064.16|0.01|1|19751|19751|358
0|ALGERIA|37|0|10231.2|0.04|37|19751|19751|358
12|JAPAN|43|12|32338.56|0.07|43|19751|19751|358
7|GERMANY|53|7|35568.39|0.09|53|19751|19751|358
5|ETHIOPIA|63|5|26434.08|0.01|63|19751|19751|358
21|VIETNAM|26|21|17641.26|0.09|26|39111|39111|820
21|VIETNAM|68|21|7890.54|0.07|68|39111|39111|820
5|ETHIOPIA|78|5|28335.03|0.0|78|39111|39111|820
16|MOZAMBIQUE|56|16|15555.17|0.04|56|39111|39111|820
9|INDONESIA|23|9|15191.92|0.04|23|39111|39111|820
12|JAPAN|43|12|5375.67|0.04|43|39111|39111|820
8|INDIA|15|8|5101.48|0.06|15|37890|37890|226
12|JAPAN|43|12|50426.88|0.08|43|37890|37890|226
19|ROMANIA|17|19|58938.73|0.0|17|37890|37890|226
24|UNITED STATES|64|24|32632.38|0.09|64|37890|37890|226
8|INDIA|61|8|38727.47|0.0|61|47010|47010|457
8|INDIA|12|8|57340.48|0.07|12|47010|47010|457
19|ROMANIA|17|19|72016.12|0.05|17|47010|47010|457
16|MOZAMBIQUE|30|16|28250.2|0.1|30|47010|47010|457
17|PERU|1|17|33299.84|0.02|1|33062|33062|358
18|CHINA|72|18|23256.8|0.05|72|33062|33062|358
24|UNITED STATES|46|24|5811.3|0.01|46|33062|33062|358
9|INDONESIA|45|9|20817.96|0.07|45|33062|33062|358
1|ARGENTINA|29|1|25056.54|0.06|29|33062|33062|358
5|ETHIOPIA|63|5|4450.74|0.03|63|33062|33062|358
5|ETHIOPIA|2|5|44501.43|0.1|2|33062|33062|358
19|ROMANIA|62|19|35014.08|0.01|62|34052|34052|611
18|CHINA|11|18|4953.32|0.07|11|34052|34052|611
8|INDIA|39|8|9472.02|0.03|39|34052|34052|611
16|MOZAMBIQUE|31|16|10481.4|0.1|31|34052|34052|611
1|ARGENTINA|3|1|41188.77|0.05|3|34052|34052|611
10|IRAN|34|10|14711.73|0.04|34|47076|47076|688
16|MOZAMBIQUE|73|16|43942.81|0.08|73|27782|27782|457
24|UNITED STATES|55|24|17222.87|0.0|55|27782|27782|457
9|INDONESIA|45|9|38265.75|0.07|45|27782|27782|457
1|ARGENTINA|29|1|50589.9|0.05|29|27782|27782|457
22|RUSSIA|65|22|21943.8|0.08|65|27782|27782|457
4|EGYPT|38|4|32234.5|0.01|38|27782|27782|457
7|GERMANY|53|7|4309.59|0.02|53|27782|27782|457
22|RUSSIA|25|22|14898.95|0.02|25|26176|26176|457
7|GERMANY|53|7|81085.5|0.06|53|26176|26176|457
7|GERMANY|53|7|37245.78|0.07|53|26176|26176|457
18|CHINA|11|18|9946.72|0.06|11|27298|27298|886
15|MOROCCO|14|15|10686.34|0.08|14|27298|27298|886
9|INDONESIA|45|9|26433.12|0.03|45|27298|27298|886
18|CHINA|75|18|27522.16|0.05|75|27298|27298|886
1|ARGENTINA|3|1|5229.6|0.03|3|27298|27298|886
22|RUSSIA|65|22|7232.0|0.04|65|29312|29312|347
11|IRAQ|5|11|7062.55|0.0|5|13285|13285|325
12|JAPAN|43|12|9420.4|0.06|43|17124|17124|479
10|IRAN|9|10|49621.7|0.01|9|15650|15650|721
17|PERU|59|17|32985.25|0.09|59|15650|15650|721
24|UNITED STATES|46|24|20812.5|0.08|46|15650|15650|721
23|UNITED KINGDOM|7|23|23605.38|0.02|7|19654|19654|589
11|IRAQ|5|11|27597.24|0.03|5|19654|19654|589
14|KENYA|48|14|10515.28|0.07|48|19654|19654|589
16|MOZAMBIQUE|18|16|66604.2|0.03|18|19654|19654|589
4|EGYPT|38|4|37319.2|0.01|38|19654|19654|589
9|INDONESIA|51|9|39401.76|0.1|51|36352|36352|754
15|MOROCCO|14|15|3102.39|0.1|14|36352|36352|754
0|ALGERIA|24|0|18679.6|0.1|24|36352|36352|754
24|UNITED STATES|10|24|36326.22|0.05|10|36352|36352|754
7|GERMANY|44|7|20960.8|0.01|44|31490|31490|1090
23|UNITED KINGDOM|66|23|39715.2|0.04|66|31490|31490|1090
18|CHINA|72|18|35942.06|0.09|72|31490|31490|1090
24|UNITED STATES|10|24|15317.39|0.08|10|31490|31490|1090
19|ROMANIA|17|19|37705.23|0.05|17|31490|31490|1090
3|CANADA|20|3|78958.74|0.02|20|31490|31490|1090
23|UNITED KINGDOM|7|23|48093.34|0.03|7|24165|24165|149
17|PERU|1|17|8381.03|0.05|1|24165|24165|149
23|UNITED KINGDOM|32|23|71174.95|0.03|32|24165|24165|149
3|CANADA|13|3|11436.6|0.01|13|37893|37893|743
4|EGYPT|38|4|59446.64|0.04|38|37893|37893|743
21|VIETNAM|80|21|1500.59|0.07|80|18852|18852|820
19|ROMANIA|62|19|2514.7|0.01|62|18852|18852|820
7|GERMANY|77|7|25647.72|0.07|77|18852|18852|820
22|RUSSIA|42|22|53937.6|0.07|42|18852|18852|820
18|CHINA|75|18|10795.52|0.1|75|18852|18852|820
14|KENYA|48|14|53906.7|0.09|48|26211|26211|325
6|FRANCE|70|6|20647.05|0.03|70|47298|47298|314
14|KENYA|79|14|46667.43|0.02|79|47298|47298|314
15|MOROCCO|4|15|35663.0|0.03|4|47298|47298|314
14|KENYA|48|14|31280.94|0.01|48|17378|17378|457
16|MOZAMBIQUE|58|16|11708.48|0.1|58|17378|17378|457
16|MOZAMBIQUE|58|16|51751.35|0.09|58|17378|17378|457
21|VIETNAM|68|21|47901.15|0.06|68|17378|17378|457
8|INDIA|12|8|53142.62|0.1|12|17378|17378|457
10|IRAN|9|10|63966.34|0.01|9|35110|35110|512
14|KENYA|48|14|7848.54|0.09|48|35110|35110|512
15|MOROCCO|14|15|36858.8|0.01|14|35110|35110|512
19|ROMANIA|17|19|49718.75|0.05|17|35110|35110|512
9|INDONESIA|51|9|78803.52|0.09|51|19138|19138|985
23|UNITED KINGDOM|66|23|35401.38|0.02|66|19138|19138|985
16|MOZAMBIQUE|58|16|7583.05|0.01|58|19138|19138|985
17|PERU|57|17|15881.04|0.06|57|19138|19138|985
24|UNITED STATES|19|24|14998.06|0.07|19|19138|19138|985
17|PERU|8|17|10811.8|0.03|8|24099|24099|1090
4|EGYPT|22|4|39873.05|0.04|22|24099|24099|1090
17|PERU|59|17|16627.19|0.06|59|24099|24099|1090
14|KENYA|48|14|30976.64|0.01|48|24099|24099|1090
8|INDIA|12|8|25100.82|0.08|12|24099|24099|1090
24|UNITED STATES|10|24|7077.77|0.09|10|24099|24099|1090
5|ETHIOPIA|2|5|28389.59|0.05|2|24099|24099|1090
18|CHINA|72|18|20362.14|0.05|72|17125|17125|875
13|JORDAN|36|13|4575.05|0.05|36|17125|17125|875
4|EGYPT|69|4|27598.45|0.04|69|17125|17125|875
10|IRAN|34|10|37440.48|0.02|34|17125|17125|875
18|CHINA|27|18|19545.57|0.0|27|17125|17125|875
20|SAUDI ARABIA|74|20|38922.8|0.08|74|17125|17125|875
5|ETHIOPIA|2|5|49129.89|0.03|2|17125|17125|875
0|ALGERIA|37|0|25436.74|0.07|37|28324|28324|325
21|VIETNAM|68|21|35177.8|0.03|68|28324|28324|325
8|INDIA|12|8|55995.66|0.02|12|28324|28324|325
15|MOROCCO|4|15|52094.84|0.0|4|28324|28324|325
12|JAPAN|54|12|5771.25|0.01|54|28324|28324|325
12|JAPAN|43|12|4273.56|0.07|43|28324|28324|325
8|INDIA|39|8|49503.82|0.03|39|28324|28324|325
21|VIETNAM|80|21|35548.59|0.03|80|12066|12066|853
16|MOZAMBIQUE|73|16|29516.13|0.07|73|12066|12066|853
18|CHINA|11|18|22451.64|0.09|11|12066|12066|853
18|CHINA|11|18|51539.95|0.08|11|12066|12066|853
23|UNITED KINGDOM|32|23|33109.19|0.03|32|12066|12066|853
14|KENYA|6|14|41624.4|0.09|6|12583|12583|754
22|RUSSIA|40|22|54713.6|0.02|40|41062|41062|1090
18|CHINA|11|18|60544.08|0.07|11|41062|41062|1090
23|UNITED KINGDOM|32|23|31407.39|0.04|32|41062|41062|1090
14|KENYA|48|14|43633.12|0.06|48|39104|39104|578
24|UNITED STATES|64|24|51756.4|0.05|64|39104|39104|578
8|INDIA|15|8|49663.71|0.0|15|21251|21251|820
22|RUSSIA|65|22|52304.28|0.0|65|21251|21251|820
23|UNITED KINGDOM|7|23|14439.6|0.03|7|10592|10592|622
22|RUSSIA|25|22|56147.86|0.1|25|10592|10592|622
23|UNITED KINGDOM|66|23|5329.72|0.06|66|20580|20580|677
14|KENYA|79|14|50229.45|0.02|79|20580|20580|677
1|ARGENTINA|29|1|25340.0|0.04|29|20580|20580|677
13|JORDAN|36|13|41786.28|0.02|36|21570|21570|875
5|ETHIOPIA|63|5|15402.8|0.1|63|21570|21570|875
4|EGYPT|67|4|18935.4|0.09|67|35463|35463|622
12|JAPAN|54|12|22045.27|0.08|54|35463|35463|622
19|ROMANIA|17|19|21528.69|0.09|17|35463|35463|622
5|ETHIOPIA|2|5|26728.2|0.04|2|35463|35463|622
17|PERU|8|17|48569.68|0.04|8|29600|29600|424
14|KENYA|6|14|1426.52|0.1|6|29600|29600|424
17|PERU|57|17|997.09|0.09|57|29600|29600|424
12|JAPAN|54|12|23895.96|0.04|54|29600|29600|424
23|UNITED KINGDOM|66|23|22423.8|0.03|66|26433|26433|941
21|VIETNAM|35|21|36063.5|0.04|35|26433|26433|941
0|ALGERIA|24|0|27928.74|0.06|24|26433|26433|941
8|INDIA|12|8|14393.6|0.09|12|26433|26433|941
4|EGYPT|38|4|29372.94|0.04|38|26433|26433|941
20|SAUDI ARABIA|74|20|12613.5|0.01|74|26433|26433|941
9|INDONESIA|51|9|64538.46|0.04|51|17765|17765|457
13|JORDAN|36|13|50378.74|0.03|36|17765|17765|457
10|IRAN|34|10|46305.0|0.04|34|17765|17765|457
24|UNITED STATES|19|24|33384.12|0.02|19|17765|17765|457
18|CHINA|41|18|82234.24|0.02|41|17765|17765|457
17|PERU|8|17|21165.32|0.04|8|44451|44451|941
17|PERU|57|17|54390.75|0.09|57|44451|44451|941
9|INDONESIA|23|9|58621.02|0.1|23|44451|44451|941
18|CHINA|41|18|59193.45|0.05|41|44451|44451|941
19|ROMANIA|52|19|74899.12|0.01|52|44451|44451|941
20|SAUDI ARABIA|74|20|55663.74|0.1|74|44451|44451|941
7|GERMANY|44|7|1346.44|0.03|44|46530|46530|358
17|PERU|59|17|17629.05|0.02|59|46530|46530|358
16|MOZAMBIQUE|56|16|29880.24|0.09|56|46530|46530|358
7|GERMANY|53|7|25820.34|0.1|53|46530|46530|358
18|CHINA|41|18|60715.5|0.07|41|46530|46530|358
9|INDONESIA|23|9|44944.0|0.0|23|31075|31075|457
14|KENYA|76|14|34460.92|0.01|76|31075|31075|457
10|IRAN|9|10|25947.52|0.04|9|46662|46662|127
4|EGYPT|69|4|41733.78|0.0|69|46662|46662|127
24|UNITED STATES|10|24|49826.28|0.09|10|46662|46662|127
8|INDIA|39|8|16644.19|0.09|39|46662|46662|127
7|GERMANY|53|7|1359.45|0.1|53|46662|46662|127
21|VIETNAM|80|21|13598.32|0.09|80|32197|32197|523
14|KENYA|48|14|50854.8|0.02|48|32197|32197|523
21|VIETNAM|68|21|9748.62|0.04|68|32197|32197|523
7|GERMANY|53|7|33081.62|0.06|53|32197|32197|523
21|VIETNAM|80|21|48473.46|0.05|80|16962|16962|358
4|EGYPT|22|4|38482.4|0.0|22|16962|16962|358
18|CHINA|72|18|21632.73|0.07|72|16962|16962|358
14|KENYA|79|14|50056.01|0.07|79|16962|16962|358
3|CANADA|20|3|47007.17|0.0|20|16962|16962|358
5|ETHIOPIA|63|5|39002.58|0.1|63|16962|16962|358
0|ALGERIA|24|0|59778.9|0.1|24|33088|33088|622
5|ETHIOPIA|78|5|20915.44|0.05|78|33088|33088|622
19|ROMANIA|17|19|39256.4|0.1|17|33088|33088|622
0|ALGERIA|28|0|51623.88|0.03|28|33088|33088|622
16|MOZAMBIQUE|73|16|72391.5|0.07|73|29986|29986|776
14|KENYA|47|14|14367.48|0.08|47|29986|29986|776
9|INDONESIA|23|9|19252.8|0.0|23|29986|29986|776
11|IRAQ|5|11|7259.91|0.09|5|35586|35586|149
23|UNITED KINGDOM|66|23|27580.0|0.07|66|35586|35586|149
4|EGYPT|69|4|2012.2|0.03|69|35586|35586|149
8|INDIA|39|8|60615.5|0.04|39|35586|35586|149
24|UNITED STATES|64|24|42360.26|0.0|64|35586|35586|149
19|ROMANIA|52|19|48904.2|0.05|52|35586|35586|149
7|GERMANY|44|7|54683.04|0.0|44|39524|39524|127
8|INDIA|61|8|18199.65|0.08|61|39524|39524|127
1|ARGENTINA|3|1|22006.75|0.09|3|39524|39524|127
19|ROMANIA|62|19|19768.06|0.09|62|771|771|358
0|ALGERIA|37|0|11472.6|0.1|37|771|771|358
8|INDIA|12|8|8619.31|0.06|12|771|771|358
2|BRAZIL|21|2|35802.95|0.08|21|771|771|358
22|RUSSIA|42|22|45078.64|0.03|42|771|771|358
7|GERMANY|53|7|13328.7|0.02|53|771|771|358
17|PERU|59|17|72597.42|0.05|59|47015|47015|721
22|RUSSIA|16|22|61060.26|0.04|16|47015|47015|721
4|EGYPT|38|4|79043.16|0.05|38|47015|47015|721
5|ETHIOPIA|2|5|70250.88|0.09|2|47015|47015|721
7|GERMANY|44|7|79524.0|0.08|44|15137|15137|622
0|ALGERIA|24|0|14601.62|0.1|24|15137|15137|622
21|VIETNAM|80|21|38791.85|0.1|80|16578|16578|226
1|ARGENTINA|71|1|19553.28|0.05|71|16578|16578|226
22|RUSSIA|25|22|4681.04|0.07|25|16578|16578|226
4|EGYPT|67|4|52451.04|0.05|67|16578|16578|226
18|CHINA|75|18|20570.66|0.0|75|16578|16578|226
21|VIETNAM|26|21|7242.7|0.07|26|22023|22023|886
7|GERMANY|33|7|29192.1|0.08|33|199|199|424
0|ALGERIA|37|0|47902.5|0.02|37|199|199|424
24|UNITED STATES|49|24|7315.98|0.09|49|46982|46982|457
16|MOZAMBIQUE|18|16|53233.5|0.08|18|10176|10176|787
12|JAPAN|43|12|40236.92|0.06|43|10176|10176|787
23|UNITED KINGDOM|7|23|56927.68|0.07|7|46784|46784|952
12|JAPAN|54|12|40153.4|0.03|54|46784|46784|952
14|KENYA|76|14|6328.0|0.08|76|46784|46784|952
0|ALGERIA|28|0|58370.35|0.05|28|46784|46784|952
20|SAUDI ARABIA|74|20|27655.45|0.05|74|46784|46784|952
16|MOZAMBIQUE|30|16|7968.45|0.04|30|46784|46784|952
4|EGYPT|67|4|34764.96|0.01|67|17766|17766|578
16|MOZAMBIQUE|73|16|14102.88|0.04|73|12068|12068|985
0|ALGERIA|37|0|12389.12|0.09|37|12068|12068|985
19|ROMANIA|62|19|63381.85|0.07|62|22343|22343|523
9|INDONESIA|51|9|60969.32|0.01|51|22343|22343|523
17|PERU|57|17|42138.72|0.02|57|22343|22343|523
23|UNITED KINGDOM|66|23|6510.88|0.01|66|22244|22244|226
0|ALGERIA|24|0|20723.78|0.08|24|22244|22244|226
19|ROMANIA|17|19|52372.76|0.01|17|28448|28448|556
5|ETHIOPIA|2|5|31313.2|0.09|2|28448|28448|556
18|CHINA|72|18|11991.87|0.1|72|29735|29735|457
13|JORDAN|36|13|88028.64|0.0|36|29735|29735|457
1|ARGENTINA|29|1|52759.68|0.01|29|29735|29735|457
17|PERU|1|17|58713.02|0.05|1|17349|17349|413
18|CHINA|72|18|36578.64|0.02|72|17349|17349|413
3|CANADA|13|3|16109.28|0.05|13|17349|17349|413
17|PERU|8|17|5981.45|0.09|8|45223|45223|941
14|KENYA|6|14|77661.9|0.0|6|45223|45223|941
23|UNITED KINGDOM|66|23|1020.11|0.09|66|45223|45223|941
8|INDIA|60|8|6812.3|0.07|60|45223|45223|941
14|KENYA|47|14|35713.0|0.01|47|45223|45223|941
2|BRAZIL|21|2|16627.6|0.03|21|45223|45223|941
4|EGYPT|38|4|19117.41|0.05|38|45223|45223|941
17|PERU|8|17|62859.21|0.07|8|871|871|116
17|PERU|1|17|41224.08|0.06|1|871|871|116
4|EGYPT|22|4|5153.52|0.0|22|871|871|116
9|INDONESIA|45|9|7368.16|0.0|45|871|871|116
12|JAPAN|43|12|27069.64|0.0|43|871|871|116
7|GERMANY|53|7|80292.96|0.1|53|871|871|116
18|CHINA|75|18|22943.18|0.09|75|871|871|116
17|PERU|59|17|5480.95|0.02|59|37699|37699|556
19|ROMANIA|17|19|48216.87|0.07|17|37699|37699|556
3|CANADA|20|3|47845.98|0.04|20|37699|37699|556
11|IRAQ|5|11|24545.04|0.01|5|33860|33860|545
13|JORDAN|36|13|28310.2|0.07|36|33860|33860|545
24|UNITED STATES|64|24|5420.9|0.08|64|33860|33860|545
21|VIETNAM|26|21|37139.5|0.06|26|22112|22112|116
13|JORDAN|36|13|45694.43|0.1|36|22112|22112|116
21|VIETNAM|35|21|4796.07|0.02|35|22112|22112|116
12|JAPAN|43|12|29029.59|0.0|43|22112|22112|116
24|UNITED STATES|46|24|27004.48|0.03|46|46598|46598|820
2|BRAZIL|21|2|40363.92|0.02|21|46598|46598|820
24|UNITED STATES|64|24|16846.2|0.04|64|46598|46598|820
6|FRANCE|70|6|58364.32|0.07|70|12773|12773|655
21|VIETNAM|26|21|21703.6|0.03|26|12773|12773|655
17|PERU|59|17|56300.04|0.05|59|12773|12773|655
9|INDONESIA|23|9|21238.72|0.08|23|12773|12773|655
18|CHINA|75|18|55204.89|0.01|75|12773|12773|655
20|SAUDI ARABIA|74|20|22685.31|0.06|74|12773|12773|655
5|ETHIOPIA|63|5|43492.77|0.02|63|12773|12773|655
7|GERMANY|44|7|69131.1|0.0|44|19747|19747|655
9|INDONESIA|50|9|58670.16|0.01|50|19747|19747|655
9|INDONESIA|45|9|51444.3|0.1|45|19747|19747|655
24|UNITED STATES|10|24|36803.48|0.01|10|19747|19747|655
5|ETHIOPIA|2|5|71475.6|0.05|2|19747|19747|655
24|UNITED STATES|55|24|42255.0|0.0|55|19527|19527|127
24|UNITED STATES|55|24|33342.15|0.1|55|19527|19527|127
0|ALGERIA|24|0|43624.17|0.07|24|19527|19527|127
4|EGYPT|38|4|30104.76|0.1|38|19527|19527|127
1|ARGENTINA|71|1|37832.73|0.0|71|44068|44068|985
0|ALGERIA|24|0|71497.44|0.02|24|44068|44068|985
9|INDONESIA|45|9|56588.73|0.05|45|44068|44068|985
18|CHINA|41|18|31747.98|0.02|41|44068|44068|985
14|KENYA|6|14|31060.12|0.0|6|9061|9061|259
16|MOZAMBIQUE|18|16|42837.12|0.04|18|9061|9061|259
7|GERMANY|77|7|9074.73|0.1|77|42341|42341|358
14|KENYA|48|14|18219.5|0.0|48|42341|42341|358
5|ETHIOPIA|2|5|11052.24|0.01|2|42341|42341|358
