5|ETHIOPIA|2|5|48126.03|0.01|2|9095|9095|175
0|ALGERIA|24|0|15412.56|0.01|24|28900|28900|461
12|JAPAN|43|12|37884.0|0.06|43|28900|28900|461
22|RUSSIA|65|22|28105.5|0.03|65|28900|28900|461
22|RUSSIA|16|22|16277.4|0.07|16|28900|28900|461
1|ARGENTINA|3|1|43902.25|0.0|3|28900|28900|461
11|IRAQ|5|11|27803.52|0.06|5|47424|47424|472
22|RUSSIA|40|22|22415.52|0.06|40|47424|47424|472
4|EGYPT|69|4|64160.04|0.09|69|47424|47424|472
9|INDONESIA|45|9|4402.68|0.0|45|47424|47424|472
4|EGYPT|67|4|49633.28|0.01|67|47424|47424|472
1|ARGENTINA|71|1|4584.96|0.02|71|15777|15777|472
16|MOZAMBIQUE|31|16|5672.97|0.08|31|15777|15777|472
9|INDONESIA|51|9|50476.37|0.0|51|2405|2405|571
3|CANADA|13|3|30277.43|0.08|13|2405|2405|571
9|INDONESIA|51|9|38176.56|0.0|51|39074|39074|395
23|UNITED KINGDOM|66|23|29791.36|0.02|66|39074|39074|395
8|INDIA|60|8|14145.03|0.09|60|39074|39074|395
6|FRANCE|70|6|62633.88|0.01|70|39074|39074|395
21|VIETNAM|68|21|75030.0|0.09|68|39074|39074|395
22|RUSSIA|42|22|45778.96|0.05|42|39074|39074|395
11|IRAQ|5|11|35206.4|0.08|5|1767|1767|197
11|IRAQ|5|11|1232.33|0.09|5|1767|1767|197
7|GERMANY|33|7|31041.36|0.06|33|1767|1767|197
12|JAPAN|43|12|54009.0|0.01|43|1767|1767|197
8|INDIA|39|8|52536.4|0.06|39|1767|1767|197
18|CHINA|11|18|6962.45|0.07|11|17283|17283|263
8|INDIA|61|8|52473.12|0.1|61|17283|17283|263
10|IRAN|9|10|5718.08|0.05|9|17283|17283|263
17|PERU|57|17|24114.35|0.01|57|17283|17283|263
3|CANADA|13|3|30244.76|0.06|13|17283|17283|263
12|JAPAN|54|12|8913.59|0.05|54|17283|17283|263
16|MOZAMBIQUE|31|16|2985.18|0.09|31|17283|17283|263
19|ROMANIA|62|19|63908.04|0.06|62|2657|2657|197
7|GERMANY|33|7|18319.8|0.08|33|2657|2657|197
15|MOROCCO|14|15|38165.5|0.02|14|2657|2657|197
22|RUSSIA|25|22|44873.74|0.01|25|2657|2657|197
21|VIETNAM|35|21|14733.73|0.04|35|2657|2657|197
4|EGYPT|67|4|39950.02|0.02|67|2657|2657|197
23|UNITED KINGDOM|66|23|21298.46|0.05|66|2018|2018|142
21|VIETNAM|35|21|2911.1|0.02|35|2018|2018|142
4|EGYPT|69|4|36862.12|0.03|69|4834|4834|142
13|JORDAN|36|13|38182.56|0.01|36|4834|4834|142
20|SAUDI ARABIA|74|20|32378.84|0.04|74|19271|19271|593
7|GERMANY|44|7|6755.42|0.0|44|2467|2467|274
1|ARGENTINA|71|1|9577.44|0.03|71|32421|32421|197
3|CANADA|13|3|59308.14|0.03|13|32421|32421|197
5|ETHIOPIA|78|5|23050.5|0.04|78|32421|32421|197
9|INDONESIA|45|9|25301.7|0.01|45|16966|16966|373
6|FRANCE|70|6|83511.84|0.09|70|34434|34434|241
14|KENYA|48|14|9988.0|0.1|48|34434|34434|241
13|JORDAN|36|13|16737.82|0.0|36|34434|34434|241
3|CANADA|13|3|62995.68|0.06|13|34434|34434|241
14|KENYA|79|14|35813.25|0.03|79|34434|34434|241
24|UNITED STATES|10|24|18944.71|0.01|10|34434|34434|241
24|UNITED STATES|10|24|7890.54|0.06|10|34434|34434|241
9|INDONESIA|51|9|12725.52|0.08|51|47876|47876|164
16|MOZAMBIQUE|73|16|5670.04|0.0|73|47876|47876|164
7|GERMANY|44|7|26431.72|0.0|44|47876|47876|164
18|CHINA|11|18|71610.14|0.04|11|47876|47876|164
21|VIETNAM|35|21|49521.91|0.01|35|47876|47876|164
16|MOZAMBIQUE|18|16|10141.1|0.09|18|47876|47876|164
16|MOZAMBIQUE|31|16|43141.8|0.0|31|47876|47876|164
21|VIETNAM|35|21|1754.85|0.02|35|37415|37415|241
19|ROMANIA|62|19|53033.19|0.0|62|11235|11235|472
8|INDIA|15|8|55342.48|0.05|15|11235|11235|472
13|JORDAN|36|13|15511.95|0.08|36|11235|11235|472
21|VIETNAM|68|21|48659.24|0.01|68|11235|11235|472
21|VIETNAM|68|21|50255.0|0.1|68|11235|11235|472
9|INDONESIA|45|9|10658.52|0.08|45|11235|11235|472
16|MOZAMBIQUE|31|16|52329.12|0.01|31|11235|11235|472
8|INDIA|15|8|19622.25|0.02|15|39527|39527|142
9|INDONESIA|45|9|9955.0|0.1|45|39527|39527|142
24|UNITED STATES|64|24|49642.5|0.01|64|39527|39527|142
16|MOZAMBIQUE|31|16|8777.52|0.03|31|39527|39527|142
22|RUSSIA|42|22|30105.77|0.02|42|39527|39527|142
17|PERU|1|17|29095.64|0.06|1|44257|44257|472
9|INDONESIA|51|9|45776.96|0.01|51|44257|44257|472
16|MOZAMBIQUE|73|16|16853.07|0.05|73|44257|44257|472
18|CHINA|11|18|45559.61|0.1|11|44257|44257|472
0|ALGERIA|37|0|35534.28|0.07|37|44257|44257|472
5|ETHIOPIA|78|5|45850.5|0.05|78|44257|44257|472
16|MOZAMBIQUE|31|16|26500.8|0.02|31|44257|44257|472
17|PERU|8|17|48103.0|0.01|8|20673|20673|241
23|UNITED KINGDOM|7|23|48138.87|0.01|7|20673|20673|241
9|INDONESIA|50|9|31450.16|0.1|50|20673|20673|241
14|KENYA|48|14|58155.07|0.07|48|20673|20673|241
13|JORDAN|36|13|6506.88|0.02|36|20673|20673|241
4|EGYPT|38|4|46034.4|0.05|38|20673|20673|241
6|FRANCE|70|6|42879.87|0.02|70|37316|37316|241
12|JAPAN|43|12|39838.05|0.04|43|37316|37316|241
9|INDONESIA|45|9|37784.32|0.04|45|12038|12038|131
1|ARGENTINA|3|1|17298.75|0.04|3|12038|12038|131
22|RUSSIA|40|22|18453.63|0.02|40|20321|20321|274
21|VIETNAM|35|21|13469.31|0.01|35|20321|20321|274
15|MOROCCO|4|15|44116.54|0.06|4|20321|20321|274
16|MOZAMBIQUE|73|16|72391.5|0.07|73|21124|21124|274
14|KENYA|76|14|23705.28|0.06|76|21124|21124|274
12|JAPAN|43|12|30524.56|0.09|43|21124|21124|274
18|CHINA|41|18|72765.0|0.05|41|21124|21124|274
17|PERU|1|17|16661.36|0.03|1|26503|26503|494
19|ROMANIA|62|19|41181.02|0.02|62|26503|26503|494
24|UNITED STATES|55|24|32058.03|0.05|55|26503|26503|494
1|ARGENTINA|71|1|64565.66|0.1|71|26503|26503|494
0|ALGERIA|37|0|10111.78|0.08|37|26503|26503|494
0|ALGERIA|24|0|62949.16|0.09|24|26503|26503|494
24|UNITED STATES|64|24|5250.7|0.02|64|26503|26503|494
22|RUSSIA|42|22|56466.48|0.09|42|12896|12896|296
14|KENYA|79|14|39382.0|0.08|79|25953|25953|571
21|VIETNAM|35|21|14733.73|0.05|35|4006|4006|274
16|MOZAMBIQUE|56|16|20992.68|0.05|56|4006|4006|274
1|ARGENTINA|29|1|45222.5|0.0|29|4006|4006|274
18|CHINA|27|18|16292.7|0.01|27|4006|4006|274
18|CHINA|27|18|51256.0|0.01|27|8967|8967|362
16|MOZAMBIQUE|56|16|47284.92|0.08|56|4963|4963|263
9|INDONESIA|45|9|24057.6|0.0|45|4963|4963|263
23|UNITED KINGDOM|7|23|46662.74|0.08|7|41541|41541|263
22|RUSSIA|25|22|58886.78|0.07|25|41541|41541|263
21|VIETNAM|35|21|71355.2|0.05|35|41541|41541|263
22|RUSSIA|25|22|9586.32|0.02|25|15845|15845|472
14|KENYA|6|14|63105.08|0.0|6|21026|21026|692
16|MOZAMBIQUE|30|16|51615.2|0.1|30|21026|21026|692
19|ROMANIA|62|19|14535.9|0.06|62|40001|40001|571
9|INDONESIA|50|9|35293.44|0.04|50|40001|40001|571
8|INDIA|39|8|45392.32|0.01|39|40001|40001|571
0|ALGERIA|24|0|55855.2|0.08|24|8162|8162|571
24|UNITED STATES|64|24|15902.4|0.06|64|8162|8162|571
6|FRANCE|70|6|24674.88|0.01|70|7239|7239|230
24|UNITED STATES|64|24|43787.16|0.06|64|7239|7239|230
12|JAPAN|43|12|14430.9|0.0|43|7426|7426|373
14|KENYA|48|14|35357.2|0.01|48|8900|8900|461
9|INDONESIA|45|9|14865.95|0.1|45|8900|8900|461
14|KENYA|76|14|40002.24|0.06|76|8900|8900|461
24|UNITED STATES|10|24|38843.47|0.08|10|8900|8900|461
23|UNITED KINGDOM|32|23|37420.04|0.02|32|8900|8900|461
20|SAUDI ARABIA|74|20|42686.4|0.03|74|8900|8900|461
1|ARGENTINA|3|1|86100.71|0.05|3|8900|8900|461
9|INDONESIA|51|9|51806.12|0.0|51|4324|4324|571
9|INDONESIA|50|9|15328.44|0.04|50|4324|4324|571
22|RUSSIA|25|22|18205.6|0.02|25|4324|4324|571
3|CANADA|13|3|38450.54|0.08|13|4324|4324|571
17|PERU|57|17|34510.52|0.07|57|4324|4324|571
15|MOROCCO|4|15|57349.6|0.05|4|4324|4324|571
22|RUSSIA|16|22|21723.1|0.07|16|4324|4324|571
14|KENYA|6|14|39233.4|0.02|6|6887|6887|670
17|PERU|1|17|17008.0|0.04|1|6887|6887|670
7|GERMANY|77|7|24761.35|0.0|77|6887|6887|670
8|INDIA|15|8|12113.1|0.09|15|6887|6887|670
21|VIETNAM|68|21|12565.68|0.05|68|6887|6887|670
24|UNITED STATES|46|24|27095.64|0.04|46|6887|6887|670
0|ALGERIA|28|0|72500.56|0.02|28|6887|6887|670
16|MOZAMBIQUE|73|16|41336.64|0.0|73|4994|4994|340
4|EGYPT|22|4|8889.48|0.01|22|4994|4994|340
9|INDONESIA|50|9|72174.61|0.04|50|4994|4994|340
13|JORDAN|36|13|29551.92|0.01|36|4994|4994|340
14|KENYA|79|14|29109.93|0.07|79|4994|4994|340
16|MOZAMBIQUE|56|16|39395.05|0.08|56|4994|4994|340
4|EGYPT|67|4|48252.0|0.01|67|4994|4994|340
8|INDIA|61|8|5380.85|0.02|61|41607|41607|164
8|INDIA|60|8|11604.72|0.08|60|41607|41607|164
14|KENYA|79|14|46673.6|0.08|79|41607|41607|164
14|KENYA|76|14|56844.45|0.07|76|41607|41607|164
19|ROMANIA|17|19|26564.29|0.04|17|41607|41607|164
17|PERU|59|17|43563.73|0.07|59|2596|2596|340
22|RUSSIA|25|22|7544.1|0.05|25|2596|2596|340
13|JORDAN|36|13|17358.3|0.06|36|2596|2596|340
8|INDIA|12|8|22957.7|0.1|12|2596|2596|340
14|KENYA|47|14|51364.6|0.01|47|44547|44547|571
10|IRAN|34|10|84957.67|0.09|34|44547|44547|571
0|ALGERIA|24|0|74099.61|0.08|24|25957|25957|571
10|IRAN|34|10|44213.26|0.01|34|25957|25957|571
24|UNITED STATES|19|24|39424.05|0.09|19|25957|25957|571
18|CHINA|11|18|50626.99|0.0|11|41764|41764|241
21|VIETNAM|68|21|6852.3|0.09|68|41764|41764|241
4|EGYPT|67|4|45818.21|0.06|67|41764|41764|241
2|BRAZIL|21|2|13996.07|0.1|21|41764|41764|241
24|UNITED STATES|49|24|16313.64|0.01|49|41764|41764|241
18|CHINA|72|18|23692.99|0.0|72|22657|22657|362
8|INDIA|60|8|34922.38|0.08|60|22657|22657|362
0|ALGERIA|37|0|23416.99|0.07|37|22657|22657|362
17|PERU|57|17|36039.0|0.0|57|22657|22657|362
8|INDIA|39|8|51715.8|0.07|39|22657|22657|362
18|CHINA|27|18|30860.64|0.06|27|22657|22657|362
1|ARGENTINA|3|1|45584.0|0.02|3|22657|22657|362
21|VIETNAM|80|21|8261.89|0.06|80|42017|42017|395
13|JORDAN|36|13|44664.84|0.09|36|42017|42017|395
12|JAPAN|43|12|42562.08|0.05|43|42017|42017|395
24|UNITED STATES|64|24|11804.0|0.06|64|42017|42017|395
18|CHINA|72|18|70738.8|0.0|72|46307|46307|571
24|UNITED STATES|64|24|71259.84|0.05|64|46307|46307|571
5|ETHIOPIA|2|5|15054.93|0.04|2|46307|46307|571
17|PERU|57|17|37380.96|0.01|57|23878|23878|692
23|UNITED KINGDOM|7|23|24400.8|0.08|7|2181|2181|593
22|RUSSIA|40|22|73770.2|0.0|40|2181|2181|593
10|IRAN|9|10|37476.04|0.04|9|2181|2181|593
14|KENYA|48|14|15009.84|0.06|48|2181|2181|593
24|UNITED STATES|64|24|5297.68|0.05|64|2181|2181|593
1|ARGENTINA|71|1|89252.53|0.01|71|10821|10821|472
17|PERU|57|17|49156.14|0.05|57|10821|10821|472
24|UNITED STATES|19|24|55535.8|0.09|19|10821|10821|472
7|GERMANY|77|7|43595.12|0.02|77|24737|24737|175
10|IRAN|9|10|23945.8|0.06|9|24737|24737|175
22|RUSSIA|25|22|62717.65|0.01|25|24737|24737|175
1|ARGENTINA|29|1|85004.1|0.02|29|24737|24737|175
18|CHINA|27|18|34456.62|0.03|27|24737|24737|175
10|IRAN|34|10|26786.43|0.05|34|43558|43558|274
2|BRAZIL|21|2|47535.12|0.04|21|43558|43558|274
13|JORDAN|36|13|16097.55|0.03|36|15904|15904|373
22|RUSSIA|42|22|39718.12|0.1|42|15904|15904|373
19|ROMANIA|52|19|33159.62|0.0|52|15904|15904|373
23|UNITED KINGDOM|7|23|10994.69|0.04|7|30721|30721|296
14|KENYA|79|14|24029.04|0.05|79|30721|30721|296
3|CANADA|20|3|3381.58|0.05|20|13924|13924|263
4|EGYPT|22|4|20661.84|0.05|22|21569|21569|670
18|CHINA|27|18|16703.55|0.08|27|21569|21569|670
16|MOZAMBIQUE|73|16|31723.02|0.01|73|20931|20931|593
23|UNITED KINGDOM|66|23|23244.6|0.0|66|20931|20931|593
8|INDIA|60|8|959.05|0.03|60|20931|20931|593
24|UNITED STATES|46|24|54970.08|0.02|46|20931|20931|593
24|UNITED STATES|19|24|23911.56|0.02|19|20931|20931|593
22|RUSSIA|16|22|13154.1|0.08|16|20931|20931|593
8|INDIA|61|8|9602.4|0.03|61|13319|13319|340
20|SAUDI ARABIA|74|20|76578.96|0.06|74|13319|13319|340
18|CHINA|41|18|86541.5|0.04|41|13319|13319|340
14|KENYA|6|14|15548.61|0.08|6|7393|7393|142
11|IRAQ|5|11|68520.96|0.05|5|7393|7393|142
22|RUSSIA|40|22|5890.28|0.03|40|7393|7393|142
4|EGYPT|69|4|59107.3|0.06|69|7393|7393|142
21|VIETNAM|35|21|36888.94|0.0|35|7393|7393|142
4|EGYPT|69|4|60454.8|0.02|69|41025|41025|142
9|INDONESIA|45|9|28490.4|0.04|45|41025|41025|142
18|CHINA|41|18|8850.52|0.05|41|41025|41025|142
23|UNITED KINGDOM|7|23|25467.4|0.06|7|24899|24899|571
13|JORDAN|36|13|53865.38|0.06|36|24899|24899|571
13|JORDAN|36|13|46535.85|0.02|36|24899|24899|571
24|UNITED STATES|46|24|55286.04|0.05|46|24899|24899|571
24|UNITED STATES|10|24|22010.94|0.09|10|24899|24899|571
7|GERMANY|77|7|45003.47|0.03|77|36999|36999|692
7|GERMANY|44|7|44431.36|0.06|44|36999|36999|692
21|VIETNAM|68|21|25716.08|0.09|68|16803|16803|472
9|INDONESIA|45|9|43328.58|0.08|45|16803|16803|472
19|ROMANIA|62|19|11989.08|0.03|62|19938|19938|263
7|GERMANY|44|7|44812.02|0.07|44|19938|19938|263
0|ALGERIA|37|0|20470.14|0.07|37|19938|19938|263
4|EGYPT|67|4|52451.04|0.01|67|19938|19938|263
5|ETHIOPIA|78|5|30752.6|0.08|78|19938|19938|263
19|ROMANIA|52|19|71825.85|0.04|52|19938|19938|263
19|ROMANIA|52|19|74620.96|0.1|52|19938|19938|263
23|UNITED KINGDOM|7|23|5874.24|0.08|7|20004|20004|274
14|KENYA|48|14|31155.54|0.03|48|20004|20004|274
22|RUSSIA|25|22|84830.3|0.01|25|20004|20004|274
1|ARGENTINA|29|1|49789.39|0.02|29|20004|20004|274
19|ROMANIA|17|19|39775.86|0.08|17|20004|20004|274
21|VIETNAM|68|21|23829.96|0.06|68|32545|32545|593
8|INDIA|60|8|19754.93|0.07|60|13317|13317|692
4|EGYPT|67|4|40985.12|0.06|67|13317|13317|692
14|KENYA|6|14|47406.25|0.0|6|4770|4770|472
11|IRAQ|5|11|34507.2|0.09|5|4770|4770|472
17|PERU|8|17|40440.21|0.1|8|20967|20967|241
23|UNITED KINGDOM|7|23|1812.0|0.01|7|20967|20967|241
3|CANADA|13|3|56189.1|0.01|13|20967|20967|241
0|ALGERIA|24|0|83371.89|0.1|24|20967|20967|241
4|EGYPT|67|4|37029.69|0.03|67|20967|20967|241
15|MOROCCO|4|15|87980.64|0.02|4|20967|20967|241
22|RUSSIA|42|22|3001.2|0.06|42|20967|20967|241
21|VIETNAM|26|21|25586.08|0.01|26|30502|30502|197
16|MOZAMBIQUE|73|16|1772.87|0.04|73|8673|8673|890
4|EGYPT|22|4|44048.4|0.06|22|8673|8673|890
9|INDONESIA|45|9|54792.29|0.02|45|8673|8673|890
23|UNITED KINGDOM|32|23|54999.04|0.08|32|8673|8673|890
16|MOZAMBIQUE|31|16|4477.77|0.08|31|8673|8673|890
11|IRAQ|5|11|36443.9|0.04|5|21317|21317|670
11|IRAQ|5|11|51261.99|0.05|5|21317|21317|670
10|IRAN|9|10|64914.3|0.05|9|21317|21317|670
21|VIETNAM|26|21|42060.46|0.03|26|21317|21317|670
8|INDIA|39|8|29619.98|0.04|39|21317|21317|670
4|EGYPT|22|4|10190.07|0.1|22|41954|41954|164
21|VIETNAM|35|21|31437.41|0.01|35|41954|41954|164
3|CANADA|13|3|6000.54|0.07|13|41954|41954|164
8|INDIA|12|8|1682.78|0.01|12|41954|41954|164
2|BRAZIL|21|2|44271.75|0.08|21|41954|41954|164
12|JAPAN|43|12|16353.92|0.01|43|41954|41954|164
14|KENYA|79|14|58766.45|0.03|79|20867|20867|274
16|MOZAMBIQUE|30|16|24666.24|0.07|30|20867|20867|274
8|INDIA|39|8|23785.6|0.05|39|24805|24805|472
22|RUSSIA|16|22|61856.79|0.01|16|24805|24805|472
18|CHINA|11|18|31083.35|0.01|11|30437|30437|175
6|FRANCE|70|6|52255.8|0.1|70|30437|30437|175
14|KENYA|79|14|14940.12|0.08|79|30437|30437|175
16|MOZAMBIQUE|31|16|4192.56|0.02|31|30437|30437|175
17|PERU|1|17|6012.6|0.09|1|9697|9697|131
3|CANADA|13|3|61570.94|0.05|13|9697|9697|131
16|MOZAMBIQUE|56|16|35191.17|0.08|56|9697|9697|131
22|RUSSIA|42|22|50793.6|0.07|42|9697|9697|131
7|GERMANY|53|7|20618.42|0.04|53|9697|9697|131
16|MOZAMBIQUE|31|16|7512.24|0.1|31|9697|9697|131
17|PERU|8|17|6629.28|0.04|8|7332|7332|373
7|GERMANY|77|7|92197.0|0.0|77|7332|7332|373
24|UNITED STATES|46|24|19508.96|0.1|46|7332|7332|373
22|RUSSIA|65|22|22532.14|0.07|65|7332|7332|373
12|JAPAN|54|12|1539.63|0.08|54|7332|7332|373
16|MOZAMBIQUE|73|16|46670.05|0.07|73|19363|19363|274
7|GERMANY|33|7|3757.05|0.01|33|19363|19363|274
4|EGYPT|69|4|3712.08|0.06|69|19363|19363|274
13|JORDAN|36|13|30876.12|0.0|36|19363|19363|274
15|MOROCCO|14|15|61815.36|0.08|14|19363|19363|274
0|ALGERIA|24|0|31311.8|0.0|24|19363|19363|274
12|JAPAN|43|12|52555.87|0.07|43|19363|19363|274
19|ROMANIA|17|19|31714.08|0.0|17|14919|14919|670
6|FRANCE|70|6|21511.12|0.01|70|6246|6246|571
0|ALGERIA|24|0|12493.68|0.02|24|6246|6246|571
1|ARGENTINA|29|1|78041.81|0.0|29|6246|6246|571
17|PERU|8|17|34156.0|0.07|8|1186|1186|472
21|VIETNAM|68|21|17926.92|0.07|68|1186|1186|472
2|BRAZIL|21|2|25760.56|0.08|21|1186|1186|472
24|UNITED STATES|49|24|47218.68|0.06|49|1186|1186|472
8|INDIA|61|8|22956.99|0.02|61|1671|1671|274
15|MOROCCO|14|15|20789.78|0.06|14|1671|1671|274
24|UNITED STATES|10|24|67692.22|0.08|10|1671|1671|274
12|JAPAN|54|12|10968.12|0.07|54|1671|1671|274
12|JAPAN|54|12|6602.05|0.0|54|1671|1671|274
24|UNITED STATES|49|24|6647.04|0.05|49|1671|1671|274
14|KENYA|6|14|32814.98|0.0|6|65|65|131
7|GERMANY|33|7|19152.21|0.09|33|65|65|131
24|UNITED STATES|49|24|35840.22|0.03|49|65|65|131
4|EGYPT|69|4|22763.88|0.06|69|6247|6247|373
24|UNITED STATES|46|24|38682.0|0.07|46|40935|40935|571
22|RUSSIA|65|22|40993.42|0.1|65|40935|40935|571
4|EGYPT|38|4|1628.72|0.03|38|40935|40935|571
14|KENYA|6|14|43078.2|0.04|6|22181|22181|472
19|ROMANIA|62|19|41056.74|0.01|62|22181|22181|472
24|UNITED STATES|19|24|65446.08|0.08|19|22181|22181|472
5|ETHIOPIA|2|5|47038.32|0.06|2|22181|22181|472
7|GERMANY|77|7|57036.06|0.08|77|25250|25250|263
18|CHINA|11|18|39482.84|0.02|11|18662|18662|670
13|JORDAN|36|13|21123.0|0.03|36|12293|12293|263
21|VIETNAM|68|21|34953.52|0.04|68|12293|12293|263
4|EGYPT|38|4|55559.2|0.1|38|12293|12293|263
23|UNITED KINGDOM|7|23|25756.08|0.08|7|42181|42181|230
23|UNITED KINGDOM|7|23|30869.28|0.08|7|42181|42181|230
0|ALGERIA|37|0|12004.72|0.05|37|42181|42181|230
4|EGYPT|67|4|22101.38|0.07|67|42181|42181|230
5|ETHIOPIA|2|5|41397.47|0.0|2|42181|42181|230
12|JAPAN|43|12|57513.72|0.03|43|39013|39013|395
19|ROMANIA|52|19|48100.08|0.01|52|39013|39013|395
8|INDIA|61|8|44848.0|0.05|61|37573|37573|670
10|IRAN|9|10|32467.2|0.05|9|37573|37573|670
3|CANADA|13|3|36163.5|0.02|13|37573|37573|670
21|VIETNAM|68|21|58913.5|0.03|68|37573|37573|670
16|MOZAMBIQUE|56|16|48562.5|0.03|56|37573|37573|670
5|ETHIOPIA|63|5|14079.24|0.09|63|37573|37573|670
18|CHINA|11|18|10670.77|0.02|11|16288|16288|175
24|UNITED STATES|55|24|27329.9|0.05|55|16288|16288|175
7|GERMANY|44|7|64284.54|0.1|44|16288|16288|175
18|CHINA|75|18|32359.75|0.04|75|16288|16288|175
18|CHINA|41|18|51064.94|0.01|41|16288|16288|175
7|GERMANY|77|7|56908.42|0.01|77|25188|25188|692
10|IRAN|9|10|40765.72|0.08|9|25188|25188|692
23|UNITED KINGDOM|32|23|65877.12|0.08|32|25188|25188|692
8|INDIA|60|8|48372.87|0.06|60|29665|29665|373
3|CANADA|13|3|27630.6|0.02|13|29665|29665|373
4|EGYPT|67|4|40167.5|0.0|67|29665|29665|373
16|MOZAMBIQUE|31|16|11555.25|0.08|31|29665|29665|373
17|PERU|8|17|77151.06|0.06|8|47650|47650|296
24|UNITED STATES|55|24|36350.64|0.06|55|47650|47650|296
8|INDIA|60|8|65145.08|0.04|60|47650|47650|296
21|VIETNAM|26|21|27929.13|0.01|26|47650|47650|296
14|KENYA|76|14|10098.88|0.09|76|47650|47650|296
4|EGYPT|38|4|13222.43|0.05|38|25892|25892|670
8|INDIA|61|8|32795.7|0.0|61|38432|38432|274
15|MOROCCO|4|15|8402.1|0.05|4|38432|38432|274
16|MOZAMBIQUE|31|16|47781.43|0.09|31|38432|38432|274
6|FRANCE|70|6|6446.9|0.04|70|13286|13286|890
0|ALGERIA|37|0|3630.93|0.09|37|13286|13286|890
5|ETHIOPIA|2|5|1157.25|0.0|2|13286|13286|890
1|ARGENTINA|3|1|64883.46|0.1|3|13286|13286|890
16|MOZAMBIQUE|73|16|14009.85|0.04|73|19458|19458|142
0|ALGERIA|24|0|52751.44|0.0|24|19458|19458|142
9|INDONESIA|45|9|43446.54|0.03|45|19458|19458|142
4|EGYPT|67|4|33780.0|0.06|67|19458|19458|142
16|MOZAMBIQUE|18|16|14250.47|0.03|18|19458|19458|142
24|UNITED STATES|10|24|26601.12|0.09|10|19458|19458|142
17|PERU|8|17|15122.38|0.04|8|29699|29699|670
17|PERU|1|17|33446.49|0.02|1|29699|29699|670
4|EGYPT|22|4|17929.35|0.04|22|29699|29699|670
14|KENYA|48|14|29106.5|0.03|48|29699|29699|670
16|MOZAMBIQUE|56|16|77257.4|0.08|56|29699|29699|670
8|INDIA|12|8|42818.25|0.01|12|29699|29699|670
4|EGYPT|69|4|75273.13|0.07|69|21031|21031|274
14|KENYA|79|14|1972.16|0.02|79|21031|21031|274
16|MOZAMBIQUE|30|16|1047.14|0.09|30|41381|41381|263
8|INDIA|12|8|54385.11|0.02|12|17764|17764|373
13|JORDAN|36|13|5990.36|0.02|36|17863|17863|164
2|BRAZIL|21|2|11881.98|0.1|21|39105|39105|197
23|UNITED KINGDOM|32|23|31913.8|0.07|32|39105|39105|197
16|MOZAMBIQUE|30|16|28340.21|0.01|30|23683|23683|373
14|KENYA|47|14|13066.3|0.0|47|24772|24772|560
8|INDIA|61|8|57423.49|0.02|61|24036|24036|791
17|PERU|59|17|34777.5|0.09|59|24036|24036|791
0|ALGERIA|24|0|88693.5|0.03|24|24036|24036|791
21|VIETNAM|35|21|3042.33|0.05|35|24036|24036|791
5|ETHIOPIA|63|5|4333.62|0.08|63|24036|24036|791
23|UNITED KINGDOM|32|23|34178.91|0.02|32|9093|9093|494
4|EGYPT|22|4|40286.08|0.1|22|40294|40294|692
4|EGYPT|22|4|48958.14|0.02|22|18855|18855|230
8|INDIA|60|8|51823.08|0.09|60|1|1|296
10|IRAN|9|10|32835.84|0.07|9|1|1|296
5|ETHIOPIA|78|5|19435.08|0.04|78|1|1|296
8|INDIA|39|8|25704.28|0.09|39|1|1|296
3|CANADA|20|3|26236.56|0.1|20|1|1|296
16|MOZAMBIQUE|31|16|11284.08|0.1|31|1|1|296
8|INDIA|60|8|20469.92|0.06|60|35334|35334|274
23|UNITED KINGDOM|32|23|42956.2|0.08|32|35334|35334|274
9|INDONESIA|51|9|52476.49|0.1|51|27238|27238|241
14|KENYA|79|14|18589.5|0.05|79|27238|27238|241
5|ETHIOPIA|78|5|48022.07|0.1|78|27238|27238|241
18|CHINA|75|18|67944.48|0.07|75|27238|27238|241
18|CHINA|11|18|22311.61|0.02|11|42055|42055|560
7|GERMANY|44|7|84729.24|0.06|44|42055|42055|560
16|MOZAMBIQUE|30|16|51428.35|0.03|30|42055|42055|560
17|PERU|1|17|7658.22|0.03|1|24037|24037|340
0|ALGERIA|24|0|9370.26|0.02|24|24037|24037|340
4|EGYPT|67|4|39570.84|0.06|67|24037|24037|340
24|UNITED STATES|10|24|8649.1|0.03|10|24037|24037|340
18|CHINA|75|18|5365.76|0.1|75|24037|24037|340
16|MOZAMBIQUE|30|16|7495.88|0.03|30|24037|24037|340
22|RUSSIA|16|22|60498.37|0.03|16|6080|6080|340
