14|KENYA|6|14|40114.66|0.09|6|9859|9859|380|380|21
1|ARGENTINA|71|1|31924.8|0.03|71|9859|9859|380|380|21
16|MOZAMBIQUE|58|16|65289.07|0.0|58|9859|9859|380|380|21
18|CHINA|75|18|35497.4|0.04|75|9859|9859|380|380|21
18|CHINA|41|18|64619.5|0.02|41|9859|9859|380|380|21
14|KENYA|47|14|51622.12|0.05|47|13957|13957|380|380|21
0|ALGERIA|24|0|73758.24|0.09|24|13957|13957|380|380|21
24|UNITED STATES|49|24|37288.32|0.07|49|13957|13957|380|380|21
18|CHINA|72|18|23881.83|0.05|72|47265|47265|380|380|21
21|VIETNAM|26|21|56300.0|0.05|26|47265|47265|380|380|21
1|ARGENTINA|29|1|21773.25|0.0|29|47265|47265|380|380|21
22|RUSSIA|16|22|9495.15|0.0|16|47265|47265|380|380|21
23|UNITED KINGDOM|66|23|3051.24|0.09|66|450|450|380|380|21
14|KENYA|47|14|54058.0|0.05|47|450|450|380|380|21
16|MOZAMBIQUE|58|16|37066.26|0.08|58|450|450|380|380|21
24|UNITED STATES|10|24|33348.48|0.06|10|450|450|380|380|21
22|RUSSIA|42|22|50160.18|0.03|42|450|450|380|380|21
19|ROMANIA|52|19|8759.25|0.03|52|450|450|380|380|21
24|UNITED STATES|55|24|53368.32|0.06|55|30566|30566|178|178|21
14|KENYA|48|14|9810.5|0.08|48|30566|30566|178|178|21
4|EGYPT|38|4|13093.08|0.01|38|30566|30566|178|178|21
1|ARGENTINA|3|1|13192.19|0.03|3|30566|30566|178|178|21
0|ALGERIA|37|0|77776.59|0.04|37|6592|6592|178|178|21
21|VIETNAM|68|21|84857.28|0.03|68|6592|6592|178|178|21
8|INDIA|39|8|25510.03|0.03|39|6592|6592|178|178|21
4|EGYPT|38|4|46493.64|0.02|38|6592|6592|178|178|21
3|CANADA|20|3|3742.02|0.01|20|6592|6592|178|178|21
9|INDONESIA|51|9|59707.39|0.03|51|32965|32965|178|178|21
7|GERMANY|77|7|7608.4|0.01|77|32965|32965|178|178|21
8|INDIA|61|8|55400.34|0.02|61|32965|32965|178|178|21
3|CANADA|13|3|81734.4|0.09|13|32965|32965|178|178|21
15|MOROCCO|4|15|25407.2|0.09|4|32965|32965|178|178|21
24|UNITED STATES|49|24|41351.47|0.04|49|32965|32965|178|178|21
20|SAUDI ARABIA|74|20|35014.08|0.05|74|32965|32965|178|178|21
8|INDIA|15|8|20675.42|0.03|15|36549|36549|178|178|21
0|ALGERIA|28|0|45149.28|0.1|28|36549|36549|178|178|21
23|UNITED KINGDOM|7|23|3355.54|0.04|7|9666|9666|178|178|21
11|IRAQ|5|11|12445.56|0.03|5|9666|9666|178|178|21
9|INDONESIA|50|9|61021.66|0.07|50|9666|9666|178|178|21
17|PERU|57|17|8713.44|0.09|57|9666|9666|178|178|21
8|INDIA|39|8|67231.76|0.03|39|9666|9666|178|178|21
24|UNITED STATES|49|24|53400.32|0.0|49|9666|9666|178|178|21
4|EGYPT|22|4|11541.42|0.0|22|18242|18242|178|178|21
17|PERU|8|17|51072.12|0.04|8|18564|18564|178|178|21
9|INDONESIA|50|9|49168.58|0.07|50|18564|18564|178|178|21
18|CHINA|72|18|13714.7|0.01|72|18564|18564|178|178|21
7|GERMANY|53|7|54346.11|0.01|53|18564|18564|178|178|21
23|UNITED KINGDOM|66|23|55443.34|0.08|66|43463|43463|178|178|21
1|ARGENTINA|71|1|22347.36|0.06|71|43463|43463|178|178|21
8|INDIA|60|8|44134.41|0.09|60|43463|43463|178|178|21
0|ALGERIA|37|0|83938.5|0.01|37|43463|43463|178|178|21
16|MOZAMBIQUE|58|16|25499.04|0.08|58|43463|43463|178|178|21
24|UNITED STATES|46|24|28992.0|0.07|46|43463|43463|178|178|21
8|INDIA|12|8|40896.9|0.05|12|43463|43463|178|178|21
8|INDIA|61|8|4868.16|0.09|61|43617|43617|256|256|10
3|CANADA|13|3|36735.93|0.1|13|43617|43617|256|256|10
8|INDIA|39|8|57697.2|0.01|39|43617|43617|256|256|10
22|RUSSIA|16|22|29907.25|0.0|16|43617|43617|256|256|10
16|MOZAMBIQUE|31|16|3751.05|0.08|31|43617|43617|256|256|10
22|RUSSIA|42|22|56909.16|0.02|42|43617|43617|256|256|10
16|MOZAMBIQUE|31|16|14999.76|0.04|31|43617|43617|256|256|10
9|INDONESIA|51|9|36463.75|0.01|51|44195|44195|256|256|10
8|INDIA|61|8|86282.14|0.1|61|44195|44195|256|256|10
16|MOZAMBIQUE|58|16|4324.62|0.01|58|44195|44195|256|256|10
9|INDONESIA|45|9|29768.16|0.05|45|44195|44195|256|256|10
0|ALGERIA|37|0|77867.25|0.1|37|26146|26146|256|256|10
8|INDIA|39|8|24040.5|0.07|39|26146|26146|256|256|10
4|EGYPT|69|4|39487.7|0.03|69|10791|10791|256|256|10
22|RUSSIA|25|22|37829.02|0.09|25|10791|10791|256|256|10
17|PERU|57|17|9258.0|0.1|57|10791|10791|256|256|10
22|RUSSIA|65|22|31065.36|0.07|65|10791|10791|256|256|10
24|UNITED STATES|64|24|73237.2|0.06|64|10791|10791|256|256|10
9|INDONESIA|23|9|43805.58|0.05|23|5856|5856|289|289|10
22|RUSSIA|40|22|12652.64|0.02|40|41991|41991|289|289|10
16|MOZAMBIQUE|73|16|4284.68|0.0|73|41991|41991|289|289|10
23|UNITED KINGDOM|66|23|64699.0|0.1|66|41991|41991|289|289|10
6|FRANCE|70|6|27254.5|0.01|70|41991|41991|289|289|10
15|MOROCCO|14|15|78835.26|0.03|14|41991|41991|289|289|10
18|CHINA|27|18|43426.2|0.1|27|41991|41991|289|289|10
18|CHINA|72|18|31674.44|0.04|72|10278|10278|289|289|10
14|KENYA|79|14|20014.05|0.05|79|10278|10278|289|289|10
5|ETHIOPIA|78|5|45506.62|0.07|78|10278|10278|289|289|10
1|ARGENTINA|29|1|49769.28|0.1|29|10278|10278|289|289|10
0|ALGERIA|24|0|51162.86|0.02|24|12832|12832|289|289|10
0|ALGERIA|28|0|5615.91|0.06|28|15586|15586|289|289|10
17|PERU|1|17|55260.0|0.08|1|4933|4933|740|740|10
16|MOZAMBIQUE|73|16|3113.3|0.09|73|4933|4933|740|740|10
4|EGYPT|69|4|60930.33|0.02|69|20101|20101|740|740|10
15|MOROCCO|4|15|89194.0|0.01|4|44709|44709|740|740|10
18|CHINA|72|18|9646.2|0.06|72|15301|15301|740|740|10
8|INDIA|15|8|16850.4|0.09|15|15301|15301|740|740|10
3|CANADA|20|3|43727.6|0.09|20|15301|15301|740|740|10
21|VIETNAM|35|21|17935.08|0.1|35|23971|23971|740|740|10
2|BRAZIL|21|2|28190.36|0.08|21|23971|23971|740|740|10
10|IRAN|9|10|13217.04|0.02|9|13569|13569|671|671|21
4|EGYPT|69|4|32507.64|0.05|69|13569|13569|671|671|21
15|MOROCCO|14|15|12782.14|0.03|14|13569|13569|671|671|21
24|UNITED STATES|46|24|23530.0|0.05|46|13569|13569|671|671|21
10|IRAN|34|10|45078.64|0.04|34|13569|13569|671|671|21
1|ARGENTINA|29|1|21157.65|0.08|29|13569|13569|671|671|21
18|CHINA|27|18|20798.12|0.06|27|13569|13569|671|671|21
8|INDIA|61|8|42320.92|0.06|61|40517|40517|671|671|21
24|UNITED STATES|49|24|28105.5|0.03|49|40517|40517|671|671|21
19|ROMANIA|62|19|61506.24|0.03|62|36640|36640|671|671|21
14|KENYA|47|14|57436.65|0.02|47|36640|36640|671|671|21
24|UNITED STATES|64|24|40559.03|0.01|64|36640|36640|671|671|21
22|RUSSIA|42|22|21938.4|0.01|42|36640|36640|671|671|21
4|EGYPT|22|4|33875.64|0.09|22|21443|21443|110|110|10
10|IRAN|9|10|26382.75|0.06|9|21443|21443|110|110|10
19|ROMANIA|17|19|23984.18|0.07|17|21443|21443|110|110|10
22|RUSSIA|16|22|13070.16|0.09|16|21443|21443|110|110|10
16|MOZAMBIQUE|73|16|10263.33|0.04|73|47748|47748|110|110|10
19|ROMANIA|62|19|43469.54|0.07|62|47748|47748|110|110|10
8|INDIA|60|8|25458.51|0.04|60|47748|47748|110|110|10
24|UNITED STATES|19|24|38111.1|0.03|19|47748|47748|110|110|10
22|RUSSIA|16|22|41580.9|0.02|16|47748|47748|110|110|10
24|UNITED STATES|49|24|12060.8|0.04|49|47748|47748|110|110|10
20|SAUDI ARABIA|74|20|28842.87|0.02|74|47748|47748|110|110|10
19|ROMANIA|62|19|12988.17|0.09|62|35364|35364|110|110|10
18|CHINA|11|18|30958.25|0.0|11|35364|35364|110|110|10
8|INDIA|61|8|57658.04|0.0|61|35364|35364|110|110|10
4|EGYPT|67|4|32227.2|0.05|67|35364|35364|110|110|10
0|ALGERIA|28|0|22461.66|0.0|28|35364|35364|110|110|10
14|KENYA|79|14|20305.34|0.08|79|10656|10656|298|298|21
9|INDONESIA|23|9|69869.26|0.05|23|10656|10656|298|298|21
5|ETHIOPIA|63|5|1156.25|0.0|63|10656|10656|298|298|21
17|PERU|57|17|59583.2|0.02|57|9126|9126|298|298|21
8|INDIA|39|8|38316.88|0.05|39|9126|9126|298|298|21
5|ETHIOPIA|2|5|1268.36|0.04|2|46087|46087|298|298|21
7|GERMANY|44|7|66905.44|0.1|44|24960|24960|298|298|21
4|EGYPT|22|4|17766.96|0.05|22|24960|24960|298|298|21
18|CHINA|72|18|5910.28|0.04|72|24960|24960|298|298|21
0|ALGERIA|37|0|41969.25|0.04|37|24960|24960|298|298|21
21|VIETNAM|26|21|69024.0|0.07|26|24960|24960|298|298|21
4|EGYPT|69|4|57767.92|0.0|69|24960|24960|298|298|21
12|JAPAN|54|12|16683.94|0.06|54|24960|24960|298|298|21
5|ETHIOPIA|78|5|38743.74|0.05|78|36259|36259|353|353|10
19|ROMANIA|62|19|12123.1|0.01|62|10407|10407|353|353|10
1|ARGENTINA|29|1|2132.32|0.04|29|10407|10407|353|353|10
24|UNITED STATES|49|24|10487.34|0.1|49|10407|10407|353|353|10
24|UNITED STATES|49|24|17688.6|0.06|49|10407|10407|353|353|10
19|ROMANIA|52|19|14968.08|0.06|52|10407|10407|353|353|10
5|ETHIOPIA|2|5|36978.8|0.0|2|10407|10407|353|353|10
14|KENYA|6|14|1385.48|0.07|6|21927|21927|353|353|10
7|GERMANY|44|7|23161.44|0.06|44|21927|21927|353|353|10
8|INDIA|61|8|57811.25|0.08|61|21927|21927|353|353|10
6|FRANCE|70|6|66863.3|0.04|70|21927|21927|353|353|10
24|UNITED STATES|19|24|60158.35|0.08|19|21927|21927|353|353|10
16|MOZAMBIQUE|18|16|42166.35|0.07|18|21927|21927|353|353|10
18|CHINA|27|18|48919.65|0.05|27|17220|17220|353|353|10
7|GERMANY|44|7|5586.05|0.07|44|37186|37186|353|353|10
7|GERMANY|44|7|48100.8|0.01|44|37186|37186|353|353|10
15|MOROCCO|14|15|38364.82|0.07|14|37186|37186|353|353|10
0|ALGERIA|28|0|22542.3|0.06|28|37186|37186|353|353|10
24|UNITED STATES|55|24|48212.0|0.08|55|45443|45443|353|353|10
16|MOZAMBIQUE|58|16|51403.44|0.08|58|45443|45443|353|353|10
16|MOZAMBIQUE|73|16|51139.04|0.05|73|23235|23235|166|166|10
7|GERMANY|33|7|8999.45|0.01|33|23235|23235|166|166|10
4|EGYPT|22|4|28480.75|0.03|22|23235|23235|166|166|10
8|INDIA|15|8|30166.5|0.0|15|23235|23235|166|166|10
1|ARGENTINA|29|1|4935.4|0.03|29|23235|23235|166|166|10
12|JAPAN|43|12|41975.55|0.05|43|23235|23235|166|166|10
8|INDIA|39|8|44090.76|0.07|39|23235|23235|166|166|10
9|INDONESIA|50|9|58302.0|0.08|50|42144|42144|166|166|10
11|IRAQ|5|11|58274.16|0.01|5|5092|5092|166|166|10
8|INDIA|15|8|13209.43|0.06|15|5092|5092|166|166|10
21|VIETNAM|68|21|58413.0|0.1|68|5092|5092|166|166|10
3|CANADA|13|3|14546.62|0.03|13|5092|5092|166|166|10
16|MOZAMBIQUE|18|16|36189.0|0.06|18|5092|5092|166|166|10
18|CHINA|75|18|18696.02|0.04|75|5092|5092|166|166|10
16|MOZAMBIQUE|31|16|42783.9|0.04|31|5092|5092|166|166|10
7|GERMANY|33|7|45975.6|0.09|33|32962|32962|166|166|10
16|MOZAMBIQUE|31|16|16727.7|0.0|31|32962|32962|166|166|10
14|KENYA|79|14|54040.35|0.06|79|16673|16673|166|166|10
17|PERU|8|17|48103.0|0.05|8|15107|15107|991|991|21
17|PERU|1|17|54784.8|0.04|1|15107|15107|991|991|21
7|GERMANY|77|7|50705.5|0.07|77|15107|15107|991|991|21
4|EGYPT|38|4|42919.5|0.09|38|15107|15107|991|991|21
20|SAUDI ARABIA|74|20|21092.4|0.07|74|15107|15107|991|991|21
8|INDIA|39|8|5628.18|0.0|39|548|548|991|991|21
5|ETHIOPIA|63|5|18942.0|0.03|63|548|548|991|991|21
0|ALGERIA|28|0|26137.62|0.01|28|47812|47812|991|991|21
22|RUSSIA|25|22|30752.6|0.07|25|11909|11909|694|694|10
3|CANADA|20|3|9402.16|0.07|20|11909|11909|694|694|10
24|UNITED STATES|55|24|6411.9|0.04|55|12899|12899|694|694|10
3|CANADA|13|3|20938.68|0.1|13|12899|12899|694|694|10
16|MOZAMBIQUE|30|16|10153.78|0.03|30|12899|12899|694|694|10
17|PERU|1|17|45552.64|0.0|1|22727|22727|694|694|10
23|UNITED KINGDOM|32|23|25799.37|0.04|32|22727|22727|694|694|10
13|JORDAN|36|13|26835.38|0.03|36|4262|4262|694|694|10
14|KENYA|47|14|8333.8|0.02|47|4262|4262|694|694|10
24|UNITED STATES|46|24|45168.0|0.01|46|4262|4262|694|694|10
24|UNITED STATES|46|24|5951.4|0.08|46|4262|4262|694|694|10
4|EGYPT|67|4|48268.07|0.03|67|4262|4262|694|694|10
1|ARGENTINA|29|1|66941.1|0.02|29|4262|4262|694|694|10
19|ROMANIA|52|19|47426.12|0.06|52|4262|4262|694|694|10
7|GERMANY|33|7|20626.27|0.07|33|30692|30692|694|694|10
1|ARGENTINA|71|1|63696.85|0.1|71|30692|30692|694|694|10
17|PERU|59|17|2318.5|0.01|59|30692|30692|694|694|10
1|ARGENTINA|3|1|47665.3|0.1|3|30692|30692|694|694|10
7|GERMANY|44|7|25950.34|0.08|44|10689|10689|163|163|21
1|ARGENTINA|71|1|43758.41|0.06|71|10689|10689|163|163|21
12|JAPAN|43|12|13379.41|0.09|43|10689|10689|163|163|21
13|JORDAN|36|13|15280.8|0.09|36|22149|22149|163|163|21
17|PERU|57|17|57010.18|0.02|57|22149|22149|163|163|21
12|JAPAN|54|12|48388.06|0.0|54|22149|22149|163|163|21
6|FRANCE|70|6|41537.76|0.0|70|7493|7493|163|163|21
10|IRAN|34|10|15548.61|0.02|34|7493|7493|163|163|21
17|PERU|8|17|58274.16|0.0|8|15297|15297|163|163|21
1|ARGENTINA|71|1|42714.87|0.01|71|15297|15297|163|163|21
10|IRAN|9|10|5025.5|0.1|9|15297|15297|163|163|21
9|INDONESIA|23|9|3797.98|0.05|23|15297|15297|163|163|21
3|CANADA|20|3|64808.64|0.03|20|15297|15297|163|163|21
23|UNITED KINGDOM|7|23|27491.67|0.01|7|35077|35077|163|163|21
21|VIETNAM|68|21|36014.4|0.04|68|35077|35077|163|163|21
18|CHINA|75|18|72827.5|0.04|75|35077|35077|163|163|21
13|JORDAN|36|13|10715.44|0.1|36|17159|17159|163|163|21
4|EGYPT|38|4|13784.7|0.05|38|17159|17159|163|163|21
24|UNITED STATES|49|24|54090.08|0.1|49|17159|17159|163|163|21
16|MOZAMBIQUE|30|16|19325.09|0.03|30|17159|17159|163|163|21
0|ALGERIA|24|0|15412.56|0.01|24|28900|28900|461|461|21
12|JAPAN|43|12|37884.0|0.06|43|28900|28900|461|461|21
22|RUSSIA|65|22|28105.5|0.03|65|28900|28900|461|461|21
22|RUSSIA|16|22|16277.4|0.07|16|28900|28900|461|461|21
1|ARGENTINA|3|1|43902.25|0.0|3|28900|28900|461|461|21
14|KENYA|48|14|35357.2|0.01|48|8900|8900|461|461|21
9|INDONESIA|45|9|14865.95|0.1|45|8900|8900|461|461|21
14|KENYA|76|14|40002.24|0.06|76|8900|8900|461|461|21
24|UNITED STATES|10|24|38843.47|0.08|10|8900|8900|461|461|21
23|UNITED KINGDOM|32|23|37420.04|0.02|32|8900|8900|461|461|21
20|SAUDI ARABIA|74|20|42686.4|0.03|74|8900|8900|461|461|21
1|ARGENTINA|3|1|86100.71|0.05|3|8900|8900|461|461|21
5|ETHIOPIA|2|5|48126.03|0.01|2|9095|9095|175|175|10
7|GERMANY|77|7|43595.12|0.02|77|24737|24737|175|175|10
10|IRAN|9|10|23945.8|0.06|9|24737|24737|175|175|10
22|RUSSIA|25|22|62717.65|0.01|25|24737|24737|175|175|10
1|ARGENTINA|29|1|85004.1|0.02|29|24737|24737|175|175|10
18|CHINA|27|18|34456.62|0.03|27|24737|24737|175|175|10
18|CHINA|11|18|31083.35|0.01|11|30437|30437|175|175|10
6|FRANCE|70|6|52255.8|0.1|70|30437|30437|175|175|10
14|KENYA|79|14|14940.12|0.08|79|30437|30437|175|175|10
16|MOZAMBIQUE|31|16|4192.56|0.02|31|30437|30437|175|175|10
18|CHINA|11|18|10670.77|0.02|11|16288|16288|175|175|10
24|UNITED STATES|55|24|27329.9|0.05|55|16288|16288|175|175|10
7|GERMANY|44|7|64284.54|0.1|44|16288|16288|175|175|10
18|CHINA|75|18|32359.75|0.04|75|16288|16288|175|175|10
18|CHINA|41|18|51064.94|0.01|41|16288|16288|175|175|10
17|PERU|1|17|16661.36|0.03|1|26503|26503|494|494|10
19|ROMANIA|62|19|41181.02|0.02|62|26503|26503|494|494|10
24|UNITED STATES|55|24|32058.03|0.05|55|26503|26503|494|494|10
1|ARGENTINA|71|1|64565.66|0.1|71|26503|26503|494|494|10
0|ALGERIA|37|0|10111.78|0.08|37|26503|26503|494|494|10
0|ALGERIA|24|0|62949.16|0.09|24|26503|26503|494|494|10
24|UNITED STATES|64|24|5250.7|0.02|64|26503|26503|494|494|10
23|UNITED KINGDOM|32|23|34178.91|0.02|32|9093|9093|494|494|10
6|FRANCE|70|6|24674.88|0.01|70|7239|7239|230|230|21
24|UNITED STATES|64|24|43787.16|0.06|64|7239|7239|230|230|21
23|UNITED KINGDOM|7|23|25756.08|0.08|7|42181|42181|230|230|21
23|UNITED KINGDOM|7|23|30869.28|0.08|7|42181|42181|230|230|21
0|ALGERIA|37|0|12004.72|0.05|37|42181|42181|230|230|21
4|EGYPT|67|4|22101.38|0.07|67|42181|42181|230|230|21
5|ETHIOPIA|2|5|41397.47|0.0|2|42181|42181|230|230|21
4|EGYPT|22|4|48958.14|0.02|22|18855|18855|230|230|21
22|RUSSIA|25|22|41940.15|0.06|25|12103|12103|184|184|21
3|CANADA|20|3|54111.09|0.02|20|12103|12103|184|184|21
21|VIETNAM|26|21|1894.08|0.0|26|31079|31079|184|184|21
4|EGYPT|22|4|23545.4|0.07|22|10400|10400|184|184|21
15|MOROCCO|14|15|27921.51|0.08|14|10400|10400|184|184|21
18|CHINA|75|18|31543.02|0.0|75|10400|10400|184|184|21
1|ARGENTINA|3|1|53458.0|0.07|3|10400|10400|184|184|21
22|RUSSIA|16|22|4300.68|0.1|16|40320|40320|184|184|21
14|KENYA|47|14|22650.0|0.04|47|47201|47201|184|184|21
19|ROMANIA|62|19|35704.2|0.02|62|35684|35684|184|184|21
24|UNITED STATES|10|24|23829.96|0.07|10|35684|35684|184|184|21
4|EGYPT|38|4|27651.24|0.0|38|35684|35684|184|184|21
16|MOZAMBIQUE|30|16|38762.4|0.02|30|35684|35684|184|184|21
17|PERU|8|17|22461.66|0.03|8|37952|37952|184|184|21
19|ROMANIA|62|19|3465.75|0.07|62|37952|37952|184|184|21
14|KENYA|47|14|43536.0|0.1|47|37952|37952|184|184|21
16|MOZAMBIQUE|58|16|9551.22|0.02|58|37952|37952|184|184|21
5|ETHIOPIA|78|5|62310.36|0.02|78|37952|37952|184|184|21
7|GERMANY|53|7|39443.47|0.1|53|37952|37952|184|184|21
5|ETHIOPIA|78|5|43061.2|0.02|78|40324|40324|481|481|21
9|INDONESIA|23|9|6973.56|0.02|23|40324|40324|481|481|21
24|UNITED STATES|10|24|2782.98|0.08|10|40324|40324|481|481|21
19|ROMANIA|17|19|7187.65|0.07|17|40324|40324|481|481|21
16|MOZAMBIQUE|73|16|38625.16|0.1|73|18375|18375|481|481|21
21|VIETNAM|68|21|43097.04|0.1|68|18375|18375|481|481|21
5|ETHIOPIA|78|5|12788.44|0.07|78|18375|18375|481|481|21
16|MOZAMBIQUE|56|16|16671.71|0.0|56|18375|18375|481|481|21
23|UNITED KINGDOM|32|23|23329.68|0.05|32|18375|18375|481|481|21
24|UNITED STATES|46|24|43727.58|0.1|46|386|386|481|481|21
24|UNITED STATES|64|24|23128.64|0.06|64|386|386|481|481|21
5|ETHIOPIA|2|5|34855.48|0.09|2|386|386|481|481|21
7|GERMANY|33|7|60789.33|0.1|33|5606|5606|1189|1189|10
8|INDIA|12|8|23776.25|0.06|12|5606|5606|1189|1189|10
22|RUSSIA|42|22|33867.06|0.02|42|6658|6658|1189|1189|10
15|MOROCCO|14|15|2766.06|0.1|14|34724|34724|1189|1189|10
15|MOROCCO|14|15|11163.92|0.09|14|34724|34724|1189|1189|10
5|ETHIOPIA|2|5|75760.08|0.0|2|34724|34724|1189|1189|10
14|KENYA|76|14|17673.04|0.0|76|35939|35939|1189|1189|10
17|PERU|1|17|45887.88|0.08|1|3394|3394|1189|1189|10
22|RUSSIA|25|22|19172.44|0.05|25|3394|3394|1189|1189|10
3|CANADA|13|3|41722.2|0.01|13|3394|3394|1189|1189|10
8|INDIA|39|8|37594.59|0.07|39|3394|3394|1189|1189|10
7|GERMANY|53|7|27390.3|0.04|53|3394|3394|1189|1189|10
5|ETHIOPIA|2|5|21582.96|0.08|2|3394|3394|1189|1189|10
1|ARGENTINA|71|1|39522.28|0.04|71|11493|11493|1189|1189|10
9|INDONESIA|23|9|10514.34|0.09|23|11493|11493|1189|1189|10
8|INDIA|61|8|44181.88|0.06|61|10340|10340|1189|1189|10
4|EGYPT|69|4|44892.47|0.0|69|10340|10340|1189|1189|10
15|MOROCCO|4|15|60694.93|0.01|4|10340|10340|1189|1189|10
22|RUSSIA|65|22|21766.92|0.09|65|10340|10340|1189|1189|10
3|CANADA|20|3|17461.19|0.01|20|10340|10340|1189|1189|10
22|RUSSIA|42|22|31110.75|0.01|42|10340|10340|1189|1189|10
21|VIETNAM|68|21|60880.68|0.1|68|11781|11781|1189|1189|10
12|JAPAN|43|12|76015.8|0.07|43|11781|11781|1189|1189|10
24|UNITED STATES|64|24|43670.36|0.07|64|11781|11781|1189|1189|10
17|PERU|8|17|36900.93|0.02|8|19648|19648|1189|1189|10
7|GERMANY|77|7|84839.5|0.1|77|19648|19648|1189|1189|10
18|CHINA|72|18|13298.13|0.03|72|19648|19648|1189|1189|10
16|MOZAMBIQUE|58|16|32196.58|0.1|58|19648|19648|1189|1189|10
22|RUSSIA|65|22|54423.8|0.07|65|19648|19648|1189|1189|10
11|IRAQ|5|11|86194.71|0.02|5|31938|31938|56|56|10
19|ROMANIA|62|19|25195.56|0.08|62|31938|31938|56|56|10
18|CHINA|72|18|11111.7|0.03|72|31938|31938|56|56|10
22|RUSSIA|25|22|36318.15|0.07|25|31938|31938|56|56|10
12|JAPAN|54|12|36951.12|0.0|54|31938|31938|56|56|10
2|BRAZIL|21|2|2160.36|0.08|21|31938|31938|56|56|10
17|PERU|8|17|5417.7|0.1|8|44804|44804|56|56|10
23|UNITED KINGDOM|7|23|32533.73|0.0|7|44804|44804|56|56|10
19|ROMANIA|62|19|61890.24|0.04|62|44804|44804|56|56|10
3|CANADA|13|3|40760.46|0.09|13|44804|44804|56|56|10
22|RUSSIA|42|22|26362.08|0.05|42|44804|44804|56|56|10
16|MOZAMBIQUE|73|16|63767.2|0.01|73|19237|19237|56|56|10
22|RUSSIA|40|22|12467.65|0.03|40|19237|19237|56|56|10
24|UNITED STATES|55|24|56411.0|0.08|55|19237|19237|56|56|10
8|INDIA|61|8|28552.94|0.01|61|19237|19237|56|56|10
8|INDIA|15|8|38202.0|0.04|15|19237|19237|56|56|10
8|INDIA|39|8|64363.68|0.06|39|19237|19237|56|56|10
14|KENYA|48|14|64783.8|0.1|48|35431|35431|56|56|10
8|INDIA|15|8|52051.81|0.0|15|35431|35431|56|56|10
7|GERMANY|44|7|41650.93|0.05|44|45091|45091|1046|1046|10
1|ARGENTINA|71|1|13852.85|0.02|71|45091|45091|1046|1046|10
7|GERMANY|33|7|6494.88|0.04|33|806|806|1046|1046|10
9|INDONESIA|50|9|1739.83|0.04|50|806|806|1046|1046|10
4|EGYPT|69|4|25943.94|0.08|69|806|806|1046|1046|10
23|UNITED KINGDOM|7|23|20782.97|0.1|7|18020|18020|1003|1003|21
6|FRANCE|70|6|18979.9|0.07|70|18020|18020|1003|1003|21
15|MOROCCO|14|15|37559.07|0.06|14|18020|18020|1003|1003|21
5|ETHIOPIA|78|5|2434.62|0.07|78|18020|18020|1003|1003|21
22|RUSSIA|65|22|51003.46|0.03|65|18020|18020|1003|1003|21
1|ARGENTINA|3|1|83833.2|0.1|3|18020|18020|1003|1003|21
16|MOZAMBIQUE|18|16|41484.24|0.0|18|6752|6752|1003|1003|21
14|KENYA|6|14|55724.85|0.01|6|17796|17796|1003|1003|21
16|MOZAMBIQUE|73|16|20600.84|0.01|73|17796|17796|1003|1003|21
22|RUSSIA|25|22|21243.2|0.03|25|17796|17796|1003|1003|21
9|INDONESIA|23|9|7014.7|0.0|23|17796|17796|1003|1003|21
8|INDIA|60|8|25894.35|0.1|60|16800|16800|1069|1069|21
21|VIETNAM|26|21|50579.61|0.07|26|16800|16800|1069|1069|21
9|INDONESIA|45|9|11379.24|0.09|45|16800|16800|1069|1069|21
4|EGYPT|67|4|1262.36|0.07|67|16800|16800|1069|1069|21
19|ROMANIA|52|19|30303.3|0.02|52|16800|16800|1069|1069|21
10|IRAN|34|10|13833.12|0.04|34|1574|1574|1069|1069|21
24|UNITED STATES|19|24|39397.26|0.07|19|1574|1574|1069|1069|21
18|CHINA|41|18|71226.0|0.0|41|1574|1574|1069|1069|21
17|PERU|1|17|49697.28|0.07|1|9633|9633|1069|1069|21
21|VIETNAM|26|21|20569.56|0.09|26|9633|9633|1069|1069|21
16|MOZAMBIQUE|18|16|16469.64|0.09|18|9633|9633|1069|1069|21
22|RUSSIA|65|22|57595.49|0.09|65|9633|9633|1069|1069|21
5|ETHIOPIA|63|5|41331.36|0.05|63|9633|9633|1069|1069|21
14|KENYA|76|14|35317.2|0.07|76|25025|25025|1069|1069|21
23|UNITED KINGDOM|7|23|42401.44|0.01|7|23265|23265|1069|1069|21
9|INDONESIA|50|9|29218.86|0.04|50|23265|23265|1069|1069|21
17|PERU|57|17|12661.8|0.05|57|23265|23265|1069|1069|21
16|MOZAMBIQUE|56|16|55059.4|0.04|56|23265|23265|1069|1069|21
1|ARGENTINA|3|1|25948.32|0.03|3|23265|23265|1069|1069|21
7|GERMANY|33|7|55489.8|0.01|33|482|482|1001|1001|21
8|INDIA|60|8|32002.88|0.0|60|482|482|1001|1001|21
1|ARGENTINA|71|1|29081.97|0.04|71|482|482|1001|1001|21
14|KENYA|48|14|11748.48|0.02|48|482|482|1001|1001|21
1|ARGENTINA|29|1|1872.97|0.05|29|482|482|1001|1001|21
5|ETHIOPIA|63|5|43105.19|0.04|63|482|482|1001|1001|21
0|ALGERIA|24|0|24291.45|0.04|24|27202|27202|1001|1001|21
8|INDIA|39|8|13955.85|0.06|39|14532|14532|1001|1001|21
22|RUSSIA|25|22|48991.14|0.0|25|16515|16515|907|907|10
8|INDIA|12|8|45058.3|0.06|12|16515|16515|907|907|10
19|ROMANIA|17|19|24336.78|0.09|17|16515|16515|907|907|10
24|UNITED STATES|49|24|47791.92|0.04|49|16515|16515|907|907|10
16|MOZAMBIQUE|30|16|70454.7|0.08|30|16515|16515|907|907|10
17|PERU|8|17|1805.9|0.02|8|43586|43586|907|907|10
14|KENYA|48|14|48929.54|0.07|48|43586|43586|907|907|10
1|ARGENTINA|29|1|15207.28|0.08|29|43586|43586|907|907|10
4|EGYPT|67|4|8521.28|0.06|67|44961|44961|907|907|10
16|MOZAMBIQUE|73|16|48036.45|0.02|73|7009|7009|907|907|10
7|GERMANY|44|7|56639.4|0.04|44|7009|7009|907|907|10
16|MOZAMBIQUE|58|16|23365.2|0.03|58|7009|7009|907|907|10
24|UNITED STATES|55|24|31083.5|0.0|55|42213|42213|907|907|10
16|MOZAMBIQUE|58|16|35579.61|0.03|58|42213|42213|907|907|10
19|ROMANIA|52|19|5030.5|0.07|52|42213|42213|907|907|10
16|MOZAMBIQUE|30|16|5481.84|0.07|30|42213|42213|907|907|10
21|VIETNAM|80|21|76619.34|0.04|80|22210|22210|907|907|10
8|INDIA|61|8|70586.46|0.0|61|22210|22210|907|907|10
4|EGYPT|69|4|6982.45|0.01|69|22210|22210|907|907|10
14|KENYA|79|14|59744.27|0.04|79|22210|22210|907|907|10
22|RUSSIA|42|22|4745.04|0.03|42|22210|22210|907|907|10
16|MOZAMBIQUE|73|16|80956.92|0.09|73|27975|27975|907|907|10
7|GERMANY|33|7|11771.87|0.01|33|27975|27975|907|907|10
5|ETHIOPIA|63|5|40004.0|0.02|63|27975|27975|907|907|10
4|EGYPT|22|4|33708.0|0.1|22|14945|14945|55|55|10
4|EGYPT|69|4|42594.64|0.08|69|14945|14945|55|55|10
15|MOROCCO|14|15|37559.07|0.05|14|14945|14945|55|55|10
10|IRAN|34|10|2676.86|0.09|34|14945|14945|55|55|10
12|JAPAN|43|12|40400.08|0.01|43|14945|14945|55|55|10
14|KENYA|76|14|27301.96|0.05|76|14945|14945|55|55|10
17|PERU|8|17|57018.06|0.05|8|7014|7014|55|55|10
8|INDIA|61|8|38386.32|0.06|61|7014|7014|55|55|10
22|RUSSIA|65|22|42504.92|0.0|65|7014|7014|55|55|10
18|CHINA|75|18|35366.4|0.02|75|7014|7014|55|55|10
8|INDIA|15|8|34937.25|0.08|15|2406|2406|55|55|10
4|EGYPT|38|4|30084.12|0.05|38|2406|2406|55|55|10
20|SAUDI ARABIA|74|20|20694.24|0.07|74|2406|2406|55|55|10
16|MOZAMBIQUE|30|16|36113.44|0.07|30|2406|2406|55|55|10
9|INDONESIA|50|9|35490.0|0.04|50|27683|27683|55|55|10
1|ARGENTINA|71|1|3797.98|0.0|71|27683|27683|55|55|10
5|ETHIOPIA|2|5|15676.8|0.0|2|27683|27683|55|55|10
7|GERMANY|77|7|32616.76|0.01|77|14693|14693|55|55|10
1|ARGENTINA|71|1|75703.37|0.06|71|14693|14693|55|55|10
10|IRAN|9|10|23913.44|0.07|9|14693|14693|55|55|10
23|UNITED KINGDOM|32|23|52256.0|0.1|32|14693|14693|55|55|10
5|ETHIOPIA|63|5|43105.19|0.01|63|14693|14693|55|55|10
17|PERU|1|17|21355.62|0.04|1|40290|40290|55|55|10
18|CHINA|72|18|4120.52|0.03|72|40290|40290|55|55|10
9|INDONESIA|23|9|7448.24|0.08|23|40290|40290|55|55|10
8|INDIA|61|8|69454.32|0.05|61|16102|16102|55|55|10
1|ARGENTINA|3|1|47957.34|0.09|3|16102|16102|55|55|10
17|PERU|8|17|62859.21|0.08|8|41250|41250|55|55|10
14|KENYA|6|14|30357.04|0.04|6|41250|41250|55|55|10
22|RUSSIA|65|22|60365.86|0.07|65|41250|41250|55|55|10
0|ALGERIA|28|0|60823.93|0.08|28|41250|41250|55|55|10
19|ROMANIA|52|19|32034.5|0.08|52|41250|41250|55|55|10
8|INDIA|60|8|23028.66|0.09|60|24321|24321|55|55|10
21|VIETNAM|26|21|26078.5|0.02|26|24321|24321|55|55|10
12|JAPAN|43|12|6451.02|0.08|43|24321|24321|55|55|10
8|INDIA|60|8|57745.18|0.06|60|11329|11329|1028|1028|10
16|MOZAMBIQUE|56|16|24705.27|0.02|56|11329|11329|1028|1028|10
15|MOROCCO|4|15|32394.2|0.04|4|11329|11329|1028|1028|10
0|ALGERIA|28|0|38441.6|0.02|28|11329|11329|1028|1028|10
3|CANADA|20|3|75048.96|0.03|20|11329|11329|1028|1028|10
1|ARGENTINA|3|1|59727.8|0.01|3|11329|11329|1028|1028|10
8|INDIA|61|8|8120.88|0.1|61|12390|12390|1028|1028|10
12|JAPAN|54|12|19877.44|0.03|54|12390|12390|1028|1028|10
12|JAPAN|43|12|12451.32|0.09|43|12390|12390|1028|1028|10
4|EGYPT|38|4|22578.57|0.02|38|29733|29733|1028|1028|10
24|UNITED STATES|64|24|26428.8|0.09|64|29733|29733|1028|1028|10
16|MOZAMBIQUE|73|16|11111.21|0.01|73|13798|13798|1039|1039|10
18|CHINA|72|18|31673.51|0.02|72|13798|13798|1039|1039|10
24|UNITED STATES|46|24|27660.6|0.01|46|13798|13798|1039|1039|10
0|ALGERIA|24|0|35189.7|0.08|24|13798|13798|1039|1039|10
17|PERU|8|17|52121.25|0.04|8|41349|41349|1039|1039|10
8|INDIA|15|8|54463.11|0.04|15|41349|41349|1039|1039|10
16|MOZAMBIQUE|56|16|31651.29|0.05|56|41349|41349|1039|1039|10
15|MOROCCO|4|15|39647.86|0.1|4|41349|41349|1039|1039|10
24|UNITED STATES|55|24|25353.0|0.1|55|45606|45606|1039|1039|10
8|INDIA|61|8|17425.08|0.1|61|45606|45606|1039|1039|10
21|VIETNAM|26|21|11253.06|0.05|26|45606|45606|1039|1039|10
12|JAPAN|43|12|32405.4|0.09|43|45606|45606|1039|1039|10
4|EGYPT|38|4|6310.68|0.07|38|45606|45606|1039|1039|10
18|CHINA|75|18|11752.7|0.05|75|45606|45606|1039|1039|10
8|INDIA|15|8|39628.29|0.0|15|18880|18880|1039|1039|10
14|KENYA|79|14|44333.52|0.0|79|18880|18880|1039|1039|10
1|ARGENTINA|71|1|36724.44|0.03|71|7908|7908|1039|1039|10
22|RUSSIA|25|22|53558.98|0.02|25|7908|7908|1039|1039|10
21|VIETNAM|68|21|53576.4|0.0|68|7908|7908|1039|1039|10
24|UNITED STATES|10|24|50357.44|0.0|10|7908|7908|1039|1039|10
24|UNITED STATES|55|24|21949.75|0.08|55|25285|25285|1039|1039|10
11|IRAQ|5|11|56361.76|0.08|5|38212|38212|1039|1039|10
9|INDONESIA|50|9|59494.56|0.07|50|38212|38212|1039|1039|10
10|IRAN|9|10|37219.78|0.03|9|38212|38212|1039|1039|10
12|JAPAN|54|12|16935.93|0.04|54|38212|38212|1039|1039|10
24|UNITED STATES|10|24|53890.81|0.03|10|38212|38212|1039|1039|10
22|RUSSIA|65|22|29532.0|0.06|65|38212|38212|1039|1039|10
7|GERMANY|53|7|48436.5|0.03|53|38212|38212|1039|1039|10
12|JAPAN|43|12|48579.84|0.0|43|12100|12100|1039|1039|10
16|MOZAMBIQUE|30|16|60476.68|0.05|30|29668|29668|1039|1039|10
23|UNITED KINGDOM|66|23|59127.48|0.04|66|18151|18151|16|16|10
23|UNITED KINGDOM|66|23|72616.44|0.09|66|18151|18151|16|16|10
21|VIETNAM|26|21|36896.12|0.04|26|18151|18151|16|16|10
16|MOZAMBIQUE|58|16|52121.25|0.08|58|18151|18151|16|16|10
22|RUSSIA|25|22|60156.36|0.03|25|18151|18151|16|16|10
0|ALGERIA|28|0|32573.38|0.0|28|18151|18151|16|16|10
7|GERMANY|77|7|31859.02|0.1|77|47206|47206|16|16|10
8|INDIA|60|8|34597.5|0.02|60|47206|47206|16|16|10
17|PERU|59|17|7303.68|0.02|59|47206|47206|16|16|10
24|UNITED STATES|46|24|20632.05|0.06|46|47206|47206|16|16|10
8|INDIA|12|8|4174.47|0.0|12|47206|47206|16|16|10
2|BRAZIL|21|2|50555.96|0.01|21|47206|47206|16|16|10
18|CHINA|27|18|56129.1|0.06|27|47206|47206|16|16|10
17|PERU|8|17|18540.4|0.06|8|20357|20357|16|16|10
7|GERMANY|77|7|11668.4|0.1|77|16001|16001|16|16|10
4|EGYPT|69|4|17868.8|0.07|69|16001|16001|16|16|10
24|UNITED STATES|46|24|21231.32|0.05|46|16001|16001|16|16|10
9|INDONESIA|45|9|15395.64|0.04|45|16001|16001|16|16|10
24|UNITED STATES|19|24|65926.56|0.06|19|16001|16001|16|16|10
19|ROMANIA|52|19|24370.01|0.04|52|16001|16001|16|16|10
16|MOZAMBIQUE|18|16|30991.12|0.06|18|16067|16067|16|16|10
14|KENYA|76|14|33029.64|0.0|76|16067|16067|16|16|10
24|UNITED STATES|49|24|51892.5|0.09|49|16067|16067|16|16|10
16|MOZAMBIQUE|73|16|26932.69|0.1|73|32036|32036|49|49|10
1|ARGENTINA|71|1|4985.28|0.06|71|32036|32036|49|49|10
0|ALGERIA|24|0|27147.64|0.09|24|32036|32036|49|49|10
3|CANADA|13|3|38450.54|0.06|13|32036|32036|49|49|10
4|EGYPT|38|4|17061.33|0.05|38|32036|32036|49|49|10
24|UNITED STATES|64|24|9064.55|0.04|64|32036|32036|49|49|10
1|ARGENTINA|3|1|22661.94|0.0|3|32036|32036|49|49|10
7|GERMANY|77|7|44944.0|0.06|77|42917|42917|49|49|10
4|EGYPT|38|4|15306.39|0.1|38|42917|42917|49|49|10
17|PERU|8|17|78987.99|0.01|8|41445|41445|49|49|10
21|VIETNAM|26|21|65042.64|0.04|26|41445|41445|49|49|10
4|EGYPT|69|4|41097.68|0.01|69|41445|41445|49|49|10
9|INDONESIA|23|9|24614.28|0.1|23|41445|41445|49|49|10
10|IRAN|34|10|51023.2|0.02|34|41445|41445|49|49|10
23|UNITED KINGDOM|32|23|41033.85|0.02|32|41445|41445|49|49|10
0|ALGERIA|28|0|72886.95|0.05|28|41445|41445|49|49|10
19|ROMANIA|62|19|61580.7|0.1|62|12867|12867|49|49|10
16|MOZAMBIQUE|73|16|20699.98|0.02|73|12867|12867|49|49|10
8|INDIA|61|8|21863.8|0.07|61|12867|12867|49|49|10
14|KENYA|48|14|82454.88|0.0|48|12867|12867|49|49|10
22|RUSSIA|25|22|19370.85|0.06|25|12867|12867|49|49|10
16|MOZAMBIQUE|73|16|12415.23|0.01|73|6470|6470|49|49|10
9|INDONESIA|50|9|50610.56|0.07|50|6470|6470|49|49|10
8|INDIA|15|8|49069.24|0.07|15|6470|6470|49|49|10
13|JORDAN|36|13|44862.72|0.07|36|6470|6470|49|49|10
24|UNITED STATES|46|24|39612.6|0.02|46|6470|6470|49|49|10
9|INDONESIA|45|9|21899.04|0.08|45|6470|6470|49|49|10
15|MOROCCO|4|15|44411.1|0.03|4|6470|6470|49|49|10
7|GERMANY|77|7|37105.0|0.09|77|26240|26240|49|49|10
9|INDONESIA|45|9|5497.88|0.02|45|26240|26240|49|49|10
4|EGYPT|67|4|51097.46|0.06|67|26240|26240|49|49|10
14|KENYA|76|14|66032.09|0.02|76|26240|26240|49|49|10
18|CHINA|27|18|8969.45|0.01|27|26240|26240|49|49|10
9|INDONESIA|51|9|22324.2|0.1|51|14021|14021|49|49|10
4|EGYPT|22|4|47811.6|0.02|22|14021|14021|49|49|10
0|ALGERIA|37|0|6002.36|0.1|37|14021|14021|49|49|10
8|INDIA|12|8|39786.39|0.1|12|14021|14021|49|49|10
14|KENYA|76|14|11460.6|0.01|76|14021|14021|49|49|10
18|CHINA|27|18|34854.08|0.02|27|14021|14021|49|49|10
20|SAUDI ARABIA|74|20|19400.85|0.0|74|14021|14021|49|49|10
21|VIETNAM|68|21|34656.38|0.03|68|37286|37286|49|49|10
4|EGYPT|67|4|6106.48|0.08|67|37286|37286|49|49|10
16|MOZAMBIQUE|18|16|24289.03|0.0|18|37286|37286|49|49|10
1|ARGENTINA|29|1|19000.8|0.09|29|37286|37286|49|49|10
9|INDONESIA|51|9|3661.86|0.06|51|36256|36256|49|49|10
7|GERMANY|77|7|12781.44|0.03|77|36256|36256|49|49|10
12|JAPAN|43|12|31617.84|0.06|43|36256|36256|49|49|10
0|ALGERIA|28|0|69916.26|0.1|28|36256|36256|49|49|10
18|CHINA|11|18|59837.46|0.08|11|45222|45222|49|49|10
23|UNITED KINGDOM|32|23|20864.44|0.05|32|45222|45222|49|49|10
23|UNITED KINGDOM|7|23|59287.36|0.03|7|21733|21733|1015|1015|10
23|UNITED KINGDOM|32|23|55921.16|0.06|32|21733|21733|1015|1015|10
2|BRAZIL|21|2|2750.94|0.05|21|42720|42720|1015|1015|10
17|PERU|1|17|13874.96|0.09|1|6341|6341|1015|1015|10
14|KENYA|47|14|36413.0|0.1|47|6341|6341|1015|1015|10
24|UNITED STATES|49|24|21174.72|0.08|49|6341|6341|1015|1015|10
19|ROMANIA|52|19|65798.95|0.0|52|6341|6341|1015|1015|10
5|ETHIOPIA|63|5|50378.74|0.08|63|6341|6341|1015|1015|10
7|GERMANY|33|7|2504.7|0.08|33|46752|46752|1015|1015|10
9|INDONESIA|50|9|58201.51|0.01|50|46752|46752|1015|1015|10
21|VIETNAM|68|21|5181.56|0.04|68|46752|46752|1015|1015|10
12|JAPAN|43|12|65435.92|0.05|43|46752|46752|1015|1015|10
8|INDIA|15|8|4617.0|0.03|15|28195|28195|1187|1187|10
8|INDIA|60|8|32014.58|0.03|60|2599|2599|1187|1187|10
4|EGYPT|22|4|23705.28|0.01|22|33413|33413|1187|1187|10
3|CANADA|20|3|3712.08|0.0|20|33413|33413|1187|1187|10
16|MOZAMBIQUE|30|16|4645.1|0.09|30|33413|33413|1187|1187|10
1|ARGENTINA|3|1|55595.28|0.02|3|33413|33413|1187|1187|10
14|KENYA|47|14|14545.5|0.03|47|21922|21922|1187|1187|10
5|ETHIOPIA|2|5|56410.72|0.0|2|21922|21922|1187|1187|10
10|IRAN|34|10|19971.85|0.05|34|32933|32933|1187|1187|10
11|IRAQ|5|11|40280.1|0.04|5|15009|15009|928|928|21
10|IRAN|9|10|55829.67|0.07|9|15009|15009|928|928|21
24|UNITED STATES|46|24|27376.44|0.07|46|15009|15009|928|928|21
18|CHINA|75|18|4832.13|0.03|75|15009|15009|928|928|21
9|INDONESIA|51|9|19205.55|0.08|51|995|995|928|928|21
10|IRAN|34|10|55004.4|0.0|34|995|995|928|928|21
9|INDONESIA|23|9|26068.84|0.08|23|995|995|928|928|21
24|UNITED STATES|19|24|35663.0|0.01|19|995|995|928|928|21
18|CHINA|27|18|19551.24|0.06|27|995|995|928|928|21
21|VIETNAM|26|21|19046.7|0.09|26|6337|6337|928|928|21
13|JORDAN|36|13|29131.0|0.02|36|6337|6337|928|928|21
21|VIETNAM|35|21|8850.52|0.09|35|6337|6337|928|928|21
9|INDONESIA|23|9|43328.58|0.02|23|6337|6337|928|928|21
24|UNITED STATES|19|24|42349.44|0.01|19|6337|6337|928|928|21
16|MOZAMBIQUE|18|16|25477.75|0.02|18|6337|6337|928|928|21
18|CHINA|41|18|34637.0|0.1|41|7201|7201|928|928|21
18|CHINA|72|18|29792.7|0.09|72|32647|32647|928|928|21
10|IRAN|9|10|46570.4|0.1|9|32647|32647|928|928|21
14|KENYA|48|14|34055.82|0.07|48|32647|32647|928|928|21
9|INDONESIA|45|9|10262.16|0.08|45|32647|32647|928|928|21
18|CHINA|27|18|18737.4|0.01|27|32647|32647|928|928|21
1|ARGENTINA|3|1|6589.14|0.08|3|32647|32647|928|928|21
8|INDIA|60|8|60460.26|0.04|60|22528|22528|928|928|21
8|INDIA|39|8|33327.96|0.03|39|22528|22528|928|928|21
7|GERMANY|44|7|1427.52|0.1|44|3298|3298|928|928|21
17|PERU|59|17|28305.75|0.1|59|3298|3298|928|928|21
9|INDONESIA|23|9|9802.62|0.01|23|3298|3298|928|928|21
24|UNITED STATES|49|24|37515.96|0.06|49|3298|3298|928|928|21
17|PERU|1|17|2660.86|0.09|1|37793|37793|928|928|21
9|INDONESIA|50|9|52414.87|0.08|50|42272|42272|928|928|21
10|IRAN|9|10|44794.56|0.08|9|42272|42272|928|928|21
14|KENYA|79|14|51379.44|0.09|79|24353|24353|928|928|21
18|CHINA|27|18|28703.36|0.05|27|24353|24353|928|928|21
4|EGYPT|22|4|16099.92|0.09|22|30724|30724|1076|1076|10
18|CHINA|27|18|28254.48|0.09|27|30724|30724|1076|1076|10
18|CHINA|11|18|16265.4|0.0|11|36353|36353|1076|1076|10
18|CHINA|11|18|11190.06|0.02|11|36353|36353|1076|1076|10
6|FRANCE|70|6|44003.52|0.02|70|36353|36353|1076|1076|10
14|KENYA|47|14|56676.48|0.03|47|36353|36353|1076|1076|10
20|SAUDI ARABIA|74|20|30692.79|0.02|74|36353|36353|1076|1076|10
16|MOZAMBIQUE|31|16|59703.6|0.01|31|5379|5379|707|707|21
14|KENYA|6|14|65470.0|0.0|6|22116|22116|707|707|21
19|ROMANIA|62|19|8967.54|0.01|62|22116|22116|707|707|21
16|MOZAMBIQUE|56|16|2800.98|0.0|56|22116|22116|707|707|21
23|UNITED KINGDOM|32|23|41564.4|0.07|32|22116|22116|707|707|21
0|ALGERIA|28|0|9607.29|0.06|28|22116|22116|707|707|21
1|ARGENTINA|3|1|36380.88|0.06|3|31333|31333|1087|1087|21
8|INDIA|15|8|52657.5|0.07|15|39463|39463|1087|1087|21
21|VIETNAM|80|21|14941.35|0.09|80|30081|30081|1087|1087|21
11|IRAQ|5|11|15343.2|0.08|5|30081|30081|1087|1087|21
12|JAPAN|54|12|15905.44|0.05|54|30081|30081|1087|1087|21
19|ROMANIA|52|19|10234.96|0.09|52|30081|30081|1087|1087|21
9|INDONESIA|23|9|45575.76|0.0|23|35296|35296|1087|1087|21
8|INDIA|12|8|22513.79|0.06|12|35296|35296|1087|1087|21
16|MOZAMBIQUE|31|16|52947.72|0.05|31|35296|35296|1087|1087|21
19|ROMANIA|52|19|6687.08|0.04|52|35296|35296|1087|1087|21
8|INDIA|61|8|29281.75|0.07|61|37255|37255|1087|1087|21
9|INDONESIA|50|9|40633.5|0.03|50|37255|37255|1087|1087|21
17|PERU|59|17|73087.91|0.04|59|1156|1156|1054|1054|21
2|BRAZIL|21|2|24365.46|0.02|21|1156|1156|1054|1054|21
16|MOZAMBIQUE|30|16|23905.35|0.07|30|1156|1156|1054|1054|21
9|INDONESIA|51|9|76596.96|0.03|51|25858|25858|1054|1054|21
7|GERMANY|77|7|46538.31|0.09|77|25858|25858|1054|1054|21
22|RUSSIA|16|22|10135.98|0.07|16|25858|25858|1054|1054|21
7|GERMANY|53|7|27997.83|0.02|53|25858|25858|1054|1054|21
7|GERMANY|44|7|9209.7|0.03|44|46503|46503|1054|1054|21
2|BRAZIL|21|2|6266.75|0.08|21|46503|46503|1054|1054|21
7|GERMANY|53|7|61633.12|0.08|53|46503|46503|1054|1054|21
9|INDONESIA|51|9|22630.92|0.05|51|7680|7680|1054|1054|21
14|KENYA|48|14|25143.56|0.05|48|7680|7680|1054|1054|21
21|VIETNAM|35|21|59571.0|0.03|35|7680|7680|1054|1054|21
3|CANADA|13|3|52136.64|0.09|13|7680|7680|1054|1054|21
24|UNITED STATES|19|24|44462.95|0.07|19|7680|7680|1054|1054|21
12|JAPAN|54|12|41708.8|0.0|54|7680|7680|1054|1054|21
18|CHINA|75|18|56226.72|0.01|75|7680|7680|1054|1054|21
8|INDIA|60|8|78742.8|0.06|60|34913|34913|1054|1054|21
16|MOZAMBIQUE|56|16|22851.78|0.06|56|34913|34913|1054|1054|21
2|BRAZIL|21|2|1217.31|0.05|21|41668|41668|1054|1054|21
16|MOZAMBIQUE|73|16|24250.84|0.04|73|20805|20805|1054|1054|21
18|CHINA|72|18|49838.7|0.07|72|20805|20805|1054|1054|21
15|MOROCCO|14|15|47051.7|0.03|14|20805|20805|1054|1054|21
14|KENYA|79|14|13126.95|0.02|79|20805|20805|1054|1054|21
2|BRAZIL|21|2|33486.3|0.0|21|20805|20805|1054|1054|21
24|UNITED STATES|55|24|86241.71|0.08|55|19621|19621|1054|1054|21
10|IRAN|9|10|10275.04|0.05|9|19621|19621|1054|1054|21
21|VIETNAM|68|21|70731.36|0.06|68|19621|19621|1054|1054|21
5|ETHIOPIA|78|5|13196.43|0.04|78|19621|19621|1054|1054|21
8|INDIA|39|8|44597.25|0.1|39|19621|19621|1054|1054|21
16|MOZAMBIQUE|31|16|24656.1|0.0|31|19621|19621|1054|1054|21
18|CHINA|41|18|13482.69|0.0|41|19621|19621|1054|1054|21
14|KENYA|79|14|26232.6|0.06|79|23462|23462|1054|1054|21
24|UNITED STATES|19|24|16790.06|0.08|19|23462|23462|1054|1054|21
1|ARGENTINA|29|1|24386.64|0.05|29|23462|23462|1054|1054|21
16|MOZAMBIQUE|18|16|24533.46|0.06|18|23462|23462|1054|1054|21
17|PERU|1|17|30708.0|0.06|1|20097|20097|1054|1054|21
1|ARGENTINA|71|1|9700.7|0.0|71|20097|20097|1054|1054|21
16|MOZAMBIQUE|56|16|13187.86|0.01|56|20097|20097|1054|1054|21
1|ARGENTINA|29|1|50135.78|0.06|29|20097|20097|1054|1054|21
22|RUSSIA|16|22|12037.2|0.01|16|20097|20097|1054|1054|21
22|RUSSIA|42|22|13238.0|0.01|42|20097|20097|1054|1054|21
3|CANADA|20|3|20241.6|0.0|20|20097|20097|1054|1054|21
21|VIETNAM|80|21|56318.72|0.1|80|43142|43142|1054|1054|21
9|INDONESIA|51|9|41922.21|0.06|51|43142|43142|1054|1054|21
16|MOZAMBIQUE|58|16|69924.5|0.05|58|43142|43142|1054|1054|21
17|PERU|57|17|57096.9|0.03|57|43142|43142|1054|1054|21
18|CHINA|27|18|31422.16|0.04|27|43142|43142|1054|1054|21
24|UNITED STATES|49|24|61541.8|0.03|49|43142|43142|1054|1054|21
9|INDONESIA|45|9|56039.4|0.05|45|15654|15654|1054|1054|21
9|INDONESIA|50|9|48540.06|0.03|50|34881|34881|1019|1019|21
1|ARGENTINA|71|1|12277.44|0.02|71|34881|34881|1019|1019|21
9|INDONESIA|45|9|59935.04|0.05|45|34881|34881|1019|1019|21
23|UNITED KINGDOM|32|23|39859.2|0.0|32|34881|34881|1019|1019|21
2|BRAZIL|21|2|65547.72|0.07|21|34881|34881|1019|1019|21
18|CHINA|27|18|75114.12|0.09|27|34881|34881|1019|1019|21
14|KENYA|6|14|46039.35|0.08|6|22624|22624|428|428|21
4|EGYPT|22|4|33037.67|0.0|22|22624|22624|428|428|21
0|ALGERIA|37|0|21528.69|0.04|37|22624|22624|428|428|21
17|PERU|59|17|11188.21|0.03|59|22624|22624|428|428|21
22|RUSSIA|16|22|4823.1|0.0|16|22624|22624|428|428|21
24|UNITED STATES|64|24|6090.48|0.02|64|22624|22624|428|428|21
20|SAUDI ARABIA|74|20|4204.5|0.06|74|22624|22624|428|428|21
16|MOZAMBIQUE|73|16|13004.0|0.01|73|21828|21828|428|428|21
3|CANADA|13|3|44078.97|0.01|13|17476|17476|428|428|21
16|MOZAMBIQUE|18|16|57147.64|0.1|18|17476|17476|428|428|21
8|INDIA|61|8|44928.28|0.05|61|4579|4579|835|835|21
5|ETHIOPIA|78|5|14863.6|0.05|78|4579|4579|835|835|21
0|ALGERIA|28|0|18121.46|0.02|28|4579|4579|835|835|21
19|ROMANIA|17|19|34617.24|0.02|17|4579|4579|835|835|21
4|EGYPT|69|4|37363.02|0.04|69|46502|46502|835|835|21
14|KENYA|47|14|29647.92|0.06|47|46502|46502|835|835|21
17|PERU|8|17|38030.89|0.03|8|36736|36736|835|835|21
8|INDIA|60|8|42320.46|0.04|60|36736|36736|835|835|21
21|VIETNAM|68|21|75373.9|0.02|68|36736|36736|835|835|21
10|IRAN|34|10|17253.75|0.01|34|36736|36736|835|835|21
22|RUSSIA|42|22|33415.25|0.08|42|36736|36736|835|835|21
5|ETHIOPIA|63|5|24555.41|0.01|63|36736|36736|835|835|21
7|GERMANY|77|7|63719.11|0.1|77|25381|25381|835|835|21
7|GERMANY|44|7|20341.92|0.08|44|7809|7809|835|835|21
8|INDIA|61|8|10042.62|0.04|61|7809|7809|835|835|21
11|IRAQ|5|11|46406.88|0.04|5|25251|25251|835|835|21
19|ROMANIA|62|19|54283.5|0.1|62|25251|25251|835|835|21
17|PERU|59|17|13964.21|0.01|59|25251|25251|835|835|21
0|ALGERIA|24|0|43100.74|0.09|24|25251|25251|835|835|21
18|CHINA|27|18|1215.31|0.0|27|25251|25251|835|835|21
5|ETHIOPIA|63|5|44622.76|0.1|63|25251|25251|835|835|21
23|UNITED KINGDOM|7|23|34565.76|0.07|7|18532|18532|835|835|21
10|IRAN|9|10|6402.8|0.04|9|18532|18532|835|835|21
10|IRAN|9|10|37542.8|0.04|9|18532|18532|835|835|21
8|INDIA|15|8|57712.5|0.02|15|18532|18532|835|835|21
20|SAUDI ARABIA|74|20|55191.4|0.01|74|18532|18532|835|835|21
4|EGYPT|22|4|8883.48|0.1|22|16356|16356|835|835|21
23|UNITED KINGDOM|66|23|45758.88|0.0|66|16356|16356|835|835|21
17|PERU|59|17|34030.11|0.07|59|16356|16356|835|835|21
17|PERU|57|17|15044.25|0.01|57|16356|16356|835|835|21
10|IRAN|34|10|40903.8|0.1|34|16356|16356|835|835|21
5|ETHIOPIA|63|5|55300.41|0.05|63|16356|16356|835|835|21
5|ETHIOPIA|63|5|70716.48|0.05|63|16356|16356|835|835|21
9|INDONESIA|51|9|14931.95|0.06|51|43584|43584|835|835|21
10|IRAN|9|10|62572.05|0.0|9|43584|43584|835|835|21
9|INDONESIA|45|9|48501.68|0.05|45|43584|43584|835|835|21
24|UNITED STATES|10|24|26788.6|0.03|10|43584|43584|835|835|21
19|ROMANIA|17|19|46490.4|0.05|17|43584|43584|835|835|21
18|CHINA|75|18|68797.14|0.06|75|43584|43584|835|835|21
5|ETHIOPIA|63|5|19496.64|0.05|63|43584|43584|835|835|21
8|INDIA|61|8|50966.86|0.09|61|31812|31812|989|989|10
24|UNITED STATES|46|24|10265.92|0.07|46|31812|31812|989|989|10
24|UNITED STATES|19|24|48925.14|0.03|19|31812|31812|989|989|10
24|UNITED STATES|10|24|1549.64|0.07|10|31812|31812|989|989|10
24|UNITED STATES|64|24|4865.24|0.08|64|31812|31812|989|989|10
19|ROMANIA|52|19|25732.08|0.1|52|31812|31812|989|989|10
9|INDONESIA|50|9|47159.84|0.09|50|22211|22211|989|989|10
18|CHINA|72|18|5285.58|0.07|72|22211|22211|989|989|10
3|CANADA|13|3|16793.88|0.01|13|22211|22211|989|989|10
5|ETHIOPIA|78|5|11256.36|0.02|78|22211|22211|989|989|10
2|BRAZIL|21|2|51426.93|0.09|21|22211|22211|989|989|10
19|ROMANIA|52|19|53156.1|0.1|52|22211|22211|989|989|10
9|INDONESIA|51|9|20419.7|0.04|51|2757|2757|604|604|21
9|INDONESIA|50|9|25203.86|0.1|50|2757|2757|604|604|21
8|INDIA|61|8|25377.75|0.08|61|2757|2757|604|604|21
15|MOROCCO|14|15|28084.42|0.07|14|2757|2757|604|604|21
4|EGYPT|38|4|12902.04|0.07|38|2757|2757|604|604|21
9|INDONESIA|51|9|8463.95|0.05|51|26208|26208|604|604|21
17|PERU|59|17|15867.94|0.03|59|26208|26208|604|604|21
21|VIETNAM|68|21|7576.32|0.1|68|26208|26208|604|604|21
4|EGYPT|38|4|41933.22|0.08|38|26208|26208|604|604|21
18|CHINA|41|18|50402.12|0.0|41|26208|26208|604|604|21
5|ETHIOPIA|2|5|15936.9|0.1|2|26208|26208|604|604|21
7|GERMANY|44|7|6942.4|0.06|44|22407|22407|604|604|21
21|VIETNAM|35|21|58289.01|0.08|35|22407|22407|604|604|21
1|ARGENTINA|29|1|40522.03|0.01|29|22407|22407|604|604|21
18|CHINA|75|18|23365.99|0.01|75|22407|22407|604|604|21
16|MOZAMBIQUE|30|16|1976.16|0.07|30|24000|24000|604|604|21
14|KENYA|79|14|46867.04|0.08|79|32132|32132|604|604|21
4|EGYPT|38|4|56558.25|0.04|38|32132|32132|604|604|21
17|PERU|59|17|21114.23|0.01|59|36775|36775|604|604|21
6|FRANCE|70|6|17749.44|0.05|70|23520|23520|604|604|21
4|EGYPT|67|4|6582.05|0.03|67|23520|23520|604|604|21
16|MOZAMBIQUE|18|16|35078.08|0.03|18|23520|23520|604|604|21
20|SAUDI ARABIA|74|20|63067.5|0.06|74|23520|23520|604|604|21
14|KENYA|48|14|13902.64|0.1|48|23588|23588|713|713|10
17|PERU|1|17|8504.0|0.01|1|35778|35778|713|713|10
17|PERU|57|17|74253.26|0.0|57|35778|35778|713|713|10
18|CHINA|75|18|38218.77|0.02|75|35778|35778|713|713|10
11|IRAQ|5|11|39639.32|0.05|5|15748|15748|713|713|10
21|VIETNAM|26|21|61301.1|0.02|26|15748|15748|713|713|10
24|UNITED STATES|46|24|25569.72|0.07|46|15748|15748|713|713|10
0|ALGERIA|28|0|91296.0|0.07|28|15748|15748|713|713|10
8|INDIA|61|8|48121.92|0.09|61|32291|32291|713|713|10
8|INDIA|39|8|15949.22|0.07|39|32291|32291|713|713|10
24|UNITED STATES|49|24|9506.24|0.03|49|32291|32291|713|713|10
4|EGYPT|38|4|33156.16|0.1|38|32291|32291|713|713|10
19|ROMANIA|62|19|41579.56|0.08|62|38402|38402|713|713|10
7|GERMANY|33|7|7757.4|0.0|33|38402|38402|713|713|10
8|INDIA|15|8|63706.15|0.07|15|38402|38402|713|713|10
4|EGYPT|69|4|41198.84|0.06|69|38402|38402|713|713|10
16|MOZAMBIQUE|18|16|12905.97|0.03|18|38402|38402|713|713|10
14|KENYA|76|14|20275.45|0.01|76|38402|38402|713|713|10
16|MOZAMBIQUE|31|16|43492.02|0.09|31|38402|38402|713|713|10
10|IRAN|34|10|61904.64|0.1|34|35367|35367|713|713|10
4|EGYPT|38|4|55184.4|0.09|38|35367|35367|713|713|10
17|PERU|8|17|83559.89|0.03|8|21155|21155|713|713|10
18|CHINA|11|18|1652.75|0.06|11|21155|21155|713|713|10
10|IRAN|9|10|50787.0|0.07|9|21155|21155|713|713|10
10|IRAN|34|10|33696.96|0.1|34|21155|21155|713|713|10
23|UNITED KINGDOM|7|23|29551.92|0.1|7|25824|25824|1181|1181|10
23|UNITED KINGDOM|66|23|71027.46|0.05|66|38530|38530|1181|1181|10
8|INDIA|61|8|71692.32|0.07|61|38530|38530|1181|1181|10
3|CANADA|13|3|83437.2|0.03|13|38530|38530|1181|1181|10
10|IRAN|34|10|5141.52|0.08|34|38530|38530|1181|1181|10
12|JAPAN|43|12|42526.4|0.0|43|38530|38530|1181|1181|10
18|CHINA|75|18|37957.92|0.02|75|38530|38530|1181|1181|10
16|MOZAMBIQUE|31|16|51238.93|0.0|31|38530|38530|1181|1181|10
17|PERU|1|17|12811.68|0.09|1|23012|23012|1181|1181|10
14|KENYA|47|14|23851.96|0.08|47|23012|23012|1181|1181|10
10|IRAN|34|10|5730.3|0.01|34|23012|23012|1181|1181|10
24|UNITED STATES|19|24|24926.8|0.08|19|23012|23012|1181|1181|10
16|MOZAMBIQUE|31|16|68040.48|0.07|31|23012|23012|1181|1181|10
19|ROMANIA|62|19|54778.52|0.03|62|6407|6407|679|679|10
2|BRAZIL|21|2|44160.96|0.01|21|6407|6407|679|679|10
21|VIETNAM|68|21|33732.14|0.02|68|13889|13889|679|679|10
22|RUSSIA|65|22|25981.74|0.09|65|13889|13889|679|679|10
10|IRAN|9|10|46144.35|0.03|9|41254|41254|1031|1031|21
14|KENYA|79|14|33849.86|0.07|79|41254|41254|1031|1031|21
2|BRAZIL|21|2|64561.0|0.02|21|41254|41254|1031|1031|21
5|ETHIOPIA|2|5|39959.18|0.01|2|41254|41254|1031|1031|21
11|IRAQ|5|11|56102.67|0.05|5|16608|16608|1031|1031|21
7|GERMANY|33|7|28340.21|0.0|33|16608|16608|1031|1031|21
17|PERU|59|17|1440.53|0.02|59|16608|16608|1031|1031|21
8|INDIA|12|8|49714.7|0.1|12|16608|16608|1031|1031|21
8|INDIA|12|8|50583.63|0.04|12|16608|16608|1031|1031|21
14|KENYA|76|14|37690.5|0.06|76|16608|16608|1031|1031|21
2|BRAZIL|21|2|39578.86|0.01|21|16608|16608|1031|1031|21
19|ROMANIA|62|19|17814.96|0.06|62|43204|43204|1031|1031|21
22|RUSSIA|40|22|46737.6|0.08|40|43204|43204|1031|1031|21
17|PERU|59|17|63383.32|0.01|59|43204|43204|1031|1031|21
8|INDIA|12|8|38964.51|0.05|12|43204|43204|1031|1031|21
2|BRAZIL|21|2|25152.69|0.09|21|20288|20288|1075|1075|21
24|UNITED STATES|46|24|52919.44|0.05|46|21730|21730|1075|1075|21
17|PERU|57|17|40074.24|0.06|57|21730|21730|1075|1075|21
24|UNITED STATES|46|24|30051.92|0.09|46|21730|21730|1075|1075|21
24|UNITED STATES|19|24|37146.06|0.0|19|21730|21730|1075|1075|21
12|JAPAN|43|12|10631.6|0.06|43|21730|21730|1075|1075|21
24|UNITED STATES|64|24|14110.88|0.08|64|21730|21730|1075|1075|21
9|INDONESIA|45|9|11989.08|0.05|45|20644|20644|1075|1075|21
18|CHINA|41|18|26989.88|0.05|41|20644|20644|1075|1075|21
5|ETHIOPIA|2|5|16277.4|0.09|2|20644|20644|1075|1075|21
16|MOZAMBIQUE|56|16|4284.68|0.0|56|41664|41664|1075|1075|21
23|UNITED KINGDOM|32|23|4276.64|0.07|32|41664|41664|1075|1075|21
16|MOZAMBIQUE|31|16|31650.56|0.07|31|41664|41664|1075|1075|21
16|MOZAMBIQUE|30|16|17461.08|0.03|30|41664|41664|1075|1075|21
3|CANADA|13|3|13238.0|0.0|13|2273|2273|1075|1075|21
4|EGYPT|38|4|21425.04|0.07|38|2273|2273|1075|1075|21
23|UNITED KINGDOM|7|23|50812.53|0.06|7|17252|17252|1075|1075|21
14|KENYA|48|14|8565.12|0.0|48|17252|17252|1075|1075|21
4|EGYPT|67|4|47801.82|0.01|67|17252|17252|1075|1075|21
14|KENYA|76|14|12701.44|0.01|76|17252|17252|1075|1075|21
18|CHINA|75|18|28044.13|0.07|75|17252|17252|1075|1075|21
24|UNITED STATES|64|24|69869.26|0.1|64|17252|17252|1075|1075|21
1|ARGENTINA|3|1|6266.64|0.1|3|17252|17252|1075|1075|21
10|IRAN|9|10|69241.92|0.09|9|15493|15493|1075|1075|21
21|VIETNAM|26|21|77020.31|0.07|26|15493|15493|1075|1075|21
15|MOROCCO|14|15|52548.76|0.02|14|15493|15493|1075|1075|21
5|ETHIOPIA|63|5|18279.14|0.1|63|15493|15493|1075|1075|21
16|MOZAMBIQUE|30|16|18147.14|0.04|30|15493|15493|1075|1075|21
23|UNITED KINGDOM|66|23|34716.6|0.0|66|18688|18688|1075|1075|21
8|INDIA|12|8|41315.96|0.07|12|18688|18688|1075|1075|21
16|MOZAMBIQUE|56|16|37679.6|0.0|56|18688|18688|1075|1075|21
24|UNITED STATES|10|24|11552.5|0.06|10|18688|18688|1075|1075|21
22|RUSSIA|42|22|28289.7|0.1|42|18688|18688|1075|1075|21
18|CHINA|41|18|63658.65|0.07|41|18688|18688|1075|1075|21
1|ARGENTINA|3|1|76545.12|0.05|3|18688|18688|1075|1075|21
0|ALGERIA|37|0|25947.8|0.01|37|25026|25026|1075|1075|21
21|VIETNAM|68|21|30805.32|0.05|68|25026|25026|1075|1075|21
18|CHINA|41|18|72526.82|0.07|41|25026|25026|1075|1075|21
17|PERU|57|17|28235.88|0.04|57|34179|34179|1075|1075|21
15|MOROCCO|4|15|54521.6|0.03|4|34179|34179|1075|1075|21
24|UNITED STATES|10|24|40609.1|0.0|10|34179|34179|1075|1075|21
24|UNITED STATES|64|24|12143.1|0.01|64|34179|34179|1075|1075|21
8|INDIA|61|8|6056.55|0.01|61|22561|22561|41|41|10
18|CHINA|72|18|6348.9|0.01|72|22561|22561|41|41|10
14|KENYA|79|14|19626.0|0.05|79|22561|22561|41|41|10
8|INDIA|12|8|55548.59|0.07|12|22561|22561|41|41|10
2|BRAZIL|21|2|33201.42|0.0|21|22561|22561|41|41|10
20|SAUDI ARABIA|74|20|59282.65|0.01|74|22561|22561|41|41|10
1|ARGENTINA|3|1|53967.28|0.08|3|22561|22561|41|41|10
14|KENYA|6|14|42706.08|0.1|6|41152|41152|41|41|10
4|EGYPT|22|4|10034.8|0.0|22|41152|41152|41|41|10
16|MOZAMBIQUE|58|16|5013.4|0.1|58|41152|41152|41|41|10
17|PERU|57|17|60094.4|0.08|57|41152|41152|41|41|10
19|ROMANIA|17|19|9036.9|0.0|17|41152|41152|41|41|10
23|UNITED KINGDOM|7|23|5556.12|0.1|7|33510|33510|805|805|10
22|RUSSIA|40|22|53558.98|0.02|40|33510|33510|805|805|10
10|IRAN|9|10|25127.5|0.01|9|33510|33510|805|805|10
21|VIETNAM|35|21|51043.02|0.04|35|33510|33510|805|805|10
12|JAPAN|43|12|66799.59|0.08|43|33510|33510|805|805|10
23|UNITED KINGDOM|32|23|41746.37|0.01|32|33510|33510|805|805|10
16|MOZAMBIQUE|73|16|46526.04|0.07|73|46821|46821|805|805|10
21|VIETNAM|26|21|49182.36|0.03|26|44645|44645|805|805|10
17|PERU|1|17|11702.39|0.01|1|44612|44612|805|805|10
9|INDONESIA|51|9|10091.0|0.02|51|44612|44612|805|805|10
8|INDIA|60|8|34369.1|0.0|60|44612|44612|805|805|10
14|KENYA|47|14|70003.92|0.08|47|44612|44612|805|805|10
16|MOZAMBIQUE|18|16|36380.88|0.03|18|44612|44612|805|805|10
21|VIETNAM|80|21|54934.14|0.1|80|47719|47719|805|805|10
7|GERMANY|77|7|24512.62|0.01|77|7202|7202|805|805|10
7|GERMANY|33|7|39752.79|0.08|33|7202|7202|805|805|10
24|UNITED STATES|55|24|27794.25|0.06|55|7202|7202|805|805|10
14|KENYA|48|14|47077.84|0.08|48|7202|7202|805|805|10
20|SAUDI ARABIA|74|20|88193.0|0.1|74|7202|7202|805|805|10
14|KENYA|6|14|30783.6|0.04|6|19045|19045|805|805|10
1|ARGENTINA|71|1|41954.7|0.06|71|19045|19045|805|805|10
22|RUSSIA|42|22|53937.6|0.06|42|19045|19045|805|805|10
7|GERMANY|33|7|26648.6|0.05|33|20388|20388|925|925|10
4|EGYPT|22|4|37336.7|0.06|22|20388|20388|925|925|10
8|INDIA|61|8|38191.77|0.09|61|20388|20388|925|925|10
15|MOROCCO|4|15|30791.28|0.02|4|20388|20388|925|925|10
22|RUSSIA|65|22|49813.38|0.04|65|41029|41029|925|925|10
12|JAPAN|54|12|1743.84|0.02|54|41029|41029|925|925|10
18|CHINA|27|18|67185.76|0.08|27|41029|41029|925|925|10
4|EGYPT|38|4|36747.48|0.07|38|41029|41029|925|925|10
10|IRAN|34|10|30869.68|0.02|34|24230|24230|925|925|10
8|INDIA|12|8|49824.0|0.03|12|24230|24230|925|925|10
22|RUSSIA|42|22|48707.17|0.09|42|24230|24230|925|925|10
22|RUSSIA|42|22|44188.73|0.05|42|24230|24230|925|925|10
9|INDONESIA|50|9|58947.0|0.02|50|29734|29734|925|925|10
7|GERMANY|53|7|35738.62|0.06|53|29734|29734|925|925|10
19|ROMANIA|17|19|11914.98|0.07|17|14369|14369|1085|1085|21
20|SAUDI ARABIA|74|20|41310.45|0.02|74|14369|14369|1085|1085|21
4|EGYPT|67|4|18686.23|0.07|67|43235|43235|1085|1085|21
22|RUSSIA|42|22|43150.08|0.0|42|46851|46851|1085|1085|21
22|RUSSIA|16|22|63067.2|0.08|16|24742|24742|1063|1063|21
22|RUSSIA|40|22|22058.15|0.02|40|39360|39360|1063|1063|21
3|CANADA|13|3|34003.06|0.0|13|39360|39360|1063|1063|21
9|INDONESIA|23|9|77208.78|0.07|23|39360|39360|1063|1063|21
12|JAPAN|43|12|41420.48|0.03|43|39360|39360|1063|1063|21
22|RUSSIA|42|22|36999.06|0.1|42|39360|39360|1063|1063|21
14|KENYA|6|14|28055.0|0.01|6|8068|8068|1063|1063|21
8|INDIA|61|8|44688.24|0.07|61|8068|8068|1063|1063|21
21|VIETNAM|68|21|25587.36|0.03|68|8068|8068|1063|1063|21
23|UNITED KINGDOM|32|23|27668.16|0.03|32|8068|8068|1063|1063|21
3|CANADA|20|3|53299.61|0.08|20|8068|8068|1063|1063|21
24|UNITED STATES|64|24|35437.75|0.04|64|8068|8068|1063|1063|21
16|MOZAMBIQUE|30|16|31282.1|0.03|30|8068|8068|1063|1063|21
8|INDIA|60|8|44286.97|0.09|60|3111|3111|1063|1063|21
0|ALGERIA|24|0|18597.88|0.05|24|3111|3111|1063|1063|21
8|INDIA|12|8|13114.1|0.02|12|3111|3111|1063|1063|21
14|KENYA|76|14|29451.24|0.0|76|3111|3111|1063|1063|21
12|JAPAN|43|12|21935.98|0.06|43|3111|3111|1063|1063|21
12|JAPAN|54|12|40753.5|0.06|54|3111|3111|1063|1063|21
20|SAUDI ARABIA|74|20|7928.4|0.03|74|3111|3111|1063|1063|21
0|ALGERIA|37|0|78902.19|0.09|37|12224|12224|517|517|10
24|UNITED STATES|19|24|13709.74|0.03|19|12224|12224|517|517|10
24|UNITED STATES|49|24|76268.22|0.04|49|12224|12224|517|517|10
22|RUSSIA|42|22|61706.24|0.0|42|12224|12224|517|517|10
23|UNITED KINGDOM|66|23|49451.05|0.0|66|10145|10145|517|517|10
1|ARGENTINA|71|1|28340.21|0.0|71|10145|10145|517|517|10
13|JORDAN|36|13|26027.52|0.01|36|10145|10145|517|517|10
5|ETHIOPIA|78|5|39222.0|0.01|78|10145|10145|517|517|10
5|ETHIOPIA|78|5|39633.29|0.1|78|10145|10145|517|517|10
12|JAPAN|43|12|60232.4|0.02|43|10145|10145|517|517|10
11|IRAQ|5|11|49061.76|0.05|5|36679|36679|517|517|10
18|CHINA|11|18|86476.71|0.0|11|36679|36679|517|517|10
8|INDIA|39|8|3312.6|0.03|39|36679|36679|517|517|10
24|UNITED STATES|64|24|30356.34|0.06|64|2340|2340|517|517|10
1|ARGENTINA|3|1|9036.9|0.08|3|2340|2340|517|517|10
7|GERMANY|77|7|24348.61|0.02|77|19137|19137|517|517|10
1|ARGENTINA|71|1|33604.8|0.08|71|19137|19137|517|517|10
6|FRANCE|70|6|38197.48|0.02|70|19137|19137|517|517|10
21|VIETNAM|80|21|27667.45|0.08|80|40261|40261|517|517|10
18|CHINA|11|18|48594.81|0.0|11|40261|40261|517|517|10
21|VIETNAM|26|21|53485.0|0.01|26|40261|40261|517|517|10
16|MOZAMBIQUE|58|16|59390.4|0.1|58|40261|40261|517|517|10
15|MOROCCO|14|15|3816.2|0.07|14|40261|40261|517|517|10
12|JAPAN|54|12|59035.48|0.01|54|40261|40261|517|517|10
21|VIETNAM|68|21|36895.25|0.07|68|37988|37988|1150|1150|21
18|CHINA|72|18|46601.45|0.0|72|46722|46722|1150|1150|21
24|UNITED STATES|10|24|15316.44|0.08|10|46722|46722|1150|1150|21
22|RUSSIA|65|22|65433.03|0.07|65|46722|46722|1150|1150|21
8|INDIA|39|8|30393.96|0.06|39|46722|46722|1150|1150|21
19|ROMANIA|52|19|44508.6|0.1|52|46722|46722|1150|1150|21
20|SAUDI ARABIA|74|20|32182.01|0.09|74|46722|46722|1150|1150|21
14|KENYA|47|14|68624.5|0.04|47|28196|28196|1150|1150|21
17|PERU|57|17|2612.8|0.1|57|4354|4354|1150|1150|21
16|MOZAMBIQUE|56|16|30423.3|0.08|56|4354|4354|1150|1150|21
10|IRAN|34|10|52373.87|0.06|34|4354|4354|1150|1150|21
23|UNITED KINGDOM|66|23|24754.84|0.09|66|31235|31235|946|946|21
23|UNITED KINGDOM|32|23|41783.51|0.02|32|31235|31235|946|946|21
5|ETHIOPIA|63|5|73733.88|0.07|63|31235|31235|946|946|21
5|ETHIOPIA|2|5|1229.32|0.07|2|31235|31235|946|946|21
8|INDIA|61|8|85791.65|0.09|61|40453|40453|946|946|21
13|JORDAN|36|13|45543.68|0.02|36|40453|40453|946|946|21
4|EGYPT|67|4|33135.3|0.05|67|40453|40453|946|946|21
1|ARGENTINA|29|1|30152.4|0.06|29|40453|40453|946|946|21
22|RUSSIA|42|22|2899.08|0.08|42|40453|40453|946|946|21
23|UNITED KINGDOM|7|23|14687.44|0.01|7|28672|28672|946|946|21
4|EGYPT|22|4|3848.24|0.03|22|28672|28672|946|946|21
1|ARGENTINA|71|1|22403.85|0.1|71|28672|28672|946|946|21
3|CANADA|20|3|13706.98|0.03|20|28672|28672|946|946|21
16|MOZAMBIQUE|30|16|25947.3|0.05|30|28672|28672|946|946|21
8|INDIA|61|8|39312.3|0.05|61|31140|31140|946|946|21
4|EGYPT|69|4|990.08|0.02|69|16898|16898|946|946|21
4|EGYPT|67|4|66671.5|0.07|67|16898|16898|946|946|21
1|ARGENTINA|71|1|41264.1|0.08|71|43398|43398|1073|1073|10
21|VIETNAM|26|21|24812.35|0.05|26|43398|43398|1073|1073|10
22|RUSSIA|25|22|22520.0|0.06|25|43398|43398|1073|1073|10
24|UNITED STATES|19|24|77829.84|0.04|19|43398|43398|1073|1073|10
15|MOROCCO|4|15|4144.52|0.09|4|43398|43398|1073|1073|10
9|INDONESIA|23|9|3768.16|0.06|23|3137|3137|1073|1073|10
3|CANADA|20|3|5514.06|0.02|20|3137|3137|1073|1073|10
22|RUSSIA|40|22|61118.33|0.09|40|3622|3622|721|721|21
7|GERMANY|77|7|65205.46|0.07|77|3622|3622|721|721|21
12|JAPAN|54|12|11829.69|0.08|54|3622|3622|721|721|21
19|ROMANIA|17|19|6434.8|0.04|17|3622|3622|721|721|21
9|INDONESIA|50|9|31727.81|0.09|50|29827|29827|721|721|21
17|PERU|59|17|47637.66|0.06|59|29827|29827|721|721|21
13|JORDAN|36|13|31814.44|0.04|36|29827|29827|721|721|21
8|INDIA|12|8|32418.54|0.08|12|29827|29827|721|721|21
12|JAPAN|54|12|9938.72|0.09|54|29827|29827|721|721|21
18|CHINA|27|18|26417.72|0.08|27|29827|29827|721|721|21
10|IRAN|9|10|49621.7|0.01|9|15650|15650|721|721|21
17|PERU|59|17|32985.25|0.09|59|15650|15650|721|721|21
24|UNITED STATES|46|24|20812.5|0.08|46|15650|15650|721|721|21
17|PERU|59|17|72597.42|0.05|59|47015|47015|721|721|21
22|RUSSIA|16|22|61060.26|0.04|16|47015|47015|721|721|21
4|EGYPT|38|4|79043.16|0.05|38|47015|47015|721|721|21
5|ETHIOPIA|2|5|70250.88|0.09|2|47015|47015|721|721|21
17|PERU|57|17|54538.4|0.1|57|4710|4710|787|787|10
8|INDIA|12|8|43240.47|0.04|12|4710|4710|787|787|10
17|PERU|59|17|11141.7|0.04|59|37702|37702|787|787|10
4|EGYPT|69|4|25723.72|0.1|69|23237|23237|787|787|10
13|JORDAN|36|13|62226.72|0.04|36|23237|23237|787|787|10
22|RUSSIA|25|22|28218.78|0.09|25|23237|23237|787|787|10
14|KENYA|79|14|48903.5|0.08|79|23237|23237|787|787|10
17|PERU|57|17|24302.25|0.04|57|23237|23237|787|787|10
19|ROMANIA|17|19|2823.12|0.08|17|23237|23237|787|787|10
5|ETHIOPIA|63|5|31774.5|0.07|63|23237|23237|787|787|10
17|PERU|8|17|4057.35|0.05|8|547|547|787|787|10
19|ROMANIA|62|19|64572.64|0.08|62|547|547|787|787|10
4|EGYPT|38|4|47620.32|0.01|38|547|547|787|787|10
9|INDONESIA|23|9|19273.54|0.05|23|33958|33958|787|787|10
10|IRAN|34|10|2913.1|0.06|34|33958|33958|787|787|10
16|MOZAMBIQUE|56|16|15633.12|0.07|56|33958|33958|787|787|10
16|MOZAMBIQUE|18|16|53233.5|0.08|18|10176|10176|787|787|10
12|JAPAN|43|12|40236.92|0.06|43|10176|10176|787|787|10
21|VIETNAM|68|21|24329.62|0.08|68|45926|45926|248|248|10
0|ALGERIA|28|0|32277.01|0.03|28|45926|45926|248|248|10
18|CHINA|41|18|11713.0|0.0|41|45926|45926|248|248|10
7|GERMANY|77|7|22464.72|0.1|77|44322|44322|127|127|21
18|CHINA|72|18|67992.48|0.04|72|44322|44322|127|127|21
16|MOZAMBIQUE|56|16|29280.32|0.03|56|44322|44322|127|127|21
9|INDONESIA|45|9|3585.87|0.0|45|44322|44322|127|127|21
18|CHINA|75|18|5604.18|0.04|75|44322|44322|127|127|21
8|INDIA|61|8|73632.2|0.04|61|46115|46115|127|127|21
8|INDIA|60|8|30244.76|0.1|60|46115|46115|127|127|21
16|MOZAMBIQUE|58|16|54926.91|0.03|58|46115|46115|127|127|21
24|UNITED STATES|10|24|48857.41|0.1|10|46115|46115|127|127|21
24|UNITED STATES|64|24|40238.64|0.04|64|46115|46115|127|127|21
5|ETHIOPIA|2|5|18614.34|0.09|2|46115|46115|127|127|21
16|MOZAMBIQUE|31|16|33940.4|0.09|31|7713|7713|127|127|21
10|IRAN|9|10|17009.2|0.0|9|36966|36966|127|127|21
22|RUSSIA|25|22|61930.0|0.02|25|36966|36966|127|127|21
12|JAPAN|54|12|31714.98|0.05|54|36966|36966|127|127|21
4|EGYPT|69|4|14937.75|0.0|69|6146|6146|127|127|21
21|VIETNAM|35|21|39733.05|0.01|35|6146|6146|127|127|21
12|JAPAN|54|12|19749.28|0.09|54|6146|6146|127|127|21
24|UNITED STATES|10|24|14238.96|0.05|10|18176|18176|127|127|21
7|GERMANY|53|7|26340.38|0.04|53|18176|18176|127|127|21
10|IRAN|9|10|25947.52|0.04|9|46662|46662|127|127|21
4|EGYPT|69|4|41733.78|0.0|69|46662|46662|127|127|21
24|UNITED STATES|10|24|49826.28|0.09|10|46662|46662|127|127|21
8|INDIA|39|8|16644.19|0.09|39|46662|46662|127|127|21
7|GERMANY|53|7|1359.45|0.1|53|46662|46662|127|127|21
7|GERMANY|44|7|54683.04|0.0|44|39524|39524|127|127|21
8|INDIA|61|8|18199.65|0.08|61|39524|39524|127|127|21
1|ARGENTINA|3|1|22006.75|0.09|3|39524|39524|127|127|21
24|UNITED STATES|55|24|42255.0|0.0|55|19527|19527|127|127|21
24|UNITED STATES|55|24|33342.15|0.1|55|19527|19527|127|127|21
0|ALGERIA|24|0|43624.17|0.07|24|19527|19527|127|127|21
4|EGYPT|38|4|30104.76|0.1|38|19527|19527|127|127|21
9|INDONESIA|50|9|16033.05|0.1|50|37568|37568|523|523|10
19|ROMANIA|62|19|3967.26|0.0|62|41891|41891|523|523|10
7|GERMANY|33|7|51017.94|0.05|33|41891|41891|523|523|10
9|INDONESIA|50|9|44439.43|0.04|50|41891|41891|523|523|10
10|IRAN|9|10|37697.04|0.09|9|41891|41891|523|523|10
2|BRAZIL|21|2|43231.76|0.0|21|41891|41891|523|523|10
7|GERMANY|53|7|38730.51|0.09|53|41891|41891|523|523|10
6|FRANCE|70|6|4196.56|0.02|70|33157|33157|523|523|10
9|INDONESIA|23|9|61169.76|0.05|23|33157|33157|523|523|10
18|CHINA|27|18|59282.64|0.08|27|33157|33157|523|523|10
24|UNITED STATES|64|24|33763.54|0.0|64|33157|33157|523|523|10
5|ETHIOPIA|63|5|43758.72|0.1|63|33157|33157|523|523|10
5|ETHIOPIA|63|5|30777.12|0.0|63|33157|33157|523|523|10
5|ETHIOPIA|2|5|27731.52|0.05|2|33157|33157|523|523|10
16|MOZAMBIQUE|73|16|20174.22|0.07|73|16801|16801|523|523|10
22|RUSSIA|40|22|65877.56|0.05|40|16801|16801|523|523|10
16|MOZAMBIQUE|18|16|10867.6|0.07|18|16801|16801|523|523|10
18|CHINA|75|18|7077.55|0.02|75|16801|16801|523|523|10
16|MOZAMBIQUE|30|16|8401.12|0.09|30|16801|16801|523|523|10
18|CHINA|11|18|48157.65|0.09|11|24998|24998|523|523|10
8|INDIA|61|8|70034.0|0.06|61|24998|24998|523|523|10
4|EGYPT|69|4|25258.98|0.08|69|24998|24998|523|523|10
18|CHINA|75|18|13682.76|0.03|75|24998|24998|523|523|10
18|CHINA|75|18|1610.71|0.05|75|32677|32677|523|523|10
21|VIETNAM|80|21|42187.6|0.04|80|20324|20324|523|523|10
2|BRAZIL|21|2|47411.06|0.0|21|20324|20324|523|523|10
21|VIETNAM|68|21|57260.57|0.07|68|32836|32836|523|523|10
24|UNITED STATES|64|24|64660.64|0.04|64|32836|32836|523|523|10
16|MOZAMBIQUE|18|16|36914.25|0.06|18|30689|30689|523|523|10
24|UNITED STATES|49|24|5573.96|0.06|49|30689|30689|523|523|10
23|UNITED KINGDOM|66|23|54593.8|0.01|66|1702|1702|523|523|10
4|EGYPT|22|4|43290.74|0.0|22|1702|1702|523|523|10
24|UNITED STATES|55|24|27294.07|0.02|55|1702|1702|523|523|10
0|ALGERIA|37|0|67047.3|0.0|37|1702|1702|523|523|10
16|MOZAMBIQUE|18|16|45856.44|0.07|18|1702|1702|523|523|10
4|EGYPT|38|4|34533.24|0.1|38|1702|1702|523|523|10
21|VIETNAM|80|21|13598.32|0.09|80|32197|32197|523|523|10
14|KENYA|48|14|50854.8|0.02|48|32197|32197|523|523|10
21|VIETNAM|68|21|9748.62|0.04|68|32197|32197|523|523|10
7|GERMANY|53|7|33081.62|0.06|53|32197|32197|523|523|10
19|ROMANIA|62|19|63381.85|0.07|62|22343|22343|523|523|10
9|INDONESIA|51|9|60969.32|0.01|51|22343|22343|523|523|10
17|PERU|57|17|42138.72|0.02|57|22343|22343|523|523|10
23|UNITED KINGDOM|7|23|38821.44|0.05|7|36006|36006|545|545|10
18|CHINA|11|18|32771.04|0.07|11|36006|36006|545|545|10
6|FRANCE|70|6|68222.85|0.07|70|36006|36006|545|545|10
9|INDONESIA|45|9|10178.96|0.07|45|36006|36006|545|545|10
23|UNITED KINGDOM|32|23|47652.5|0.03|32|36006|36006|545|545|10
4|EGYPT|38|4|37633.07|0.01|38|36006|36006|545|545|10
5|ETHIOPIA|63|5|66608.3|0.07|63|36006|36006|545|545|10
18|CHINA|75|18|53304.32|0.04|75|23105|23105|545|545|10
17|PERU|1|17|9394.16|0.06|1|40485|40485|545|545|10
22|RUSSIA|40|22|12829.6|0.09|40|40485|40485|545|545|10
9|INDONESIA|23|9|31789.51|0.03|23|40485|40485|545|545|10
19|ROMANIA|17|19|67151.67|0.0|17|40485|40485|545|545|10
8|INDIA|39|8|29792.7|0.09|39|40485|40485|545|545|10
11|IRAQ|5|11|52495.58|0.08|5|4422|4422|545|545|10
17|PERU|57|17|4890.35|0.09|57|4422|4422|545|545|10
24|UNITED STATES|19|24|4476.84|0.02|19|4422|4422|545|545|10
7|GERMANY|53|7|30772.6|0.07|53|4422|4422|545|545|10
16|MOZAMBIQUE|30|16|67072.59|0.0|30|4422|4422|545|545|10
10|IRAN|34|10|2026.22|0.07|34|31136|31136|545|545|10
24|UNITED STATES|64|24|6943.5|0.01|64|31136|31136|545|545|10
11|IRAQ|5|11|24545.04|0.01|5|33860|33860|545|545|10
13|JORDAN|36|13|28310.2|0.07|36|33860|33860|545|545|10
24|UNITED STATES|64|24|5420.9|0.08|64|33860|33860|545|545|10
0|ALGERIA|37|0|29852.7|0.02|37|31105|31105|335|335|21
8|INDIA|15|8|4420.71|0.09|15|31105|31105|335|335|21
16|MOZAMBIQUE|18|16|23930.16|0.0|18|31105|31105|335|335|21
0|ALGERIA|28|0|67788.16|0.05|28|31105|31105|335|335|21
0|ALGERIA|28|0|45915.4|0.04|28|31105|31105|335|335|21
12|JAPAN|54|12|24490.62|0.06|54|32839|32839|335|335|21
22|RUSSIA|16|22|26326.89|0.0|16|22240|22240|335|335|21
6|FRANCE|70|6|19821.8|0.03|70|24640|24640|335|335|21
14|KENYA|48|14|56060.0|0.09|48|24640|24640|335|335|21
16|MOZAMBIQUE|56|16|20507.1|0.05|56|24640|24640|335|335|21
5|ETHIOPIA|78|5|17802.96|0.04|78|24640|24640|335|335|21
23|UNITED KINGDOM|32|23|5133.52|0.1|32|24640|24640|335|335|21
19|ROMANIA|17|19|23945.8|0.04|17|24640|24640|335|335|21
18|CHINA|41|18|47320.17|0.1|41|24640|24640|335|335|21
7|GERMANY|44|7|8306.88|0.03|44|27237|27237|335|335|21
8|INDIA|15|8|23593.12|0.01|15|27237|27237|335|335|21
14|KENYA|76|14|21011.1|0.07|76|27237|27237|335|335|21
24|UNITED STATES|19|24|52383.18|0.09|19|5447|5447|104|104|10
11|IRAQ|5|11|10781.7|0.06|5|7877|7877|104|104|10
8|INDIA|61|8|14971.35|0.01|61|7877|7877|104|104|10
8|INDIA|61|8|72127.0|0.03|61|7877|7877|104|104|10
21|VIETNAM|35|21|39122.16|0.04|35|7877|7877|104|104|10
1|ARGENTINA|29|1|44530.76|0.07|29|7877|7877|104|104|10
12|JAPAN|54|12|63336.88|0.06|54|7877|7877|104|104|10
4|EGYPT|38|4|31786.29|0.03|38|7877|7877|104|104|10
17|PERU|8|17|7519.19|0.04|8|31205|31205|104|104|10
8|INDIA|61|8|9955.0|0.0|61|31205|31205|104|104|10
1|ARGENTINA|71|1|15857.25|0.08|71|31205|31205|104|104|10
13|JORDAN|36|13|24519.04|0.1|36|31205|31205|104|104|10
22|RUSSIA|25|22|25436.85|0.09|25|31205|31205|104|104|10
22|RUSSIA|16|22|44861.79|0.04|16|31205|31205|104|104|10
18|CHINA|75|18|22940.48|0.04|75|31205|31205|104|104|10
7|GERMANY|33|7|68410.85|0.06|33|40643|40643|104|104|10
7|GERMANY|77|7|23399.99|0.1|77|40643|40643|104|104|10
17|PERU|59|17|999.09|0.09|59|40643|40643|104|104|10
14|KENYA|47|14|25576.88|0.02|47|40643|40643|104|104|10
5|ETHIOPIA|78|5|28422.94|0.06|78|40643|40643|104|104|10
24|UNITED STATES|10|24|51967.86|0.09|10|40643|40643|104|104|10
3|CANADA|20|3|30407.75|0.06|20|40643|40643|104|104|10
21|VIETNAM|80|21|8460.27|0.08|80|35617|35617|104|104|10
7|GERMANY|44|7|1902.1|0.05|44|11107|11107|356|356|10
0|ALGERIA|28|0|50137.65|0.01|28|11107|11107|356|356|10
1|ARGENTINA|3|1|28297.59|0.05|3|11107|11107|356|356|10
19|ROMANIA|62|19|49102.9|0.1|62|6148|6148|356|356|10
18|CHINA|72|18|34837.2|0.1|72|6148|6148|356|356|10
8|INDIA|12|8|69855.26|0.09|12|21063|21063|356|356|10
5|ETHIOPIA|78|5|54398.14|0.0|78|21063|21063|356|356|10
13|JORDAN|36|13|34957.2|0.08|36|26311|26311|356|356|10
10|IRAN|34|10|23353.68|0.07|34|26311|26311|356|356|10
24|UNITED STATES|10|24|51631.44|0.06|10|26311|26311|356|356|10
19|ROMANIA|52|19|42057.36|0.07|52|26311|26311|356|356|10
7|GERMANY|77|7|19445.85|0.03|77|31233|31233|158|158|10
23|UNITED KINGDOM|66|23|38741.0|0.03|66|31233|31233|158|158|10
8|INDIA|15|8|37363.59|0.01|15|31233|31233|158|158|10
16|MOZAMBIQUE|58|16|33531.63|0.07|58|31233|31233|158|158|10
22|RUSSIA|25|22|4180.56|0.1|25|31233|31233|158|158|10
5|ETHIOPIA|63|5|45023.3|0.01|63|31233|31233|158|158|10
18|CHINA|72|18|3641.84|0.0|72|1188|1188|158|158|10
1|ARGENTINA|71|1|54588.63|0.07|71|1188|1188|158|158|10
16|MOZAMBIQUE|18|16|16181.01|0.01|18|1188|1188|158|158|10
11|IRAQ|5|11|34119.12|0.02|5|42598|42598|158|158|10
7|GERMANY|44|7|29645.28|0.07|44|42598|42598|158|158|10
8|INDIA|60|8|3117.39|0.07|60|42598|42598|158|158|10
21|VIETNAM|68|21|4579.86|0.1|68|42598|42598|158|158|10
9|INDONESIA|45|9|85004.1|0.04|45|42598|42598|158|158|10
14|KENYA|76|14|48312.06|0.04|76|42598|42598|158|158|10
18|CHINA|72|18|48892.54|0.06|72|25156|25156|158|158|10
21|VIETNAM|35|21|22418.85|0.05|35|25156|25156|158|158|10
3|CANADA|13|3|58198.35|0.02|13|25156|25156|158|158|10
9|INDONESIA|45|9|17410.04|0.0|45|25156|25156|158|158|10
15|MOROCCO|4|15|3832.2|0.05|4|25156|25156|158|158|10
22|RUSSIA|16|22|64515.0|0.1|16|25156|25156|158|158|10
9|INDONESIA|51|9|7904.64|0.02|51|25414|25414|884|884|21
8|INDIA|15|8|64268.0|0.04|15|25414|25414|884|884|21
13|JORDAN|36|13|20302.2|0.1|36|25414|25414|884|884|21
10|IRAN|34|10|22433.85|0.09|34|25414|25414|884|884|21
24|UNITED STATES|19|24|8409.0|0.06|19|25414|25414|884|884|21
7|GERMANY|53|7|75985.37|0.07|53|25414|25414|884|884|21
0|ALGERIA|28|0|21626.37|0.03|28|6755|6755|884|884|21
8|INDIA|60|8|40991.79|0.01|60|30853|30853|884|884|21
16|MOZAMBIQUE|58|16|39082.8|0.03|58|30853|30853|884|884|21
22|RUSSIA|25|22|16082.68|0.1|25|30853|30853|884|884|21
15|MOROCCO|4|15|83371.89|0.02|4|30853|30853|884|884|21
2|BRAZIL|21|2|42004.2|0.03|21|30853|30853|884|884|21
18|CHINA|27|18|43210.8|0.0|27|30853|30853|884|884|21
7|GERMANY|33|7|30113.28|0.08|33|45572|45572|884|884|21
7|GERMANY|44|7|10421.4|0.04|44|45572|45572|884|884|21
8|INDIA|60|8|35130.13|0.03|60|45572|45572|884|884|21
13|JORDAN|36|13|48652.4|0.08|36|45572|45572|884|884|21
15|MOROCCO|14|15|34180.3|0.08|14|45572|45572|884|884|21
12|JAPAN|43|12|48083.03|0.07|43|45572|45572|884|884|21
