3942
4129
1159
3975
1797
3425
1027
8738
18083
4965
19073
19172
7968
5889
6659
5317
5537
8518
1379
6725
2820
1632
29094
4613
9827
7429
2501
2435
3139
7748
6307
5702
8837
9508
29061
6758
29281
1412
7649
3238
19590
6912
9959
2468
7814
5988
8903
5218
2336
2017
39170
19491
6439
4998
19271
25090
4547
17280
2149
5603
7847
40709
8804
1445
3777
2215
5922
3744
2402
1126
1511
3876
3106
3205
4228
6208
16290
5735
18182
4514
37
4899
5636
4800
4833
37190
17060
5955
28192
16070
2534
3843
1863
2886
38180
29380
17093
9728
