36354
27268
24771
34374
47552
15168
23682
18435
16037
35683
22340
26311
27587
45891
43680
24100
37861
37542
27653
38950
20162
16576
16004
19777
17511
28423
45220
36420
16741
35298
44483
42085
10790
13089
43394
35232
24672
38246
14178
47200
46177
24485
36167
36640
25860
37696
24551
12066
16455
12583
34055
36992
19205
18754
39841
36486
19843
35584
45792
18215
38499
18336
47970
42690
13056
36673
131
46375
47750
24034
18886
28676
45572
39302
38433
27015
20261
15234
35265
18402
26432
31360
45088
31173
39687
26498
12484
27488
22021
23011
25024
35045
46595
34693
13188
44230
19975
13760
33890
41062
11494
16961
39104
18534
42272
32196
12165
25156
46496
21251
47266
26850
37894
16675
15872
17632
23143
21383
39621
34660
15520
35078
32130
39555
22274
27235
17412
18787
19557
39654
32064
22560
27620
14211
39137
17478
27136
12352
46144
384
35430
33351
12385
43075
28742
27686
17126
31074
27521
19238
39269
47783
38631
12000
33186
12550
18567
36871
38785
25761
26146
20481
39335
20580
25574
47013
46562
14464
14343
45286
18688
13254
25541
21152
14244
23110
28357
47585
11010
38400
17797
14310
24353
36035
39940
26245
47332
27202
14981
37344
12231
29347
22791
45671
24166
29732
47398
39522
27169
43460
19106
16103
45187
41095
27873
47651
20294
21031
46661
34022
38279
44131
16257
39489
46243
15014
15333
24320
19744
26982
18149
41282
13573
17445
13287
29798
30370
10691
37410
44032
28005
26564
29666
40391
19810
36134
12451
10372
37124
33571
17346
32581
44263
35397
11142
21185
41381
25794
17764
25123
31041
28577
10086
36321
37795
44582
23462
164
38598
37058
15047
23044
35463
22054
15201
36772
18820
19425
44065
20096
21350
22692
14112
37443
30183
11362
34341
13474
28643
26883
46023
35782
47365
45990
14277
38213
28038
37575
10240
38114
26212
30051
12770
34275
16224
47431
42470
25189
15267
12198
26113
14497
26531
35012
36002
23396
24870
23077
16642
19139
13221
37377
37762
44098
23363
37223
45121
450
10020
