4258
6018
1574
6469
9703
6854
4610
11908
1123
67
17090
3488
9219
5699
8416
42917
2630
31719
3620
43808
1860
6337
32929
3202
40706
3334
4742
7239
40739
2531
31906
23909
2498
8647
40838
5765
4995
5985
4423
1222
7811
8801
4577
4962
9538
7107
3873
3169
6403
2146
8966
2883
7844
1255
34
5479
2278
3136
5952
1442
5127
6788
9989
2245
1376
7459
3554
8614
7778
8229
3587
5600
7712
5633
3268
3972
8900
41927
3015
1024
7943
6436
6502
2212
3235
20807
10918
4775
6887
41828
20708
4544
5446
5831
5798
4357
3367
3840
3521
8867
9637
4225
3301
32709
5347
