27004.5|0.06|1025
20506.14|0.0|29191
12854.04|0.02|2279
39594.56|0.01|31907
64339.86|0.0|7845
7375.76|0.08|5766
28711.82|0.09|5953
20181.56|0.04|7845
24926.8|0.05|3621
56204.28|0.03|7746
24384.22|0.1|2466
10072.89|0.03|40707
52134.88|0.01|7427
15926.9|0.04|8868
51613.38|0.1|6756
5513.88|0.09|2213
56756.42|0.08|2752
71952.66|0.02|7559
21623.4|0.02|20709
34571.51|0.1|1861
32894.37|0.06|30917
37985.4|0.08|7559
13203.19|0.08|1795
45114.47|0.04|20709
63572.16|0.08|9605
11236.0|0.0|18180
70086.52|0.02|6976
53937.6|0.04|7559
52040.5|0.04|29191
34841.52|0.0|4930
62256.6|0.07|7878
14316.21|0.1|4545
14370.75|0.06|5414
58012.5|0.0|31907
19295.7|0.05|40839
5078.37|0.06|8835
67937.52|0.01|6437
43240.47|0.04|4710
11271.15|0.05|2279
21022.5|0.09|30917
15018.25|0.09|5249
13959.12|0.01|5249
1398.49|0.1|5766
57613.92|0.03|3841
1044.14|0.05|7845
76449.12|0.0|3522
37813.5|0.01|4545
56561.5|0.04|2147
26303.0|0.09|7427
34117.12|0.08|7427
45611.4|0.1|4864
2832.12|0.0|6338
33016.38|0.0|31808
18374.14|0.01|5414
31885.35|0.04|8736
14343.12|0.0|6657
52497.04|0.0|1542
21905.94|0.01|1542
90142.56|0.06|5414
21316.49|0.09|3621
5734.12|0.07|2631
39822.38|0.0|5986
69232.96|0.1|1861
23881.83|0.02|3973
52577.58|0.01|2213
38738.92|0.02|30917
57501.2|0.07|5414
42226.39|0.08|8736
3925.2|0.04|3841
17555.85|0.06|40608
50503.2|0.06|3874
20469.6|0.01|2048
52768.76|0.03|2983
14127.24|0.08|5315
40402.56|0.06|6976
56091.16|0.04|3654
9402.16|0.07|11909
56339.5|0.09|31808
30766.78|0.04|9605
60799.68|0.03|1795
45436.16|0.04|3588
53949.24|0.09|6437
48572.4|0.08|3973
11892.8|0.05|6437
8028.5|0.04|1058
71047.24|0.1|1058
27750.52|0.06|5920
30773.64|0.04|6657
64653.0|0.08|17091
66073.56|0.03|7845
18389.47|0.1|2048
29791.6|0.09|9319
9971.64|0.09|8736
10120.68|0.05|7559
48844.44|0.06|4545
18023.32|0.02|8802
70298.88|0.02|4611
27696.45|0.02|2752
22151.68|0.0|2466
19941.3|0.01|4578
51886.38|0.0|5315
49552.92|0.1|7746
8226.89|0.06|2048
17010.72|0.05|1542
42443.56|0.1|2147
31285.8|0.02|3104
10491.4|0.03|6756
16576.19|0.05|8802
26383.35|0.09|2752
34747.18|0.01|4897
52472.28|0.06|4578
52707.15|0.04|3588
33732.8|0.03|3687
26362.35|0.09|3874
46904.54|0.01|40608
16292.7|0.01|4006
5682.04|0.01|11909
2825.02|0.1|4545
11088.24|0.04|4996
45091.05|0.05|31808
24194.4|0.04|6338
54463.5|0.07|3621
34948.53|0.02|3522
7520.32|0.03|7878
42481.8|0.07|7427
33336.72|0.03|5953
46676.16|0.08|2279
57490.23|0.03|8835
49933.6|0.03|1894
62231.91|0.01|2433
77732.5|0.08|4611
3091.28|0.0|3687
55661.16|0.07|29191
3507.78|0.01|4743
8541.36|0.1|7845
25194.72|0.07|30917
34814.16|0.1|4545
35330.42|0.02|4897
1222.32|0.04|29191
36991.99|0.09|7427
8086.75|0.05|1762
55037.22|0.02|2279
63956.2|0.0|8736
56681.68|0.1|6338
31570.02|0.08|4743
11040.24|0.09|1542
2042.24|0.03|1861
14855.8|0.09|4578
78790.74|0.09|29191
51088.72|0.0|20709
61729.6|0.1|20709
48678.48|0.08|7559
30776.76|0.09|9957
61553.52|0.0|29191
2877.15|0.1|8736
90695.5|0.02|29092
