15|MOROCCO|4|15|71355.2|0.05|4|19393|19393|442|442|1
17|PERU|8|17|48432.48|0.06|8|8704|8704|442|442|1
8|INDIA|61|8|1440.54|0.1|61|8704|8704|442|442|1
10|IRAN|34|10|55661.16|0.07|34|8704|8704|442|442|1
9|INDONESIA|23|9|24344.1|0.09|23|8704|8704|442|442|1
8|INDIA|12|8|41535.56|0.05|12|8704|8704|442|442|1
12|JAPAN|54|12|43138.44|0.1|54|8704|8704|442|442|1
16|MOZAMBIQUE|30|16|50536.61|0.06|30|8704|8704|442|442|1
23|UNITED KINGDOM|7|23|36719.48|0.02|7|27108|27108|442|442|1
22|RUSSIA|40|22|18499.58|0.08|40|27108|27108|442|442|1
8|INDIA|61|8|54780.42|0.0|61|27108|27108|442|442|1
4|EGYPT|67|4|51615.2|0.02|67|27108|27108|442|442|1
12|JAPAN|43|12|38281.32|0.01|43|27108|27108|442|442|1
5|ETHIOPIA|63|5|13580.84|0.04|63|27108|27108|442|442|1
21|VIETNAM|26|21|52850.7|0.04|26|36359|36359|442|442|1
21|VIETNAM|26|21|47251.2|0.01|26|36359|36359|442|442|1
11|IRAQ|5|11|29244.96|0.09|5|961|961|442|442|1
7|GERMANY|44|7|41921.6|0.03|44|961|961|442|442|1
14|KENYA|47|14|12914.58|0.1|47|961|961|442|442|1
17|PERU|57|17|70424.34|0.06|57|961|961|442|442|1
17|PERU|57|17|44327.1|0.09|57|961|961|442|442|1
19|ROMANIA|52|19|33879.54|0.0|52|961|961|442|442|1
16|MOZAMBIQUE|31|16|46298.76|0.09|31|46336|46336|442|442|1
18|CHINA|41|18|29823.86|0.04|41|46336|46336|442|442|1
3|CANADA|13|3|27705.0|0.06|13|577|577|442|442|1
14|KENYA|79|14|19691.0|0.08|79|577|577|442|442|1
17|PERU|59|17|60737.93|0.05|59|17350|17350|442|442|1
12|JAPAN|43|12|38623.64|0.03|43|30309|30309|442|442|1
24|UNITED STATES|46|24|17001.53|0.0|46|26531|26531|442|442|1
17|PERU|57|17|64219.0|0.01|57|26531|26531|442|442|1
24|UNITED STATES|19|24|41954.7|0.01|19|26531|26531|442|442|1
22|RUSSIA|65|22|12453.4|0.05|65|26531|26531|442|442|1
18|CHINA|75|18|82322.68|0.0|75|26531|26531|442|442|1
22|RUSSIA|42|22|32080.02|0.01|42|26531|26531|442|442|1
5|ETHIOPIA|2|5|18319.8|0.03|2|26531|26531|442|442|1
17|PERU|8|17|17757.04|0.0|8|32198|32198|442|442|1
7|GERMANY|44|7|54262.72|0.07|44|32198|32198|442|442|1
24|UNITED STATES|46|24|41984.7|0.03|46|32198|32198|442|442|1
0|ALGERIA|28|0|60785.12|0.06|28|32198|32198|442|442|1
21|VIETNAM|80|21|40633.5|0.07|80|2215|2215|310|310|1
9|INDONESIA|45|9|34837.8|0.01|45|2215|2215|310|310|1
24|UNITED STATES|19|24|48759.81|0.0|19|2215|2215|310|310|1
14|KENYA|76|14|21243.2|0.02|76|2215|2215|310|310|1
11|IRAQ|5|11|51992.64|0.08|5|4995|4995|310|310|1
8|INDIA|60|8|85433.76|0.09|60|4995|4995|310|310|1
10|IRAN|9|10|66419.52|0.0|9|4995|4995|310|310|1
14|KENYA|47|14|10982.88|0.07|47|4995|4995|310|310|1
9|INDONESIA|45|9|25195.28|0.03|45|4995|4995|310|310|1
4|EGYPT|67|4|22728.32|0.02|67|4995|4995|310|310|1
8|INDIA|15|8|50670.02|0.01|15|21189|21189|575|575|1
8|INDIA|12|8|44881.56|0.1|12|21189|21189|575|575|1
15|MOROCCO|4|15|27455.4|0.1|4|21189|21189|575|575|1
14|KENYA|76|14|48603.68|0.0|76|21189|21189|575|575|1
23|UNITED KINGDOM|32|23|17252.0|0.03|32|21189|21189|575|575|1
19|ROMANIA|62|19|61886.0|0.1|62|11649|11649|575|575|1
23|UNITED KINGDOM|66|23|34643.18|0.01|66|11649|11649|575|575|1
8|INDIA|15|8|23593.12|0.06|15|11649|11649|575|575|1
13|JORDAN|36|13|4168.44|0.08|36|11649|11649|575|575|1
9|INDONESIA|23|9|51890.3|0.06|23|11649|11649|575|575|1
22|RUSSIA|65|22|57781.6|0.04|65|11649|11649|575|575|1
0|ALGERIA|28|0|56355.75|0.03|28|11649|11649|575|575|1
11|IRAQ|5|11|36306.6|0.06|5|29056|29056|575|575|1
16|MOZAMBIQUE|73|16|29093.24|0.07|73|29056|29056|575|575|1
9|INDONESIA|51|9|14931.95|0.0|51|29056|29056|575|575|1
1|ARGENTINA|71|1|64969.08|0.05|71|29056|29056|575|575|1
14|KENYA|76|14|32283.09|0.03|76|29056|29056|575|575|1
19|ROMANIA|52|19|43883.58|0.1|52|29056|29056|575|575|1
23|UNITED KINGDOM|66|23|9274.0|0.0|66|18884|18884|575|575|1
7|GERMANY|44|7|33348.48|0.02|44|18884|18884|575|575|1
17|PERU|57|17|10076.11|0.04|57|18884|18884|575|575|1
0|ALGERIA|24|0|44304.96|0.02|24|18884|18884|575|575|1
14|KENYA|79|14|36260.15|0.05|79|18884|18884|575|575|1
24|UNITED STATES|46|24|26037.45|0.1|46|18884|18884|575|575|1
16|MOZAMBIQUE|31|16|33636.8|0.08|31|18884|18884|575|575|1
16|MOZAMBIQUE|73|16|45040.47|0.06|73|43173|43173|575|575|1
23|UNITED KINGDOM|66|23|1285.38|0.08|66|29922|29922|575|575|1
9|INDONESIA|50|9|37559.4|0.1|50|29922|29922|575|575|1
4|EGYPT|69|4|25442.6|0.01|69|29922|29922|575|575|1
14|KENYA|79|14|16187.1|0.08|79|29922|29922|575|575|1
22|RUSSIA|42|22|30552.4|0.01|42|29922|29922|575|575|1
16|MOZAMBIQUE|30|16|5574.12|0.06|30|29922|29922|575|575|1
18|CHINA|41|18|56900.8|0.06|41|29922|29922|575|575|1
21|VIETNAM|80|21|16579.81|0.1|80|5636|5636|971|971|1
18|CHINA|72|18|37792.3|0.03|72|5636|5636|971|971|1
8|INDIA|61|8|23233.44|0.1|61|5636|5636|971|971|1
21|VIETNAM|26|21|26271.9|0.05|26|5636|5636|971|971|1
5|ETHIOPIA|78|5|26517.9|0.03|78|5636|5636|971|971|1
8|INDIA|12|8|32705.97|0.06|12|5636|5636|971|971|1
14|KENYA|76|14|33929.91|0.03|76|5636|5636|971|971|1
24|UNITED STATES|46|24|49043.36|0.03|46|6083|6083|971|971|1
18|CHINA|27|18|29252.97|0.07|27|6083|6083|971|971|1
9|INDONESIA|51|9|15096.0|0.06|51|35106|35106|971|971|1
16|MOZAMBIQUE|58|16|2770.96|0.06|58|35106|35106|971|971|1
9|INDONESIA|45|9|19452.72|0.02|45|35106|35106|971|971|1
4|EGYPT|38|4|33564.63|0.04|38|35106|35106|971|971|1
9|INDONESIA|50|9|12685.44|0.0|50|20707|20707|971|971|1
21|VIETNAM|68|21|13415.22|0.04|68|20707|20707|971|971|1
12|JAPAN|43|12|7363.76|0.09|43|20707|20707|971|971|1
24|UNITED STATES|55|24|56131.63|0.0|55|32901|32901|971|971|1
0|ALGERIA|37|0|55631.84|0.03|37|32901|32901|971|971|1
5|ETHIOPIA|78|5|48003.43|0.07|78|32901|32901|971|971|1
12|JAPAN|43|12|40044.0|0.06|43|32901|32901|971|971|1
22|RUSSIA|16|22|44424.59|0.08|16|32901|32901|971|971|1
16|MOZAMBIQUE|31|16|20460.66|0.02|31|32901|32901|971|971|1
7|GERMANY|53|7|4537.83|0.1|53|32901|32901|971|971|1
14|KENYA|6|14|65211.56|0.08|6|28100|28100|971|971|1
1|ARGENTINA|71|1|67153.03|0.01|71|28100|28100|971|971|1
24|UNITED STATES|10|24|7568.16|0.03|10|28100|28100|971|971|1
7|GERMANY|53|7|24753.3|0.04|53|28100|28100|971|971|1
20|SAUDI ARABIA|74|20|2288.48|0.06|74|28100|28100|971|971|1
22|RUSSIA|65|22|8679.24|0.08|65|37985|37985|971|971|1
19|ROMANIA|17|19|41746.37|0.04|17|37985|37985|971|971|1
8|INDIA|61|8|26025.3|0.04|61|21442|21442|980|980|1
22|RUSSIA|25|22|50517.96|0.04|25|21442|21442|980|980|1
16|MOZAMBIQUE|58|16|49283.55|0.05|58|21442|21442|980|980|1
4|EGYPT|69|4|12018.87|0.08|69|21442|21442|980|980|1
24|UNITED STATES|10|24|8385.12|0.0|10|21442|21442|980|980|1
18|CHINA|27|18|35744.22|0.02|27|21442|21442|980|980|1
21|VIETNAM|80|21|34341.44|0.05|80|8966|8966|980|980|1
9|INDONESIA|51|9|56514.85|0.05|51|8966|8966|980|980|1
17|PERU|59|17|20745.84|0.05|59|8966|8966|980|980|1
22|RUSSIA|42|22|10937.79|0.05|42|8966|8966|980|980|1
1|ARGENTINA|3|1|50747.2|0.0|3|8966|8966|980|980|1
5|ETHIOPIA|78|5|30692.76|0.05|78|19110|19110|980|980|1
8|INDIA|12|8|39905.7|0.07|12|19110|19110|980|980|1
24|UNITED STATES|49|24|74779.2|0.01|49|18534|18534|980|980|1
4|EGYPT|69|4|20307.96|0.07|69|45861|45861|980|980|1
8|INDIA|12|8|12829.6|0.07|12|45861|45861|980|980|1
16|MOZAMBIQUE|31|16|49420.7|0.06|31|45861|45861|980|980|1
5|ETHIOPIA|63|5|17233.0|0.07|63|45861|45861|980|980|1
21|VIETNAM|26|21|47076.3|0.02|26|6404|6404|254|254|1
17|PERU|1|17|9418.08|0.1|1|998|998|254|254|1
9|INDONESIA|45|9|5892.48|0.09|45|998|998|254|254|1
18|CHINA|75|18|1480.58|0.04|75|998|998|254|254|1
23|UNITED KINGDOM|66|23|64966.45|0.0|66|42148|42148|254|254|1
8|INDIA|12|8|43406.4|0.0|12|42148|42148|254|254|1
23|UNITED KINGDOM|32|23|44928.18|0.08|32|42148|42148|254|254|1
18|CHINA|41|18|27027.88|0.01|41|42148|42148|254|254|1
1|ARGENTINA|3|1|39867.25|0.02|3|42148|42148|254|254|1
14|KENYA|6|14|17266.26|0.05|6|10944|10944|254|254|1
4|EGYPT|22|4|61811.6|0.07|22|10944|10944|254|254|1
24|UNITED STATES|19|24|10730.61|0.05|19|10944|10944|254|254|1
18|CHINA|27|18|30804.0|0.01|27|10944|10944|254|254|1
18|CHINA|11|18|6962.45|0.07|11|17283|17283|263|263|1
8|INDIA|61|8|52473.12|0.1|61|17283|17283|263|263|1
10|IRAN|9|10|5718.08|0.05|9|17283|17283|263|263|1
17|PERU|57|17|24114.35|0.01|57|17283|17283|263|263|1
3|CANADA|13|3|30244.76|0.06|13|17283|17283|263|263|1
12|JAPAN|54|12|8913.59|0.05|54|17283|17283|263|263|1
16|MOZAMBIQUE|31|16|2985.18|0.09|31|17283|17283|263|263|1
16|MOZAMBIQUE|56|16|47284.92|0.08|56|4963|4963|263|263|1
9|INDONESIA|45|9|24057.6|0.0|45|4963|4963|263|263|1
23|UNITED KINGDOM|7|23|46662.74|0.08|7|41541|41541|263|263|1
22|RUSSIA|25|22|58886.78|0.07|25|41541|41541|263|263|1
21|VIETNAM|35|21|71355.2|0.05|35|41541|41541|263|263|1
3|CANADA|20|3|3381.58|0.05|20|13924|13924|263|263|1
19|ROMANIA|62|19|11989.08|0.03|62|19938|19938|263|263|1
7|GERMANY|44|7|44812.02|0.07|44|19938|19938|263|263|1
0|ALGERIA|37|0|20470.14|0.07|37|19938|19938|263|263|1
4|EGYPT|67|4|52451.04|0.01|67|19938|19938|263|263|1
5|ETHIOPIA|78|5|30752.6|0.08|78|19938|19938|263|263|1
19|ROMANIA|52|19|71825.85|0.04|52|19938|19938|263|263|1
19|ROMANIA|52|19|74620.96|0.1|52|19938|19938|263|263|1
7|GERMANY|77|7|57036.06|0.08|77|25250|25250|263|263|1
13|JORDAN|36|13|21123.0|0.03|36|12293|12293|263|263|1
21|VIETNAM|68|21|34953.52|0.04|68|12293|12293|263|263|1
4|EGYPT|38|4|55559.2|0.1|38|12293|12293|263|263|1
16|MOZAMBIQUE|30|16|1047.14|0.09|30|41381|41381|263|263|1
11|IRAQ|5|11|35206.4|0.08|5|1767|1767|197|197|1
11|IRAQ|5|11|1232.33|0.09|5|1767|1767|197|197|1
7|GERMANY|33|7|31041.36|0.06|33|1767|1767|197|197|1
12|JAPAN|43|12|54009.0|0.01|43|1767|1767|197|197|1
8|INDIA|39|8|52536.4|0.06|39|1767|1767|197|197|1
19|ROMANIA|62|19|63908.04|0.06|62|2657|2657|197|197|1
7|GERMANY|33|7|18319.8|0.08|33|2657|2657|197|197|1
15|MOROCCO|14|15|38165.5|0.02|14|2657|2657|197|197|1
22|RUSSIA|25|22|44873.74|0.01|25|2657|2657|197|197|1
21|VIETNAM|35|21|14733.73|0.04|35|2657|2657|197|197|1
4|EGYPT|67|4|39950.02|0.02|67|2657|2657|197|197|1
1|ARGENTINA|71|1|9577.44|0.03|71|32421|32421|197|197|1
3|CANADA|13|3|59308.14|0.03|13|32421|32421|197|197|1
5|ETHIOPIA|78|5|23050.5|0.04|78|32421|32421|197|197|1
21|VIETNAM|26|21|25586.08|0.01|26|30502|30502|197|197|1
2|BRAZIL|21|2|11881.98|0.1|21|39105|39105|197|197|1
23|UNITED KINGDOM|32|23|31913.8|0.07|32|39105|39105|197|197|1
19|ROMANIA|62|19|28380.75|0.1|62|19808|19808|260|260|1
0|ALGERIA|37|0|54400.29|0.09|37|19808|19808|260|260|1
3|CANADA|13|3|38350.18|0.01|13|19808|19808|260|260|1
9|INDONESIA|23|9|53097.11|0.08|23|19808|19808|260|260|1
19|ROMANIA|17|19|49122.5|0.08|17|19808|19808|260|260|1
18|CHINA|75|18|2913.1|0.0|75|19808|19808|260|260|1
17|PERU|59|17|5796.25|0.08|59|11459|11459|260|260|1
16|MOZAMBIQUE|58|16|75842.04|0.01|58|11459|11459|260|260|1
14|KENYA|79|14|18996.48|0.01|79|11459|11459|260|260|1
14|KENYA|79|14|8458.95|0.09|79|11459|11459|260|260|1
5|ETHIOPIA|78|5|51769.38|0.05|78|11459|11459|260|260|1
18|CHINA|27|18|34786.08|0.06|27|11459|11459|260|260|1
16|MOZAMBIQUE|31|16|12694.59|0.1|31|11459|11459|260|260|1
9|INDONESIA|50|9|7135.68|0.06|50|35649|35649|260|260|1
0|ALGERIA|24|0|5171.46|0.09|24|35649|35649|260|260|1
14|KENYA|79|14|45584.0|0.0|79|35649|35649|260|260|1
4|EGYPT|67|4|16198.27|0.05|67|35649|35649|260|260|1
24|UNITED STATES|10|24|9194.65|0.01|10|35649|35649|260|260|1
16|MOZAMBIQUE|30|16|41309.8|0.06|30|35649|35649|260|260|1
17|PERU|59|17|19410.72|0.05|59|19201|19201|260|260|1
2|BRAZIL|21|2|59066.64|0.04|21|19201|19201|260|260|1
18|CHINA|27|18|27429.4|0.06|27|19201|19201|260|260|1
16|MOZAMBIQUE|31|16|92997.5|0.07|31|19201|19201|260|260|1
20|SAUDI ARABIA|74|20|53439.4|0.07|74|19201|19201|260|260|1
20|SAUDI ARABIA|74|20|21531.37|0.04|74|19201|19201|260|260|1
18|CHINA|72|18|18362.63|0.02|72|7109|7109|1124|1124|1
4|EGYPT|67|4|31113.36|0.0|67|7109|7109|1124|1124|1
14|KENYA|76|14|40033.92|0.03|76|7109|7109|1124|1124|1
0|ALGERIA|28|0|12839.86|0.02|28|7109|7109|1124|1124|1
7|GERMANY|33|7|18309.3|0.06|33|3236|3236|1124|1124|1
10|IRAN|9|10|12865.51|0.07|9|3236|3236|1124|1124|1
24|UNITED STATES|46|24|39353.37|0.01|46|3236|3236|1124|1124|1
4|EGYPT|22|4|57742.62|0.1|22|38374|38374|1124|1124|1
0|ALGERIA|37|0|81175.5|0.08|37|38374|38374|1124|1124|1
9|INDONESIA|23|9|44427.04|0.01|23|38374|38374|1124|1124|1
23|UNITED KINGDOM|32|23|9720.7|0.02|32|38374|38374|1124|1124|1
22|RUSSIA|42|22|61625.16|0.06|42|38374|38374|1124|1124|1
24|UNITED STATES|64|24|1880.06|0.0|64|38374|38374|1124|1124|1
4|EGYPT|38|4|24794.24|0.01|38|33383|33383|1124|1124|1
18|CHINA|75|18|6346.72|0.02|75|5985|5985|1144|1144|1
11|IRAQ|5|11|33781.37|0.06|5|11457|11457|1144|1144|1
18|CHINA|11|18|19232.4|0.01|11|11457|11457|1144|1144|1
14|KENYA|47|14|63818.5|0.1|47|11457|11457|1144|1144|1
21|VIETNAM|35|21|45540.62|0.08|35|11457|11457|1144|1144|1
21|VIETNAM|35|21|26582.6|0.07|35|11457|11457|1144|1144|1
14|KENYA|76|14|14225.54|0.1|76|11457|11457|1144|1144|1
22|RUSSIA|25|22|29118.9|0.02|25|42401|42401|1144|1144|1
17|PERU|57|17|17262.36|0.04|57|42401|42401|1144|1144|1
0|ALGERIA|28|0|33813.45|0.09|28|42401|42401|1144|1144|1
16|MOZAMBIQUE|31|16|11472.4|0.0|31|20869|20869|1144|1144|1
7|GERMANY|77|7|49643.2|0.06|77|38561|38561|14|14|1
15|MOROCCO|4|15|45710.96|0.05|4|38561|38561|14|14|1
8|INDIA|61|8|17677.44|0.08|61|25665|25665|14|14|1
22|RUSSIA|25|22|25083.36|0.01|25|25665|25665|14|14|1
21|VIETNAM|80|21|16099.16|0.03|80|38305|38305|59|59|1
9|INDONESIA|23|9|42528.98|0.06|23|38305|38305|59|59|1
18|CHINA|27|18|53691.54|0.06|27|38305|38305|59|59|1
24|UNITED STATES|49|24|10031.0|0.05|49|38305|38305|59|59|1
7|GERMANY|33|7|17042.56|0.0|33|46885|46885|59|59|1
1|ARGENTINA|71|1|7824.56|0.06|71|46885|46885|59|59|1
4|EGYPT|69|4|34729.52|0.09|69|46885|46885|59|59|1
21|VIETNAM|68|21|47633.06|0.04|68|46885|46885|59|59|1
21|VIETNAM|35|21|33187.84|0.02|35|46885|46885|59|59|1
22|RUSSIA|65|22|2738.92|0.06|65|46885|46885|59|59|1
18|CHINA|75|18|63572.16|0.04|75|46885|46885|59|59|1
5|ETHIOPIA|63|5|1122.22|0.06|63|6020|6020|59|59|1
9|INDONESIA|50|9|32794.86|0.06|50|2916|2916|59|59|1
12|JAPAN|54|12|30789.99|0.1|54|41125|41125|917|917|1
3|CANADA|20|3|17843.36|0.08|20|41125|41125|917|917|1
19|ROMANIA|17|19|42445.44|0.1|17|32675|32675|1099|1099|1
19|ROMANIA|17|19|21275.31|0.04|17|32675|32675|1099|1099|1
22|RUSSIA|40|22|9102.73|0.05|40|25669|25669|1099|1099|1
4|EGYPT|22|4|17659.05|0.09|22|25669|25669|1099|1099|1
2|BRAZIL|21|2|62667.5|0.1|21|25669|25669|1099|1099|1
18|CHINA|27|18|51852.12|0.03|27|25669|25669|1099|1099|1
16|MOZAMBIQUE|31|16|25848.74|0.07|31|25669|25669|1099|1099|1
7|GERMANY|33|7|38821.44|0.08|33|47108|47108|1099|1099|1
6|FRANCE|70|6|34000.68|0.1|70|47108|47108|1099|1099|1
10|IRAN|34|10|11595.65|0.03|34|47108|47108|1099|1099|1
1|ARGENTINA|3|1|68328.96|0.02|3|8103|8103|1099|1099|1
11|IRAQ|5|11|21412.8|0.09|5|30181|30181|1099|1099|1
24|UNITED STATES|49|24|38787.0|0.04|49|30181|30181|1099|1099|1
22|RUSSIA|25|22|57340.48|0.0|25|19106|19106|1099|1099|1
16|MOZAMBIQUE|30|16|6751.32|0.07|30|19106|19106|1099|1099|1
18|CHINA|41|18|46585.43|0.1|41|16416|16416|736|736|1
7|GERMANY|33|7|13434.52|0.03|33|31841|31841|736|736|1
0|ALGERIA|24|0|19420.28|0.04|24|31841|31841|736|736|1
15|MOROCCO|4|15|5870.24|0.0|4|31841|31841|736|736|1
11|IRAQ|5|11|1037.13|0.04|5|42659|42659|736|736|1
22|RUSSIA|40|22|29647.92|0.09|40|42659|42659|736|736|1
3|CANADA|13|3|36774.68|0.06|13|42659|42659|736|736|1
5|ETHIOPIA|78|5|5838.2|0.02|78|42659|42659|736|736|1
5|ETHIOPIA|63|5|10611.6|0.06|63|42659|42659|736|736|1
16|MOZAMBIQUE|58|16|30048.76|0.02|58|44067|44067|736|736|1
18|CHINA|75|18|50490.0|0.07|75|44067|44067|736|736|1
4|EGYPT|22|4|31810.08|0.09|22|45411|45411|658|658|1
18|CHINA|27|18|18815.25|0.03|27|45411|45411|658|658|1
8|INDIA|60|8|34744.11|0.01|60|9991|9991|658|658|1
14|KENYA|76|14|43240.47|0.02|76|9991|9991|658|658|1
22|RUSSIA|65|22|29803.5|0.06|65|20359|20359|658|658|1
7|GERMANY|77|7|8997.54|0.09|77|27716|27716|658|658|1
17|PERU|59|17|39762.86|0.08|59|27716|27716|658|658|1
24|UNITED STATES|46|24|6615.28|0.1|46|27716|27716|658|658|1
17|PERU|57|17|38514.42|0.05|57|27716|27716|658|658|1
20|SAUDI ARABIA|74|20|28923.93|0.02|74|27716|27716|658|658|1
24|UNITED STATES|49|24|49454.0|0.05|49|8775|8775|658|658|1
8|INDIA|15|8|44872.25|0.1|15|28262|28262|658|658|1
12|JAPAN|43|12|62918.5|0.07|43|28262|28262|658|658|1
4|EGYPT|38|4|55720.26|0.03|38|28262|28262|658|658|1
12|JAPAN|54|12|26288.2|0.04|54|17792|17792|658|658|1
5|ETHIOPIA|2|5|15504.5|0.06|2|17792|17792|658|658|1
23|UNITED KINGDOM|66|23|66716.97|0.04|66|12004|12004|526|526|1
0|ALGERIA|37|0|26693.04|0.02|37|2402|2402|526|526|1
20|SAUDI ARABIA|74|20|68184.24|0.03|74|2402|2402|526|526|1
23|UNITED KINGDOM|66|23|11658.51|0.02|66|31046|31046|526|526|1
17|PERU|59|17|29381.75|0.02|59|31046|31046|526|526|1
17|PERU|59|17|52857.5|0.06|59|31046|31046|526|526|1
0|ALGERIA|24|0|22227.52|0.09|24|31046|31046|526|526|1
9|INDONESIA|23|9|24890.14|0.0|23|31046|31046|526|526|1
24|UNITED STATES|19|24|43150.08|0.02|19|31046|31046|526|526|1
4|EGYPT|38|4|27376.44|0.05|38|31046|31046|526|526|1
14|KENYA|47|14|59999.04|0.07|47|17828|17828|526|526|1
13|JORDAN|36|13|58608.0|0.04|36|17828|17828|526|526|1
15|MOROCCO|4|15|42606.36|0.08|4|17828|17828|526|526|1
2|BRAZIL|21|2|30599.66|0.07|21|17828|17828|526|526|1
2|BRAZIL|21|2|32515.7|0.01|21|17828|17828|526|526|1
12|JAPAN|43|12|12228.96|0.0|43|17828|17828|526|526|1
4|EGYPT|38|4|36856.56|0.02|38|17828|17828|526|526|1
7|GERMANY|44|7|35149.44|0.08|44|30656|30656|526|526|1
23|UNITED KINGDOM|66|23|52497.04|0.08|66|30656|30656|526|526|1
21|VIETNAM|26|21|48763.26|0.06|26|30656|30656|526|526|1
12|JAPAN|43|12|27992.14|0.04|43|30656|30656|526|526|1
2|BRAZIL|21|2|53677.05|0.04|21|30656|30656|526|526|1
22|RUSSIA|42|22|2823.12|0.01|42|30656|30656|526|526|1
18|CHINA|75|18|34513.74|0.04|75|30656|30656|526|526|1
16|MOZAMBIQUE|58|16|4441.71|0.01|58|21824|21824|526|526|1
22|RUSSIA|16|22|43533.84|0.09|16|21824|21824|526|526|1
23|UNITED KINGDOM|7|23|56390.63|0.1|7|928|928|526|526|1
9|INDONESIA|51|9|51345.66|0.08|51|928|928|526|526|1
8|INDIA|15|8|37775.42|0.02|15|928|928|526|526|1
22|RUSSIA|25|22|10813.88|0.0|25|928|928|526|526|1
4|EGYPT|67|4|36172.86|0.07|67|928|928|526|526|1
16|MOZAMBIQUE|56|16|30801.12|0.05|56|928|928|526|526|1
10|IRAN|34|10|66671.5|0.05|34|928|928|526|526|1
3|CANADA|13|3|33407.91|0.06|13|4326|4326|229|229|1
21|VIETNAM|80|21|27731.45|0.03|80|17219|17219|229|229|1
17|PERU|1|17|50774.65|0.05|1|17219|17219|229|229|1
21|VIETNAM|26|21|23860.83|0.03|26|17219|17219|229|229|1
13|JORDAN|36|13|13804.7|0.0|36|17219|17219|229|229|1
16|MOZAMBIQUE|73|16|45105.28|0.03|73|41863|41863|229|229|1
4|EGYPT|67|4|43426.8|0.01|67|41863|41863|229|229|1
14|KENYA|48|14|19094.74|0.09|48|41157|41157|229|229|1
21|VIETNAM|35|21|52952.0|0.04|35|41157|41157|229|229|1
3|CANADA|13|3|13815.3|0.05|13|41157|41157|229|229|1
0|ALGERIA|28|0|46753.28|0.03|28|41157|41157|229|229|1
24|UNITED STATES|64|24|46143.78|0.07|64|41157|41157|229|229|1
24|UNITED STATES|19|24|5216.49|0.1|19|37030|37030|229|229|1
7|GERMANY|33|7|7217.91|0.1|33|24388|24388|229|229|1
13|JORDAN|36|13|31894.56|0.08|36|24388|24388|229|229|1
2|BRAZIL|21|2|21063.0|0.05|21|24388|24388|229|229|1
0|ALGERIA|28|0|7105.77|0.08|28|24388|24388|229|229|1
5|ETHIOPIA|2|5|3471.75|0.02|2|24388|24388|229|229|1
17|PERU|8|17|46030.16|0.1|8|34883|34883|229|229|1
13|JORDAN|36|13|18766.02|0.07|36|34883|34883|229|229|1
5|ETHIOPIA|78|5|1873.97|0.03|78|34883|34883|229|229|1
22|RUSSIA|65|22|40798.89|0.06|65|34883|34883|229|229|1
5|ETHIOPIA|2|5|29074.08|0.09|2|34883|34883|229|229|1
23|UNITED KINGDOM|7|23|15777.28|0.07|7|15938|15938|887|887|1
16|MOZAMBIQUE|73|16|44785.44|0.03|73|15938|15938|887|887|1
7|GERMANY|44|7|4276.56|0.06|44|15938|15938|887|887|1
16|MOZAMBIQUE|58|16|37457.3|0.08|58|15938|15938|887|887|1
23|UNITED KINGDOM|32|23|34504.0|0.01|32|15938|15938|887|887|1
16|MOZAMBIQUE|18|16|53996.84|0.07|18|13381|13381|887|887|1
5|ETHIOPIA|2|5|13226.4|0.1|2|13381|13381|887|887|1
5|ETHIOPIA|2|5|49300.48|0.01|2|13381|13381|887|887|1
21|VIETNAM|80|21|25605.51|0.08|80|37252|37252|887|887|1
22|RUSSIA|40|22|59295.84|0.01|40|37252|37252|887|887|1
21|VIETNAM|35|21|9901.57|0.06|35|37252|37252|887|887|1
16|MOZAMBIQUE|56|16|16301.4|0.08|56|37252|37252|887|887|1
18|CHINA|27|18|28170.8|0.05|27|37252|37252|887|887|1
18|CHINA|41|18|33698.7|0.05|41|37252|37252|887|887|1
20|SAUDI ARABIA|74|20|7309.86|0.09|74|37252|37252|887|887|1
7|GERMANY|44|7|19182.24|0.09|44|38755|38755|887|887|1
4|EGYPT|69|4|39830.56|0.08|69|38755|38755|887|887|1
0|ALGERIA|24|0|73475.22|0.03|24|38755|38755|887|887|1
5|ETHIOPIA|78|5|44142.54|0.05|78|38755|38755|887|887|1
14|KENYA|6|14|61637.52|0.04|6|4803|4803|986|986|1
16|MOZAMBIQUE|56|16|25708.08|0.1|56|4803|4803|986|986|1
2|BRAZIL|21|2|29557.5|0.03|21|4803|4803|986|986|1
14|KENYA|76|14|1900.08|0.08|76|4803|4803|986|986|1
20|SAUDI ARABIA|74|20|61259.8|0.1|74|4803|4803|986|986|1
16|MOZAMBIQUE|30|16|27560.26|0.07|30|4803|4803|986|986|1
16|MOZAMBIQUE|31|16|29760.96|0.03|31|19716|19716|986|986|1
14|KENYA|48|14|1123.22|0.01|48|1092|1092|986|986|1
14|KENYA|79|14|33243.84|0.05|79|1092|1092|986|986|1
1|ARGENTINA|29|1|65734.08|0.04|29|1092|1092|986|986|1
12|JAPAN|43|12|3165.36|0.05|43|1092|1092|986|986|1
14|KENYA|6|14|12285.52|0.06|6|34950|34950|106|106|1
0|ALGERIA|37|0|54083.84|0.03|37|34950|34950|106|106|1
17|PERU|57|17|65012.4|0.1|57|34950|34950|106|106|1
12|JAPAN|43|12|51756.76|0.01|43|34950|34950|106|106|1
5|ETHIOPIA|2|5|43376.19|0.01|2|34950|34950|106|106|1
5|ETHIOPIA|78|5|44400.3|0.04|78|45314|45314|106|106|1
4|EGYPT|67|4|62106.44|0.04|67|45314|45314|106|106|1
17|PERU|8|17|89394.0|0.07|8|4676|4676|106|106|1
7|GERMANY|77|7|4252.64|0.1|77|4676|4676|106|106|1
14|KENYA|79|14|18284.5|0.05|79|4676|4676|106|106|1
24|UNITED STATES|46|24|10122.88|0.08|46|4676|4676|106|106|1
22|RUSSIA|42|22|54228.84|0.01|42|4676|4676|106|106|1
16|MOZAMBIQUE|31|16|57307.57|0.03|31|4676|4676|106|106|1
5|ETHIOPIA|2|5|31054.32|0.08|2|4676|4676|106|106|1
16|MOZAMBIQUE|73|16|1059.15|0.09|73|15075|15075|106|106|1
22|RUSSIA|65|22|39081.9|0.04|65|15075|15075|106|106|1
24|UNITED STATES|10|24|37193.52|0.1|10|15075|15075|106|106|1
15|MOROCCO|14|15|41150.54|0.07|14|34880|34880|106|106|1
18|CHINA|11|18|30932.8|0.1|11|6725|6725|601|601|1
16|MOZAMBIQUE|58|16|12469.32|0.05|58|6725|6725|601|601|1
9|INDONESIA|23|9|62268.36|0.03|23|6725|6725|601|601|1
16|MOZAMBIQUE|31|16|4424.8|0.02|31|6725|6725|601|601|1
9|INDONESIA|51|9|30041.13|0.02|51|42497|42497|601|601|1
8|INDIA|39|8|42615.6|0.0|39|42497|42497|601|601|1
6|FRANCE|70|6|9901.57|0.09|70|3334|3334|601|601|1
24|UNITED STATES|49|24|27869.8|0.04|49|3334|3334|601|601|1
11|IRAQ|5|11|38441.6|0.07|5|22436|22436|601|601|1
7|GERMANY|33|7|57600.9|0.08|33|22436|22436|601|601|1
4|EGYPT|22|4|9018.66|0.0|22|22436|22436|601|601|1
6|FRANCE|70|6|25083.54|0.1|70|22436|22436|601|601|1
8|INDIA|15|8|11345.94|0.07|15|22436|22436|601|601|1
12|JAPAN|54|12|26040.56|0.04|54|22436|22436|601|601|1
21|VIETNAM|35|21|64052.64|0.09|35|2180|2180|601|601|1
24|UNITED STATES|46|24|24015.22|0.02|46|2180|2180|601|601|1
10|IRAN|34|10|83795.36|0.07|34|2180|2180|601|601|1
15|MOROCCO|4|15|31654.72|0.06|4|2180|2180|601|601|1
18|CHINA|11|18|21874.15|0.0|11|30144|30144|616|616|1
22|RUSSIA|25|22|48760.2|0.1|25|30144|30144|616|616|1
24|UNITED STATES|19|24|33828.8|0.07|19|30144|30144|616|616|1
24|UNITED STATES|10|24|44696.85|0.06|10|30144|30144|616|616|1
16|MOZAMBIQUE|58|16|9551.22|0.01|58|5191|5191|616|616|1
24|UNITED STATES|19|24|49733.6|0.02|19|5191|5191|616|616|1
8|INDIA|39|8|74575.31|0.0|39|5191|5191|616|616|1
18|CHINA|11|18|965.06|0.01|11|34437|34437|616|616|1
4|EGYPT|69|4|8184.82|0.08|69|34437|34437|616|616|1
22|RUSSIA|65|22|47893.68|0.02|65|34437|34437|616|616|1
0|ALGERIA|37|0|45516.96|0.04|37|8006|8006|616|616|1
0|ALGERIA|24|0|81019.54|0.02|24|8006|8006|616|616|1
4|EGYPT|38|4|70034.96|0.03|38|8006|8006|616|616|1
18|CHINA|75|18|7428.12|0.09|75|8006|8006|616|616|1
18|CHINA|41|18|59745.84|0.06|41|8006|8006|616|616|1
16|MOZAMBIQUE|30|16|17651.2|0.03|30|8006|8006|616|616|1
15|MOROCCO|4|15|1177.27|0.0|4|39331|39331|616|616|1
16|MOZAMBIQUE|31|16|1371.47|0.02|31|39331|39331|616|616|1
22|RUSSIA|40|22|41191.74|0.1|40|15653|15653|616|616|1
0|ALGERIA|28|0|24072.18|0.06|28|15653|15653|616|616|1
18|CHINA|75|18|32044.8|0.03|75|15653|15653|616|616|1
24|UNITED STATES|55|24|46021.32|0.08|55|28545|28545|616|616|1
10|IRAN|9|10|34627.5|0.08|9|28545|28545|616|616|1
16|MOZAMBIQUE|56|16|20840.12|0.04|56|28545|28545|616|616|1
8|INDIA|39|8|6096.55|0.08|39|28545|28545|616|616|1
8|INDIA|61|8|16137.42|0.06|61|19239|19239|616|616|1
2|BRAZIL|21|2|31870.44|0.07|21|19239|19239|616|616|1
17|PERU|57|17|41427.96|0.08|57|38945|38945|1183|1183|1
1|ARGENTINA|29|1|31889.88|0.02|29|38945|38945|1183|1183|1
24|UNITED STATES|10|24|76534.41|0.05|10|38945|38945|1183|1183|1
7|GERMANY|33|7|20578.32|0.09|33|3488|3488|1183|1183|1
10|IRAN|9|10|82983.36|0.0|9|3488|3488|1183|1183|1
4|EGYPT|69|4|1179.27|0.04|69|3488|3488|1183|1183|1
10|IRAN|34|10|14751.84|0.05|34|3488|3488|1183|1183|1
20|SAUDI ARABIA|74|20|12916.97|0.03|74|3488|3488|1183|1183|1
16|MOZAMBIQUE|73|16|46833.98|0.1|73|42656|42656|1183|1183|1
10|IRAN|9|10|18379.3|0.0|9|42656|42656|1183|1183|1
10|IRAN|34|10|39942.25|0.0|34|42656|42656|1183|1183|1
15|MOROCCO|4|15|54253.46|0.05|4|42656|42656|1183|1183|1
7|GERMANY|33|7|9108.99|0.03|33|5253|5253|1183|1183|1
6|FRANCE|70|6|30558.0|0.04|70|5253|5253|1183|1183|1
16|MOZAMBIQUE|31|16|41693.22|0.02|31|5253|5253|1183|1183|1
19|ROMANIA|52|19|40083.4|0.02|52|5253|5253|1183|1183|1
23|UNITED KINGDOM|66|23|27869.8|0.0|66|14566|14566|1183|1183|1
8|INDIA|15|8|2865.15|0.07|15|14566|14566|1183|1183|1
13|JORDAN|36|13|21666.96|0.07|36|14566|14566|1183|1183|1
24|UNITED STATES|64|24|35281.4|0.01|64|14566|14566|1183|1183|1
11|IRAQ|5|11|41805.9|0.04|5|38849|38849|407|407|1
7|GERMANY|44|7|32314.56|0.04|44|38849|38849|407|407|1
18|CHINA|72|18|34867.53|0.09|72|38849|38849|407|407|1
3|CANADA|13|3|86058.72|0.06|13|38849|38849|407|407|1
10|IRAN|34|10|32847.36|0.06|34|38849|38849|407|407|1
22|RUSSIA|65|22|14822.99|0.05|65|38849|38849|407|407|1
16|MOZAMBIQUE|30|16|25765.37|0.04|30|38849|38849|407|407|1
22|RUSSIA|25|22|40137.66|0.04|25|10119|10119|407|407|1
0|ALGERIA|37|0|29839.97|0.1|37|19521|19521|407|407|1
21|VIETNAM|26|21|28396.94|0.0|26|19521|19521|407|407|1
13|JORDAN|36|13|67102.56|0.09|36|19521|19521|407|407|1
9|INDONESIA|50|9|30867.48|0.09|50|47077|47077|407|407|1
6|FRANCE|70|6|71223.95|0.08|70|47077|47077|407|407|1
14|KENYA|47|14|20294.34|0.04|47|47077|47077|407|407|1
2|BRAZIL|21|2|2198.38|0.06|21|47077|47077|407|407|1
0|ALGERIA|28|0|50934.08|0.03|28|47077|47077|407|407|1
5|ETHIOPIA|63|5|73724.2|0.09|63|47077|47077|407|407|1
24|UNITED STATES|64|24|27597.24|0.08|64|17861|17861|407|407|1
6|FRANCE|70|6|56071.66|0.08|70|486|486|407|407|1
16|MOZAMBIQUE|58|16|57501.2|0.03|58|486|486|407|407|1
9|INDONESIA|45|9|54165.6|0.0|45|486|486|407|407|1
5|ETHIOPIA|78|5|58575.02|0.0|78|486|486|407|407|1
19|ROMANIA|52|19|3375.66|0.07|52|486|486|407|407|1
5|ETHIOPIA|2|5|25716.08|0.04|2|486|486|407|407|1
15|MOROCCO|14|15|54424.11|0.06|14|23655|23655|556|556|1
10|IRAN|34|10|41285.2|0.02|34|23655|23655|556|556|1
24|UNITED STATES|19|24|26522.86|0.1|19|23655|23655|556|556|1
21|VIETNAM|35|21|5770.16|0.06|35|32357|32357|556|556|1
22|RUSSIA|65|22|77177.42|0.06|65|32357|32357|556|556|1
12|JAPAN|43|12|2927.12|0.09|43|32357|32357|556|556|1
18|CHINA|27|18|6613.2|0.08|27|32357|32357|556|556|1
16|MOZAMBIQUE|31|16|12553.64|0.04|31|32357|32357|556|556|1
24|UNITED STATES|10|24|34004.08|0.1|10|31846|31846|556|556|1
5|ETHIOPIA|2|5|8330.88|0.0|2|31846|31846|556|556|1
8|INDIA|60|8|31834.08|0.0|60|17031|17031|556|556|1
22|RUSSIA|65|22|1138.23|0.06|65|17031|17031|556|556|1
19|ROMANIA|17|19|52372.76|0.01|17|28448|28448|556|556|1
5|ETHIOPIA|2|5|31313.2|0.09|2|28448|28448|556|556|1
17|PERU|59|17|5480.95|0.02|59|37699|37699|556|556|1
19|ROMANIA|17|19|48216.87|0.07|17|37699|37699|556|556|1
3|CANADA|20|3|47845.98|0.04|20|37699|37699|556|556|1
17|PERU|59|17|39114.55|0.09|59|5667|5667|347|347|1
14|KENYA|6|14|82571.85|0.05|6|18309|18309|347|347|1
16|MOZAMBIQUE|56|16|3624.9|0.04|56|18309|18309|347|347|1
11|IRAQ|5|11|9748.62|0.03|5|2531|2531|347|347|1
22|RUSSIA|25|22|31773.6|0.06|25|2531|2531|347|347|1
14|KENYA|47|14|3471.75|0.07|47|2531|2531|347|347|1
16|MOZAMBIQUE|58|16|48582.9|0.1|58|2531|2531|347|347|1
24|UNITED STATES|46|24|51462.72|0.08|46|2531|2531|347|347|1
20|SAUDI ARABIA|74|20|37756.32|0.03|74|2531|2531|347|347|1
18|CHINA|72|18|20656.42|0.01|72|46816|46816|347|347|1
8|INDIA|15|8|6797.25|0.03|15|46816|46816|347|347|1
5|ETHIOPIA|78|5|49032.91|0.01|78|46816|46816|347|347|1
16|MOZAMBIQUE|18|16|42214.2|0.09|18|46816|46816|347|347|1
22|RUSSIA|65|22|7232.0|0.04|65|29312|29312|347|347|1
7|GERMANY|33|7|55165.89|0.07|33|9926|9926|203|203|1
24|UNITED STATES|55|24|33636.8|0.1|55|9926|9926|203|203|1
8|INDIA|60|8|39993.18|0.09|60|9926|9926|203|203|1
16|MOZAMBIQUE|31|16|47301.24|0.04|31|9926|9926|203|203|1
21|VIETNAM|80|21|15252.51|0.08|80|15719|15719|203|203|1
1|ARGENTINA|71|1|29118.56|0.07|71|15719|15719|203|203|1
4|EGYPT|69|4|29231.5|0.04|69|15719|15719|203|203|1
14|KENYA|76|14|46855.59|0.06|76|15719|15719|203|203|1
23|UNITED KINGDOM|7|23|19111.74|0.06|7|38148|38148|203|203|1
7|GERMANY|33|7|42971.5|0.07|33|38148|38148|203|203|1
22|RUSSIA|25|22|59463.2|0.07|25|38148|38148|203|203|1
21|VIETNAM|68|21|12465.53|0.07|68|38148|38148|203|203|1
9|INDONESIA|23|9|25051.14|0.0|23|38148|38148|203|203|1
4|EGYPT|38|4|62211.6|0.09|38|38148|38148|203|203|1
20|SAUDI ARABIA|74|20|30848.58|0.08|74|38148|38148|203|203|1
0|ALGERIA|24|0|19512.57|0.02|24|13764|13764|478|478|1
22|RUSSIA|65|22|20382.2|0.03|65|13764|13764|478|478|1
16|MOZAMBIQUE|30|16|74835.2|0.04|30|13764|13764|478|478|1
11|IRAQ|5|11|28770.6|0.06|5|37060|37060|478|478|1
6|FRANCE|70|6|11604.42|0.02|70|37060|37060|478|478|1
0|ALGERIA|37|0|936.03|0.0|37|37060|37060|478|478|1
4|EGYPT|67|4|33152.07|0.08|67|37060|37060|478|478|1
5|ETHIOPIA|78|5|60407.84|0.01|78|37060|37060|478|478|1
9|INDONESIA|45|9|53417.96|0.04|45|37060|37060|478|478|1
4|EGYPT|38|4|54266.52|0.01|38|37060|37060|478|478|1
16|MOZAMBIQUE|58|16|5412.0|0.09|58|4614|4614|478|478|1
14|KENYA|79|14|34489.8|0.1|79|4614|4614|478|478|1
9|INDONESIA|45|9|35461.68|0.07|45|4614|4614|478|478|1
24|UNITED STATES|10|24|18031.76|0.09|10|4614|4614|478|478|1
8|INDIA|39|8|4255.53|0.08|39|4614|4614|478|478|1
18|CHINA|27|18|37320.32|0.1|27|4614|4614|478|478|1
20|SAUDI ARABIA|74|20|37638.41|0.01|74|4614|4614|478|478|1
23|UNITED KINGDOM|7|23|20721.84|0.06|7|22532|22532|478|478|1
14|KENYA|48|14|11496.33|0.07|48|22532|22532|478|478|1
16|MOZAMBIQUE|18|16|8253.09|0.08|18|22532|22532|478|478|1
23|UNITED KINGDOM|32|23|25340.03|0.02|32|22532|22532|478|478|1
12|JAPAN|43|12|26677.77|0.03|43|42883|42883|478|478|1
17|PERU|1|17|16442.85|0.06|1|7265|7265|478|478|1
18|CHINA|75|18|30973.54|0.03|75|7265|7265|478|478|1
14|KENYA|48|14|29633.35|0.09|48|37184|37184|478|478|1
18|CHINA|27|18|2094.28|0.09|27|37184|37184|478|478|1
7|GERMANY|44|7|55899.6|0.06|44|18720|18720|478|478|1
6|FRANCE|70|6|12228.96|0.09|70|18720|18720|478|478|1
0|ALGERIA|24|0|26299.84|0.0|24|18720|18720|478|478|1
24|UNITED STATES|10|24|70474.8|0.08|10|18720|18720|478|478|1
24|UNITED STATES|10|24|14836.2|0.1|10|18720|18720|478|478|1
16|MOZAMBIQUE|31|16|41516.48|0.03|31|18720|18720|478|478|1
7|GERMANY|53|7|47821.0|0.01|53|18720|18720|478|478|1
9|INDONESIA|51|9|58913.79|0.06|51|45473|45473|478|478|1
23|UNITED KINGDOM|66|23|25468.36|0.06|66|45473|45473|478|478|1
21|VIETNAM|68|21|73529.4|0.02|68|45473|45473|478|478|1
16|MOZAMBIQUE|30|16|74958.8|0.03|30|45473|45473|478|478|1
4|EGYPT|22|4|79071.79|0.09|22|44353|44353|478|478|1
18|CHINA|72|18|33845.91|0.08|72|44353|44353|478|478|1
8|INDIA|60|8|12873.8|0.05|60|44353|44353|478|478|1
21|VIETNAM|35|21|60651.92|0.06|35|44353|44353|478|478|1
14|KENYA|6|14|2144.34|0.01|6|22884|22884|763|763|1
14|KENYA|48|14|26110.62|0.0|48|22884|22884|763|763|1
9|INDONESIA|45|9|62659.2|0.04|45|6055|6055|763|763|1
5|ETHIOPIA|78|5|12684.0|0.05|78|6055|6055|763|763|1
14|KENYA|76|14|51815.6|0.07|76|6055|6055|763|763|1
16|MOZAMBIQUE|73|16|31106.24|0.08|73|6818|6818|763|763|1
22|RUSSIA|25|22|6042.44|0.0|25|6818|6818|763|763|1
12|JAPAN|54|12|41033.85|0.06|54|6818|6818|763|763|1
24|UNITED STATES|49|24|39378.57|0.07|49|6818|6818|763|763|1
24|UNITED STATES|64|24|14085.0|0.05|64|6818|6818|763|763|1
18|CHINA|41|18|8654.31|0.0|41|6818|6818|763|763|1
9|INDONESIA|50|9|43441.53|0.0|50|35072|35072|763|763|1
10|IRAN|9|10|55322.24|0.03|9|35072|35072|763|763|1
17|PERU|57|17|14795.7|0.04|57|35072|35072|763|763|1
3|CANADA|13|3|14716.1|0.06|13|35072|35072|763|763|1
9|INDONESIA|23|9|19758.42|0.03|23|35072|35072|763|763|1
24|UNITED STATES|49|24|46282.5|0.1|49|17254|17254|763|763|1
7|GERMANY|44|7|52796.16|0.08|44|38883|38883|763|763|1
14|KENYA|47|14|6757.25|0.09|47|38883|38883|763|763|1
24|UNITED STATES|46|24|32308.02|0.03|46|38883|38883|763|763|1
