15469.29|0.01|6529
11212.2|0.01|15170
12322.42|0.0|3746
34542.99|0.06|18371
8780.45|0.01|6628
66085.2|0.1|14081
44576.84|0.05|3328
43214.08|0.0|27270
38726.18|0.08|13091
62105.34|0.06|2503
28706.62|0.07|2019
3702.99|0.06|19042
40369.56|0.09|28161
19556.64|0.1|3911
19611.0|0.0|6309
44599.05|0.05|1029
56761.2|0.01|29382
63498.96|0.03|6848
23911.56|0.0|4835
28351.2|0.01|19042
4877.16|0.09|4835
43219.8|0.04|2822
4060.35|0.03|38182
63659.15|0.1|25092
47840.49|0.02|19394
44424.59|0.04|19174
22690.08|0.04|1601
26846.98|0.1|5825
46999.25|0.1|29184
31654.5|0.04|38050
52194.9|0.09|3845
36101.9|0.02|16193
50769.9|0.02|7618
21528.69|0.01|3328
21183.0|0.05|6529
17835.38|0.09|2503
1264.36|0.04|3845
33489.18|0.05|29063
46175.4|0.04|19042
9300.2|0.04|39172
62018.0|0.1|39073
32245.83|0.02|39073
17965.62|0.04|6309
4216.5|0.1|3746
24960.32|0.1|7937
2398.58|0.08|19141
42135.0|0.06|7937
17388.3|0.1|1986
6627.0|0.09|36290
39570.12|0.0|3845
23677.38|0.04|2019
56298.48|0.05|39172
68232.0|0.1|16193
53565.33|0.07|2305
87142.0|0.05|39491
17824.2|0.05|29382
1010.1|0.04|19174
8593.36|0.09|1447
30392.64|0.03|17381
28642.82|0.06|25092
57348.39|0.0|27072
65505.29|0.09|7904
10892.79|0.04|1447
1900.08|0.02|38182
73355.74|0.04|6727
54868.8|0.1|39172
31573.44|0.02|19680
29083.59|0.1|27490
13414.16|0.03|1216
52860.76|0.0|38050
2032.22|0.0|5506
34721.18|0.04|19075
43822.08|0.0|6309
18510.58|0.02|3526
16650.36|0.08|28161
30789.99|0.05|19394
43099.47|0.04|39491
23257.44|0.08|7618
26380.89|0.01|39040
72127.61|0.06|2756
65184.3|0.08|4769
52781.24|0.1|27490
23601.0|0.05|3328
64397.55|0.03|2756
79195.16|0.01|38182
70536.97|0.06|19361
10483.28|0.04|1799
32330.32|0.05|39040
933.03|0.08|27270
64819.5|0.03|1601
31954.72|0.03|7618
46108.92|0.08|6309
23712.26|0.01|7904
39578.28|0.06|2503
15834.83|0.0|13091
58518.0|0.08|7618
11802.7|0.05|27171
26657.4|0.0|27490
31407.39|0.1|45090
34821.76|0.09|19394
54345.6|0.0|25191
22067.16|0.02|27490
68892.52|0.03|38050
22073.38|0.03|26181
35423.85|0.06|1953
15016.2|0.05|19394
69457.5|0.01|3328
31383.44|0.05|7618
53035.8|0.08|2976
53174.94|0.04|28161
40846.5|0.06|19361
19635.0|0.04|1986
22493.8|0.0|28480
55478.28|0.0|6727
55627.8|0.07|5858
14247.36|0.01|29382
38582.64|0.1|5957
36378.64|0.03|19174
7045.62|0.07|5506
15912.51|0.02|19361
46913.59|0.0|3559
52439.36|0.1|19493
46670.82|0.02|1799
27610.24|0.09|6727
25927.3|0.08|3911
71692.32|0.1|1216
39233.52|0.03|17381
36398.2|0.08|29382
35997.78|0.05|2503
53572.05|0.0|19174
16517.6|0.08|15170
22199.94|0.01|6727
65135.88|0.09|29250
20989.1|0.1|25092
29403.92|0.06|3746
34267.45|0.1|2976
50924.04|0.09|27171
47956.32|0.01|6309
49304.0|0.06|5858
61442.19|0.08|1447
63987.6|0.04|5957
36487.36|0.09|17381
55849.16|0.01|39040
54296.75|0.05|39172
47475.17|0.04|7618
24982.14|0.02|13091
9158.8|0.06|2305
18961.15|0.1|19394
27638.45|0.01|5957
20966.56|0.01|6727
