18|CHINA|11|18|24557.18|0.02|11|7744|7744|872|872|17
7|GERMANY|33|7|26380.08|0.0|33|7744|7744|872|872|17
9|INDONESIA|45|9|14575.96|0.06|45|7744|7744|872|872|17
19|ROMANIA|17|19|36651.15|0.09|17|7744|7744|872|872|17
3|CANADA|20|3|13426.7|0.03|20|7744|7744|872|872|17
4|EGYPT|22|4|40056.66|0.0|22|4551|4551|872|872|17
8|INDIA|60|8|34486.92|0.02|60|4551|4551|872|872|17
17|PERU|59|17|23631.74|0.08|59|4551|4551|872|872|17
21|VIETNAM|68|21|5904.48|0.08|68|4551|4551|872|872|17
23|UNITED KINGDOM|66|23|27749.92|0.09|66|44385|44385|872|872|17
1|ARGENTINA|71|1|24982.14|0.02|71|13091|13091|685|685|17
14|KENYA|47|14|54152.04|0.07|47|13091|13091|685|685|17
14|KENYA|79|14|53241.6|0.06|79|13091|13091|685|685|17
16|MOZAMBIQUE|56|16|15834.83|0.0|56|13091|13091|685|685|17
22|RUSSIA|65|22|38726.18|0.08|65|13091|13091|685|685|17
16|MOZAMBIQUE|73|16|54706.88|0.1|73|21894|21894|685|685|17
0|ALGERIA|24|0|1743.84|0.05|24|21894|21894|685|685|17
5|ETHIOPIA|78|5|29080.28|0.08|78|21894|21894|685|685|17
23|UNITED KINGDOM|32|23|39103.26|0.01|32|21894|21894|685|685|17
18|CHINA|75|18|45700.5|0.0|75|21894|21894|685|685|17
16|MOZAMBIQUE|73|16|49773.6|0.07|73|18400|18400|685|685|17
4|EGYPT|38|4|66634.52|0.03|38|18400|18400|685|685|17
14|KENYA|79|14|62803.2|0.06|79|24033|24033|685|685|17
8|INDIA|60|8|13538.84|0.04|60|16994|16994|685|685|17
1|ARGENTINA|3|1|28861.8|0.04|3|16994|16994|685|685|17
4|EGYPT|22|4|5315.61|0.07|22|12322|12322|685|685|17
4|EGYPT|69|4|14777.84|0.0|69|12322|12322|685|685|17
3|CANADA|20|3|36978.8|0.0|20|12322|12322|685|685|17
10|IRAN|9|10|10775.61|0.1|9|28679|28679|685|685|17
24|UNITED STATES|19|24|9514.35|0.1|19|28679|28679|685|685|17
18|CHINA|75|18|44267.52|0.03|75|28679|28679|685|685|17
20|SAUDI ARABIA|74|20|19937.19|0.02|74|28679|28679|685|685|17
9|INDONESIA|51|9|1167.26|0.08|51|41127|41127|121|121|17
18|CHINA|11|18|15746.83|0.02|11|41127|41127|121|121|17
8|INDIA|12|8|87982.59|0.03|12|41127|41127|121|121|17
12|JAPAN|54|12|35187.5|0.01|54|41127|41127|121|121|17
16|MOZAMBIQUE|31|16|57746.1|0.01|31|41127|41127|121|121|17
16|MOZAMBIQUE|73|16|31500.15|0.09|73|24384|24384|121|121|17
7|GERMANY|77|7|58362.48|0.03|77|24384|24384|121|121|17
8|INDIA|60|8|59020.73|0.06|60|24384|24384|121|121|17
13|JORDAN|36|13|27609.4|0.1|36|24384|24384|121|121|17
21|VIETNAM|35|21|32384.75|0.02|35|24384|24384|121|121|17
22|RUSSIA|65|22|46114.98|0.0|65|24384|24384|121|121|17
1|ARGENTINA|3|1|15207.28|0.07|3|24384|24384|121|121|17
22|RUSSIA|40|22|80984.75|0.02|40|32580|32580|121|121|17
4|EGYPT|22|4|39438.0|0.06|22|32580|32580|121|121|17
17|PERU|59|17|26224.88|0.0|59|32580|32580|121|121|17
15|MOROCCO|4|15|4150.44|0.05|4|32580|32580|121|121|17
15|MOROCCO|4|15|7799.47|0.01|4|32580|32580|121|121|17
0|ALGERIA|28|0|38681.44|0.09|28|32580|32580|121|121|17
16|MOZAMBIQUE|30|16|13833.12|0.01|30|32580|32580|121|121|17
1|ARGENTINA|71|1|8715.3|0.02|71|4966|4966|550|550|17
22|RUSSIA|65|22|12613.8|0.02|65|4966|4966|550|550|17
18|CHINA|75|18|15076.0|0.06|75|4966|4966|550|550|17
16|MOZAMBIQUE|31|16|26705.12|0.08|31|4966|4966|550|550|17
18|CHINA|41|18|8549.24|0.0|41|4966|4966|550|550|17
16|MOZAMBIQUE|31|16|55720.26|0.09|31|40419|40419|550|550|17
19|ROMANIA|62|19|10217.07|0.08|62|46308|46308|550|550|17
7|GERMANY|77|7|42244.5|0.02|77|46308|46308|550|550|17
16|MOZAMBIQUE|18|16|36074.01|0.02|18|46308|46308|550|550|17
12|JAPAN|54|12|11051.84|0.03|54|46308|46308|550|550|17
22|RUSSIA|42|22|20268.93|0.04|42|46308|46308|550|550|17
9|INDONESIA|51|9|48603.5|0.06|51|34788|34788|550|550|17
0|ALGERIA|37|0|49300.82|0.07|37|34788|34788|550|550|17
10|IRAN|34|10|15040.2|0.07|34|5122|5122|550|550|17
12|JAPAN|54|12|38092.6|0.03|54|5122|5122|550|550|17
2|BRAZIL|21|2|66935.95|0.09|21|5122|5122|550|550|17
17|PERU|1|17|17186.72|0.02|1|14948|14948|550|550|17
19|ROMANIA|62|19|55579.2|0.1|62|14948|14948|550|550|17
2|BRAZIL|21|2|46850.7|0.09|21|14948|14948|550|550|17
15|MOROCCO|14|15|25626.83|0.06|14|6210|6210|550|550|17
21|VIETNAM|68|21|1263.36|0.07|68|6210|6210|550|550|17
11|IRAQ|5|11|74362.89|0.03|5|46272|46272|550|550|17
13|JORDAN|36|13|38134.11|0.1|36|46272|46272|550|550|17
4|EGYPT|69|4|15136.02|0.03|69|46272|46272|550|550|17
14|KENYA|79|14|17814.96|0.02|79|46272|46272|550|550|17
24|UNITED STATES|19|24|60158.35|0.08|19|46272|46272|550|550|17
2|BRAZIL|21|2|49403.34|0.01|21|46272|46272|550|550|17
5|ETHIOPIA|2|5|59013.45|0.06|2|46272|46272|550|550|17
18|CHINA|72|18|91046.0|0.06|72|27267|27267|550|550|17
12|JAPAN|54|12|55779.6|0.08|54|27267|27267|550|550|17
24|UNITED STATES|49|24|42065.16|0.0|49|27267|27267|550|550|17
1|ARGENTINA|3|1|55299.2|0.03|3|27267|27267|550|550|17
23|UNITED KINGDOM|7|23|38650.7|0.01|7|30340|30340|550|550|17
4|EGYPT|22|4|29157.97|0.08|22|30340|30340|550|550|17
21|VIETNAM|26|21|23801.28|0.0|26|30340|30340|550|550|17
14|KENYA|48|14|50105.0|0.01|48|30340|30340|550|550|17
21|VIETNAM|35|21|85006.67|0.06|35|30340|30340|550|550|17
20|SAUDI ARABIA|74|20|53028.99|0.09|74|30340|30340|550|550|17
7|GERMANY|33|7|45369.72|0.1|33|225|225|265|265|17
22|RUSSIA|25|22|2838.12|0.0|25|225|225|265|265|17
21|VIETNAM|35|21|11472.6|0.0|35|225|225|265|265|17
15|MOROCCO|4|15|25683.84|0.0|4|225|225|265|265|17
22|RUSSIA|65|22|66941.1|0.06|65|225|225|265|265|17
19|ROMANIA|17|19|5109.48|0.09|17|225|225|265|265|17
22|RUSSIA|42|22|29792.86|0.04|42|225|225|265|265|17
22|RUSSIA|40|22|30399.84|0.0|40|5314|5314|265|265|17
17|PERU|59|17|18389.3|0.07|59|5314|5314|265|265|17
17|PERU|1|17|19486.08|0.09|1|43975|43975|265|265|17
8|INDIA|60|8|67581.81|0.07|60|43975|43975|265|265|17
0|ALGERIA|24|0|29583.48|0.01|24|43975|43975|265|265|17
24|UNITED STATES|49|24|16907.9|0.01|49|43975|43975|265|265|17
11|IRAQ|5|11|7335.72|0.1|5|18023|18023|265|265|17
1|ARGENTINA|71|1|39103.26|0.09|71|18023|18023|265|265|17
4|EGYPT|38|4|7219.6|0.04|38|18023|18023|265|265|17
22|RUSSIA|42|22|2616.8|0.01|42|18023|18023|265|265|17
10|IRAN|9|10|8633.31|0.05|9|385|385|265|265|17
14|KENYA|76|14|60969.32|0.08|76|385|385|265|265|17
18|CHINA|72|18|74138.66|0.04|72|23200|23200|265|265|17
16|MOZAMBIQUE|58|16|2074.26|0.05|58|23200|23200|265|265|17
8|INDIA|39|8|24954.79|0.01|39|23200|23200|265|265|17
7|GERMANY|77|7|11288.97|0.04|77|22631|22631|133|133|17
8|INDIA|60|8|44399.36|0.1|60|22631|22631|133|133|17
14|KENYA|48|14|3255.54|0.05|48|22631|22631|133|133|17
8|INDIA|15|8|47580.75|0.0|15|22631|22631|133|133|17
3|CANADA|13|3|20602.67|0.1|13|22631|22631|133|133|17
24|UNITED STATES|19|24|1660.76|0.02|19|22631|22631|133|133|17
18|CHINA|27|18|18475.56|0.0|27|22631|22631|133|133|17
22|RUSSIA|65|22|70950.15|0.09|65|10528|10528|133|133|17
14|KENYA|6|14|11532.42|0.01|6|41318|41318|133|133|17
16|MOZAMBIQUE|73|16|49415.2|0.02|73|41318|41318|133|133|17
16|MOZAMBIQUE|73|16|33050.96|0.09|73|41318|41318|133|133|17
9|INDONESIA|51|9|2462.66|0.03|51|41318|41318|133|133|17
0|ALGERIA|37|0|51050.72|0.03|37|41318|41318|133|133|17
12|JAPAN|54|12|39141.5|0.0|54|41318|41318|133|133|17
24|UNITED STATES|49|24|33191.64|0.07|49|41318|41318|133|133|17
14|KENYA|6|14|1315.41|0.03|6|28035|28035|133|133|17
17|PERU|1|17|18500.0|0.1|1|28035|28035|133|133|17
16|MOZAMBIQUE|73|16|57554.86|0.08|73|28035|28035|133|133|17
14|KENYA|47|14|40353.21|0.01|47|28035|28035|133|133|17
19|ROMANIA|52|19|42864.47|0.1|52|28035|28035|133|133|17
18|CHINA|27|18|51256.0|0.01|27|8967|8967|362|362|17
18|CHINA|72|18|23692.99|0.0|72|22657|22657|362|362|17
8|INDIA|60|8|34922.38|0.08|60|22657|22657|362|362|17
0|ALGERIA|37|0|23416.99|0.07|37|22657|22657|362|362|17
17|PERU|57|17|36039.0|0.0|57|22657|22657|362|362|17
8|INDIA|39|8|51715.8|0.07|39|22657|22657|362|362|17
18|CHINA|27|18|30860.64|0.06|27|22657|22657|362|362|17
1|ARGENTINA|3|1|45584.0|0.02|3|22657|22657|362|362|17
8|INDIA|61|8|35553.96|0.05|61|897|897|392|392|17
1|ARGENTINA|71|1|3421.62|0.08|71|897|897|392|392|17
14|KENYA|79|14|11791.0|0.07|79|897|897|392|392|17
5|ETHIOPIA|63|5|24370.8|0.07|63|897|897|392|392|17
4|EGYPT|22|4|36231.36|0.04|22|20071|20071|392|392|17
9|INDONESIA|50|9|72412.8|0.03|50|20071|20071|392|392|17
8|INDIA|15|8|80184.6|0.02|15|20071|20071|392|392|17
0|ALGERIA|24|0|16863.3|0.1|24|20071|20071|392|392|17
14|KENYA|76|14|29168.77|0.06|76|20071|20071|392|392|17
4|EGYPT|38|4|6687.15|0.06|38|20071|20071|392|392|17
18|CHINA|11|18|919.01|0.0|11|32263|32263|392|392|17
8|INDIA|15|8|11882.13|0.0|15|32263|32263|392|392|17
0|ALGERIA|24|0|17954.55|0.02|24|32263|32263|392|392|17
18|CHINA|27|18|55966.57|0.1|27|32263|32263|392|392|17
22|RUSSIA|40|22|13394.3|0.1|40|44965|44965|35|35|17
7|GERMANY|44|7|51896.64|0.09|44|44965|44965|35|35|17
22|RUSSIA|25|22|28734.82|0.01|25|44965|44965|35|35|17
14|KENYA|47|14|55712.28|0.04|47|44965|44965|35|35|17
5|ETHIOPIA|78|5|83191.71|0.07|78|44965|44965|35|35|17
8|INDIA|12|8|11045.64|0.0|12|44965|44965|35|35|17
14|KENYA|48|14|59231.21|0.07|48|24739|24739|35|35|17
24|UNITED STATES|19|24|51855.5|0.04|19|24739|24739|35|35|17
16|MOZAMBIQUE|73|16|47284.92|0.01|73|1639|1639|35|35|17
14|KENYA|79|14|51879.76|0.04|79|1639|1639|35|35|17
7|GERMANY|53|7|33443.76|0.07|53|1639|1639|35|35|17
7|GERMANY|77|7|22023.52|0.04|77|11617|11617|1168|1168|17
4|EGYPT|69|4|13054.95|0.03|69|11617|11617|1168|1168|17
23|UNITED KINGDOM|32|23|59449.94|0.02|32|11617|11617|1168|1168|17
22|RUSSIA|65|22|2316.5|0.0|65|11617|11617|1168|1168|17
3|CANADA|20|3|55796.07|0.08|20|11617|11617|1168|1168|17
11|IRAQ|5|11|14586.48|0.02|5|31429|31429|1168|1168|17
18|CHINA|11|18|6987.45|0.07|11|31429|31429|1168|1168|17
0|ALGERIA|28|0|5916.48|0.09|28|31429|31429|1168|1168|17
7|GERMANY|44|7|24233.84|0.04|44|40513|40513|1168|1168|17
6|FRANCE|70|6|18980.4|0.01|70|40513|40513|1168|1168|17
14|KENYA|47|14|26489.12|0.09|47|40513|40513|1168|1168|17
9|INDONESIA|45|9|18771.4|0.07|45|40513|40513|1168|1168|17
11|IRAQ|5|11|15652.8|0.1|5|26597|26597|1168|1168|17
16|MOZAMBIQUE|73|16|54201.6|0.01|73|26597|26597|1168|1168|17
7|GERMANY|33|7|6384.07|0.02|33|26597|26597|1168|1168|17
8|INDIA|15|8|17313.75|0.03|15|26597|26597|1168|1168|17
4|EGYPT|67|4|46029.78|0.09|67|26597|26597|1168|1168|17
17|PERU|8|17|9766.32|0.06|8|45442|45442|1168|1168|17
24|UNITED STATES|19|24|16781.88|0.06|19|45442|45442|1168|1168|17
12|JAPAN|54|12|21383.2|0.09|54|45442|45442|1168|1168|17
14|KENYA|76|14|12701.44|0.04|76|45442|45442|1168|1168|17
19|ROMANIA|17|19|17875.36|0.02|17|40928|40928|1166|1166|17
8|INDIA|15|8|51456.99|0.02|15|39554|39554|1166|1166|17
16|MOZAMBIQUE|18|16|62778.3|0.1|18|39554|39554|1166|1166|17
1|ARGENTINA|29|1|21715.76|0.01|29|39554|39554|1166|1166|17
5|ETHIOPIA|63|5|2734.92|0.01|63|39554|39554|1166|1166|17
16|MOZAMBIQUE|30|16|35114.48|0.06|30|18788|18788|1166|1166|17
8|INDIA|15|8|43056.24|0.02|15|25345|25345|1166|1166|17
16|MOZAMBIQUE|18|16|9170.1|0.0|18|25345|25345|1166|1166|17
22|RUSSIA|25|22|16244.1|0.04|25|1860|1860|77|77|17
18|CHINA|41|18|43855.04|0.04|41|44518|44518|77|77|17
5|ETHIOPIA|63|5|40612.88|0.01|63|44518|44518|77|77|17
17|PERU|8|17|17061.33|0.07|8|4388|4388|77|77|17
15|MOROCCO|4|15|43894.48|0.05|4|4388|4388|77|77|17
8|INDIA|39|8|42615.6|0.02|39|4388|4388|77|77|17
23|UNITED KINGDOM|66|23|12163.1|0.08|66|10497|10497|97|97|17
17|PERU|57|17|38611.47|0.05|57|10497|10497|97|97|17
8|INDIA|12|8|38814.12|0.07|12|10497|10497|97|97|17
17|PERU|8|17|4909.28|0.09|8|20551|20551|97|97|17
22|RUSSIA|40|22|49460.32|0.0|40|20551|20551|97|97|17
22|RUSSIA|40|22|55660.5|0.05|40|20551|20551|97|97|17
23|UNITED KINGDOM|66|23|20677.27|0.02|66|20551|20551|97|97|17
21|VIETNAM|68|21|38892.92|0.08|68|20551|20551|97|97|17
20|SAUDI ARABIA|74|20|82995.71|0.08|74|20551|20551|97|97|17
7|GERMANY|44|7|53472.6|0.09|44|16679|16679|97|97|17
10|IRAN|9|10|5410.9|0.03|9|16679|16679|97|97|17
3|CANADA|13|3|18680.1|0.01|13|16679|16679|97|97|17
9|INDONESIA|45|9|50855.39|0.03|45|16679|16679|97|97|17
14|KENYA|76|14|43818.36|0.01|76|16679|16679|97|97|17
0|ALGERIA|28|0|32095.66|0.01|28|16679|16679|97|97|17
13|JORDAN|36|13|57932.1|0.04|36|455|455|97|97|17
23|UNITED KINGDOM|7|23|24478.74|0.03|7|9056|9056|97|97|17
17|PERU|59|17|48341.46|0.01|59|9056|9056|97|97|17
23|UNITED KINGDOM|32|23|40027.18|0.07|32|9056|9056|97|97|17
4|EGYPT|38|4|31915.63|0.06|38|9056|9056|97|97|17
18|CHINA|75|18|8874.35|0.02|75|9056|9056|97|97|17
24|UNITED STATES|19|24|17256.87|0.04|19|8099|8099|97|97|17
8|INDIA|15|8|54838.71|0.05|15|41955|41955|97|97|17
3|CANADA|13|3|18640.6|0.01|13|41955|41955|97|97|17
1|ARGENTINA|29|1|58713.5|0.02|29|41955|41955|97|97|17
23|UNITED KINGDOM|32|23|26828.8|0.05|32|41955|41955|97|97|17
0|ALGERIA|28|0|58626.92|0.1|28|41955|41955|97|97|17
18|CHINA|27|18|30560.22|0.0|27|41955|41955|97|97|17
24|UNITED STATES|64|24|35612.61|0.01|64|41955|41955|97|97|17
15|MOROCCO|14|15|64357.09|0.05|14|31747|31747|97|97|17
5|ETHIOPIA|78|5|57162.0|0.07|78|31747|31747|97|97|17
16|MOZAMBIQUE|30|16|20371.26|0.05|30|31747|31747|97|97|17
16|MOZAMBIQUE|73|16|41064.45|0.06|73|40578|40578|97|97|17
9|INDONESIA|51|9|44175.36|0.02|51|40578|40578|97|97|17
23|UNITED KINGDOM|66|23|17571.04|0.01|66|40578|40578|97|97|17
16|MOZAMBIQUE|56|16|16176.42|0.05|56|40578|40578|97|97|17
3|CANADA|20|3|60193.35|0.02|20|40578|40578|97|97|17
19|ROMANIA|52|19|1125.22|0.03|52|40578|40578|97|97|17
14|KENYA|6|14|11716.76|0.06|6|17122|17122|97|97|17
8|INDIA|15|8|64268.0|0.07|15|17122|17122|97|97|17
8|INDIA|15|8|24386.64|0.1|15|17122|17122|97|97|17
18|CHINA|11|18|16830.54|0.07|11|44194|44194|97|97|17
18|CHINA|72|18|74718.4|0.04|72|44194|44194|97|97|17
9|INDONESIA|45|9|45584.64|0.03|45|44194|44194|97|97|17
9|INDONESIA|23|9|51741.9|0.06|23|44194|44194|97|97|17
12|JAPAN|54|12|28943.46|0.0|54|44194|44194|97|97|17
7|GERMANY|44|7|54059.0|0.08|44|35841|35841|758|758|17
10|IRAN|9|10|52824.0|0.0|9|35841|35841|758|758|17
0|ALGERIA|37|0|30029.67|0.0|37|35841|35841|758|758|17
13|JORDAN|36|13|58714.78|0.02|36|35841|35841|758|758|17
7|GERMANY|53|7|16638.71|0.03|53|35841|35841|758|758|17
18|CHINA|11|18|18884.52|0.06|11|41158|41158|758|758|17
8|INDIA|15|8|33366.63|0.01|15|41158|41158|758|758|17
16|MOZAMBIQUE|58|16|18360.2|0.0|58|41158|41158|758|758|17
14|KENYA|76|14|45200.0|0.1|76|41158|41158|758|758|17
22|RUSSIA|65|22|32946.98|0.1|65|41158|41158|758|758|17
5|ETHIOPIA|2|5|14560.0|0.05|2|41158|41158|758|758|17
7|GERMANY|33|7|1830.93|0.09|33|36261|36261|758|758|17
18|CHINA|72|18|62688.78|0.01|72|36261|36261|758|758|17
21|VIETNAM|26|21|49333.68|0.02|26|36261|36261|758|758|17
4|EGYPT|69|4|70259.72|0.03|69|36261|36261|758|758|17
14|KENYA|79|14|49659.04|0.03|79|36261|36261|758|758|17
9|INDONESIA|45|9|10311.3|0.0|45|36261|36261|758|758|17
24|UNITED STATES|19|24|48853.22|0.04|19|36261|36261|758|758|17
14|KENYA|76|14|2760.96|0.01|76|33188|33188|758|758|17
22|RUSSIA|25|22|23409.9|0.06|25|42788|42788|812|812|17
14|KENYA|79|14|51564.3|0.04|79|42788|42788|812|812|17
4|EGYPT|38|4|29599.92|0.03|38|42788|42788|812|812|17
1|ARGENTINA|3|1|11760.76|0.1|3|42788|42788|812|812|17
3|CANADA|20|3|61577.56|0.08|20|33925|33925|812|812|17
16|MOZAMBIQUE|73|16|39210.24|0.04|73|19300|19300|812|812|17
13|JORDAN|36|13|16775.64|0.09|36|19300|19300|812|812|17
0|ALGERIA|24|0|60826.78|0.06|24|19300|19300|812|812|17
14|KENYA|79|14|3593.78|0.02|79|19300|19300|812|812|17
9|INDONESIA|45|9|34533.24|0.08|45|19300|19300|812|812|17
18|CHINA|72|18|72220.8|0.05|72|15682|15682|812|812|17
15|MOROCCO|14|15|53985.24|0.0|14|15682|15682|812|812|17
10|IRAN|9|10|6889.44|0.07|9|43971|43971|998|998|17
19|ROMANIA|52|19|12577.68|0.0|52|43971|43971|998|998|17
1|ARGENTINA|3|1|61385.52|0.03|3|43971|43971|998|998|17
19|ROMANIA|62|19|49458.3|0.03|62|29639|29639|998|998|17
7|GERMANY|77|7|1017.11|0.07|77|29639|29639|998|998|17
18|CHINA|72|18|57895.74|0.02|72|29639|29639|998|998|17
1|ARGENTINA|3|1|47246.76|0.04|3|29639|29639|998|998|17
23|UNITED KINGDOM|7|23|13406.52|0.02|7|449|449|767|767|17
17|PERU|1|17|2940.24|0.07|1|449|449|767|767|17
14|KENYA|79|14|7075.44|0.1|79|449|449|767|767|17
7|GERMANY|53|7|25591.72|0.07|53|449|449|767|767|17
17|PERU|1|17|71355.84|0.09|1|20326|20326|767|767|17
10|IRAN|9|10|38156.56|0.02|9|20326|20326|767|767|17
7|GERMANY|77|7|24486.4|0.03|77|47392|47392|767|767|17
8|INDIA|15|8|34982.08|0.06|15|30882|30882|8|8|17
24|UNITED STATES|10|24|17442.19|0.05|10|30882|30882|8|8|17
21|VIETNAM|68|21|60824.05|0.1|68|30306|30306|8|8|17
1|ARGENTINA|71|1|35283.5|0.0|71|27200|27200|8|8|17
17|PERU|59|17|9190.1|0.05|59|27200|27200|8|8|17
14|KENYA|47|14|42644.36|0.02|47|27200|27200|8|8|17
5|ETHIOPIA|78|5|14381.4|0.08|78|27200|27200|8|8|17
15|MOROCCO|4|15|48212.46|0.07|4|27200|27200|8|8|17
9|INDONESIA|51|9|64259.09|0.01|51|32709|32709|997|997|17
21|VIETNAM|26|21|33732.0|0.09|26|32709|32709|997|997|17
13|JORDAN|36|13|29570.13|0.03|36|32709|32709|997|997|17
0|ALGERIA|24|0|74863.2|0.0|24|32709|32709|997|997|17
16|MOZAMBIQUE|56|16|27928.74|0.03|56|32709|32709|997|997|17
10|IRAN|34|10|18235.98|0.1|34|32709|32709|997|997|17
8|INDIA|15|8|6202.6|0.08|15|44609|44609|997|997|17
13|JORDAN|36|13|19881.8|0.02|36|44609|44609|997|997|17
21|VIETNAM|35|21|28999.2|0.05|35|44609|44609|997|997|17
4|EGYPT|67|4|28002.03|0.02|67|44609|44609|997|997|17
12|JAPAN|43|12|46219.78|0.01|43|44609|44609|997|997|17
18|CHINA|27|18|46650.4|0.01|27|44609|44609|997|997|17
21|VIETNAM|80|21|39606.84|0.09|80|27264|27264|997|997|17
24|UNITED STATES|46|24|28092.83|0.03|46|27264|27264|997|997|17
24|UNITED STATES|10|24|46275.31|0.02|10|27264|27264|997|997|17
3|CANADA|20|3|23229.44|0.05|20|27264|27264|997|997|17
14|KENYA|79|14|73047.97|0.03|79|27554|27554|997|997|17
1|ARGENTINA|29|1|35151.48|0.1|29|27554|27554|997|997|17
21|VIETNAM|80|21|73513.88|0.06|80|15334|15334|997|997|17
7|GERMANY|77|7|34020.24|0.01|77|15334|15334|997|997|17
17|PERU|57|17|45447.84|0.04|57|15334|15334|997|997|17
4|EGYPT|67|4|38291.48|0.09|67|15334|15334|997|997|17
15|MOROCCO|4|15|17250.36|0.08|4|15334|15334|997|997|17
4|EGYPT|38|4|66716.97|0.04|38|15334|15334|997|997|17
20|SAUDI ARABIA|74|20|42825.6|0.08|74|18403|18403|997|997|17
1|ARGENTINA|3|1|24490.62|0.1|3|18403|18403|997|997|17
21|VIETNAM|26|21|46085.3|0.02|26|10562|10562|997|997|17
17|PERU|57|17|7952.72|0.1|57|10562|10562|997|997|17
5|ETHIOPIA|78|5|69488.06|0.03|78|10562|10562|997|997|17
3|CANADA|20|3|21602.88|0.06|20|10562|10562|997|997|17
20|SAUDI ARABIA|74|20|34336.75|0.09|74|10562|10562|997|997|17
14|KENYA|6|14|59020.73|0.07|6|25632|25632|997|997|17
23|UNITED KINGDOM|66|23|45156.6|0.02|66|25632|25632|997|997|17
8|INDIA|61|8|54443.04|0.03|61|25632|25632|997|997|17
15|MOROCCO|14|15|39180.24|0.0|14|25632|25632|997|997|17
24|UNITED STATES|46|24|9830.8|0.04|46|25632|25632|997|997|17
14|KENYA|79|14|34003.06|0.08|79|25632|25632|997|997|17
23|UNITED KINGDOM|32|23|9144.8|0.07|32|25632|25632|997|997|17
7|GERMANY|44|7|7393.98|0.09|44|6502|6502|1091|1091|17
7|GERMANY|77|7|22023.52|0.09|77|6502|6502|1091|1091|17
24|UNITED STATES|46|24|4476.84|0.09|46|6502|6502|1091|1091|17
4|EGYPT|67|4|20884.61|0.03|67|6502|6502|1091|1091|17
24|UNITED STATES|10|24|50935.94|0.01|10|6502|6502|1091|1091|17
24|UNITED STATES|49|24|1268.36|0.01|49|6502|6502|1091|1091|17
13|JORDAN|36|13|10890.88|0.1|36|8773|8773|1091|1091|17
0|ALGERIA|24|0|28058.14|0.05|24|8773|8773|1091|1091|17
14|KENYA|76|14|8836.52|0.1|76|8773|8773|1091|1091|17
9|INDONESIA|50|9|35267.7|0.09|50|13159|13159|628|628|17
16|MOZAMBIQUE|58|16|84989.5|0.02|58|13159|13159|628|628|17
7|GERMANY|77|7|8584.05|0.1|77|3844|3844|628|628|17
1|ARGENTINA|71|1|1956.14|0.03|71|3844|3844|628|628|17
9|INDONESIA|45|9|47548.66|0.08|45|23687|23687|628|628|17
9|INDONESIA|50|9|34356.72|0.04|50|5632|5632|628|628|17
15|MOROCCO|14|15|46707.36|0.06|14|5632|5632|628|628|17
24|UNITED STATES|46|24|36662.64|0.02|46|5632|5632|628|628|17
18|CHINA|11|18|30104.13|0.01|11|743|743|628|628|17
23|UNITED KINGDOM|7|23|55729.28|0.08|7|42214|42214|628|628|17
9|INDONESIA|50|9|16133.68|0.03|50|42214|42214|628|628|17
12|JAPAN|54|12|39990.86|0.03|54|42214|42214|628|628|17
12|JAPAN|54|12|53222.82|0.06|54|42214|42214|628|628|17
2|BRAZIL|21|2|47816.66|0.03|21|42214|42214|628|628|17
3|CANADA|20|3|24490.95|0.01|20|42214|42214|628|628|17
16|MOZAMBIQUE|31|16|19747.14|0.05|31|42214|42214|628|628|17
0|ALGERIA|24|0|21136.78|0.0|24|8993|8993|628|628|17
18|CHINA|27|18|40907.84|0.02|27|8993|8993|628|628|17
23|UNITED KINGDOM|66|23|35295.0|0.06|66|12294|12294|628|628|17
9|INDONESIA|50|9|72412.8|0.05|50|12294|12294|628|628|17
16|MOZAMBIQUE|18|16|14370.75|0.06|18|12294|12294|628|628|17
18|CHINA|75|18|15937.44|0.0|75|12294|12294|628|628|17
18|CHINA|41|18|67892.76|0.1|41|12294|12294|628|628|17
18|CHINA|72|18|51271.44|0.0|72|26821|26821|859|859|17
17|PERU|57|17|8865.42|0.1|57|26821|26821|859|859|17
12|JAPAN|54|12|77650.08|0.1|54|26821|26821|859|859|17
13|JORDAN|36|13|17478.6|0.03|36|19780|19780|859|859|17
0|ALGERIA|24|0|63472.5|0.03|24|19780|19780|859|859|17
10|IRAN|34|10|51337.44|0.01|34|19780|19780|859|859|17
12|JAPAN|54|12|1147.24|0.05|54|19780|19780|859|859|17
7|GERMANY|33|7|10501.5|0.04|33|12930|12930|859|859|17
16|MOZAMBIQUE|73|16|39246.24|0.1|73|20006|20006|859|859|17
7|GERMANY|44|7|11172.1|0.1|44|20006|20006|859|859|17
8|INDIA|61|8|33224.42|0.0|61|20006|20006|859|859|17
8|INDIA|15|8|54662.96|0.04|15|20006|20006|859|859|17
23|UNITED KINGDOM|32|23|19534.28|0.05|32|20006|20006|859|859|17
12|JAPAN|43|12|66273.84|0.05|43|20006|20006|859|859|17
22|RUSSIA|16|22|75561.9|0.1|16|20006|20006|859|859|17
17|PERU|1|17|50887.68|0.1|1|26913|26913|859|859|17
14|KENYA|79|14|53432.32|0.02|79|26913|26913|859|859|17
9|INDONESIA|51|9|15234.52|0.01|51|39395|39395|859|859|17
6|FRANCE|70|6|54093.6|0.1|70|39395|39395|859|859|17
4|EGYPT|69|4|47420.4|0.1|69|39395|39395|859|859|17
15|MOROCCO|14|15|18440.4|0.0|14|39395|39395|859|859|17
10|IRAN|34|10|36470.64|0.03|34|39395|39395|859|859|17
18|CHINA|27|18|21296.31|0.07|27|39395|39395|859|859|17
1|ARGENTINA|3|1|24840.6|0.09|3|39395|39395|859|859|17
8|INDIA|60|8|50164.78|0.08|60|9920|9920|859|859|17
14|KENYA|48|14|40026.56|0.08|48|9920|9920|859|859|17
16|MOZAMBIQUE|18|16|972.07|0.06|18|9920|9920|859|859|17
6|FRANCE|70|6|38618.58|0.08|70|19459|19459|859|859|17
17|PERU|1|17|17196.48|0.05|1|39974|39974|859|859|17
7|GERMANY|77|7|57543.04|0.01|77|39974|39974|859|859|17
22|RUSSIA|16|22|67610.91|0.02|16|39974|39974|859|859|17
22|RUSSIA|42|22|10631.52|0.1|42|39974|39974|859|859|17
24|UNITED STATES|64|24|12605.36|0.02|64|46500|46500|518|518|17
24|UNITED STATES|10|24|52551.76|0.07|10|27846|27846|518|518|17
17|PERU|8|17|34309.4|0.05|8|43458|43458|518|518|17
9|INDONESIA|45|9|42567.98|0.04|45|43458|43458|518|518|17
5|ETHIOPIA|78|5|47538.12|0.07|78|43458|43458|518|518|17
15|MOROCCO|14|15|19550.86|0.07|14|7840|7840|518|518|17
15|MOROCCO|14|15|13951.21|0.1|14|7840|7840|518|518|17
24|UNITED STATES|46|24|59942.39|0.04|46|7840|7840|518|518|17
18|CHINA|27|18|47889.0|0.04|27|7840|7840|518|518|17
4|EGYPT|69|4|24953.06|0.03|69|30723|30723|518|518|17
0|ALGERIA|28|0|16113.6|0.04|28|30723|30723|518|518|17
5|ETHIOPIA|63|5|18510.58|0.05|63|30723|30723|518|518|17
8|INDIA|15|8|9003.6|0.02|15|14084|14084|518|518|17
0|ALGERIA|24|0|70684.98|0.05|24|14084|14084|518|518|17
22|RUSSIA|16|22|52290.18|0.04|16|14084|14084|518|518|17
3|CANADA|20|3|63793.94|0.0|20|14084|14084|518|518|17
18|CHINA|41|18|61254.36|0.07|41|14084|14084|518|518|17
9|INDONESIA|45|9|14983.76|0.09|45|2016|2016|61|61|17
15|MOROCCO|4|15|2140.32|0.02|4|2016|2016|61|61|17
2|BRAZIL|21|2|21037.5|0.04|21|2016|2016|61|61|17
21|VIETNAM|80|21|11018.88|0.02|80|47458|47458|61|61|17
11|IRAQ|5|11|53246.1|0.08|5|47458|47458|61|61|17
9|INDONESIA|51|9|53016.8|0.07|51|47458|47458|61|61|17
8|INDIA|15|8|6972.45|0.04|15|47458|47458|61|61|17
24|UNITED STATES|19|24|9439.08|0.09|19|47458|47458|61|61|17
12|JAPAN|43|12|14245.2|0.0|43|47458|47458|61|61|17
18|CHINA|41|18|41853.63|0.04|41|47458|47458|61|61|17
15|MOROCCO|4|15|8892.52|0.08|4|31334|31334|61|61|17
16|MOZAMBIQUE|18|16|23117.3|0.04|18|3010|3010|61|61|17
1|ARGENTINA|29|1|15559.38|0.02|29|3010|3010|61|61|17
19|ROMANIA|17|19|62195.74|0.05|17|3010|3010|61|61|17
19|ROMANIA|17|19|30525.32|0.09|17|3010|3010|61|61|17
5|ETHIOPIA|63|5|28300.36|0.09|63|3010|3010|61|61|17
1|ARGENTINA|3|1|32578.8|0.04|3|3010|3010|61|61|17
9|INDONESIA|45|9|57131.14|0.0|45|31716|31716|61|61|17
17|PERU|59|17|25327.75|0.02|59|28674|28674|61|61|17
3|CANADA|13|3|1209.3|0.05|13|28674|28674|61|61|17
24|UNITED STATES|46|24|16550.6|0.0|46|28674|28674|61|61|17
17|PERU|57|17|8775.36|0.04|57|28674|28674|61|61|17
0|ALGERIA|28|0|24217.76|0.05|28|28674|28674|61|61|17
7|GERMANY|33|7|24613.91|0.04|33|29669|29669|61|61|17
3|CANADA|13|3|15206.52|0.05|13|29669|29669|61|61|17
9|INDONESIA|51|9|3249.54|0.0|51|28420|28420|775|775|17
