21|VIETNAM|80|21|43131.55|0.01|80|16998|16998|1082
17|PERU|59|17|31874.88|0.03|59|16998|16998|1082
4|EGYPT|69|4|63283.68|0.02|69|16998|16998|1082
21|VIETNAM|68|21|11432.4|0.01|68|16998|16998|1082
8|INDIA|39|8|28590.96|0.1|39|16998|16998|1082
4|EGYPT|22|4|31810.08|0.09|22|45411|45411|658
18|CHINA|27|18|18815.25|0.03|27|45411|45411|658
23|UNITED KINGDOM|7|23|18136.14|0.08|7|24038|24038|779
4|EGYPT|22|4|74418.54|0.09|22|24038|24038|779
24|UNITED STATES|55|24|22269.66|0.02|55|24038|24038|779
16|MOZAMBIQUE|58|16|14966.25|0.06|58|24038|24038|779
9|INDONESIA|23|9|8415.0|0.02|23|24038|24038|779
22|RUSSIA|16|22|16163.42|0.04|16|24038|24038|779
11|IRAQ|5|11|37272.27|0.04|5|12257|12257|119
24|UNITED STATES|10|24|44346.76|0.04|10|12257|12257|119
19|ROMANIA|17|19|38867.31|0.0|17|12257|12257|119
6|FRANCE|70|6|19509.42|0.1|70|33795|33795|889
21|VIETNAM|26|21|11129.7|0.08|26|33795|33795|889
24|UNITED STATES|46|24|6018.4|0.06|46|33795|33795|889
17|PERU|57|17|58093.62|0.05|57|33795|33795|889
14|KENYA|79|14|39531.58|0.02|79|33795|33795|889
9|INDONESIA|23|9|58022.1|0.05|23|33795|33795|889
7|GERMANY|33|7|38787.0|0.06|33|13797|13797|218
24|UNITED STATES|55|24|48842.02|0.02|55|13797|13797|218
8|INDIA|60|8|48039.48|0.1|60|13797|13797|218
10|IRAN|9|10|13005.08|0.06|9|13797|13797|218
16|MOZAMBIQUE|58|16|35149.18|0.08|58|13797|13797|218
16|MOZAMBIQUE|31|16|19136.88|0.03|31|13797|13797|218
9|INDONESIA|50|9|25880.06|0.07|50|39878|39878|548
10|IRAN|9|10|12172.96|0.1|9|39878|39878|548
14|KENYA|48|14|47651.0|0.0|48|39878|39878|548
3|CANADA|13|3|42842.25|0.07|13|39878|39878|548
10|IRAN|34|10|5348.64|0.02|34|39878|39878|548
20|SAUDI ARABIA|74|20|48893.24|0.02|74|39878|39878|548
5|ETHIOPIA|2|5|62365.8|0.1|2|39878|39878|548
23|UNITED KINGDOM|66|23|66716.97|0.04|66|12004|12004|526
14|KENYA|47|14|84373.65|0.02|47|26887|26887|845
21|VIETNAM|35|21|6819.2|0.03|35|26887|26887|845
16|MOZAMBIQUE|56|16|47954.03|0.04|56|26887|26887|845
14|KENYA|76|14|31823.49|0.08|76|26887|26887|845
8|INDIA|39|8|6673.26|0.0|39|26887|26887|845
19|ROMANIA|62|19|15472.56|0.02|62|14754|14754|70
5|ETHIOPIA|78|5|3054.33|0.06|78|14754|14754|70
10|IRAN|34|10|13790.56|0.07|34|14754|14754|70
2|BRAZIL|21|2|7523.92|0.1|21|14754|14754|70
0|ALGERIA|28|0|19821.6|0.03|28|14754|14754|70
18|CHINA|41|18|54958.32|0.1|41|14754|14754|70
0|ALGERIA|37|0|9123.8|0.07|37|21475|21475|911
15|MOROCCO|14|15|47480.66|0.06|14|21475|21475|911
15|MOROCCO|14|15|46321.28|0.08|14|21475|21475|911
21|VIETNAM|68|21|25969.54|0.09|68|21475|21475|911
8|INDIA|12|8|49357.05|0.09|12|21475|21475|911
13|JORDAN|36|13|71516.14|0.07|36|44773|44773|779
17|PERU|1|17|26983.35|0.03|1|18372|18372|757
9|INDONESIA|51|9|51214.8|0.01|51|18372|18372|757
7|GERMANY|53|7|43823.5|0.05|53|18372|18372|757
11|IRAQ|5|11|37619.6|0.07|5|2823|2823|625
9|INDONESIA|51|9|30470.22|0.04|51|2823|2823|625
16|MOZAMBIQUE|58|16|48581.28|0.09|58|2823|2823|625
24|UNITED STATES|46|24|18980.16|0.02|46|2823|2823|625
21|VIETNAM|68|21|21208.86|0.0|68|2823|2823|625
18|CHINA|75|18|71400.6|0.03|75|2823|2823|625
5|ETHIOPIA|2|5|15229.28|0.07|2|2823|2823|625
21|VIETNAM|80|21|42317.33|0.07|80|16260|16260|625
9|INDONESIA|51|9|36602.72|0.01|51|5637|5637|823
14|KENYA|47|14|14675.6|0.01|47|5637|5637|823
14|KENYA|79|14|17841.18|0.03|79|5637|5637|823
19|ROMANIA|17|19|44707.95|0.09|17|5637|5637|823
3|CANADA|20|3|25056.54|0.01|20|5637|5637|823
18|CHINA|41|18|22760.32|0.03|41|5637|5637|823
24|UNITED STATES|10|24|4641.04|0.04|10|2787|2787|823
0|ALGERIA|37|0|26693.04|0.02|37|2402|2402|526
20|SAUDI ARABIA|74|20|68184.24|0.03|74|2402|2402|526
17|PERU|8|17|2306.5|0.09|8|3458|3458|757
23|UNITED KINGDOM|7|23|46130.88|0.06|7|3458|3458|757
16|MOZAMBIQUE|18|16|37372.68|0.01|18|3458|3458|757
12|JAPAN|43|12|59541.94|0.06|43|3458|3458|757
22|RUSSIA|65|22|16369.92|0.09|65|3458|3458|757
4|EGYPT|38|4|6216.78|0.09|38|3458|3458|757
17|PERU|8|17|57684.04|0.05|8|3941|3941|1082
14|KENYA|6|14|51500.23|0.0|6|3941|3941|1082
24|UNITED STATES|19|24|1956.14|0.01|19|3941|3941|1082
4|EGYPT|38|4|35757.62|0.05|38|3941|3941|1082
8|INDIA|60|8|47799.98|0.07|60|6724|6724|746
10|IRAN|34|10|79295.72|0.08|34|6724|6724|746
18|CHINA|27|18|23059.65|0.07|27|6724|6724|746
3|CANADA|13|3|33407.91|0.06|13|4326|4326|229
0|ALGERIA|37|0|11307.15|0.08|37|3105|3105|1093
19|ROMANIA|52|19|12925.68|0.07|52|3105|3105|1093
21|VIETNAM|80|21|71928.36|0.08|80|1411|1411|757
22|RUSSIA|25|22|45318.3|0.09|25|1411|1411|757
15|MOROCCO|14|15|41040.4|0.0|14|1411|1411|757
14|KENYA|79|14|30032.0|0.01|79|1411|1411|757
21|VIETNAM|35|21|9280.17|0.06|35|1411|1411|757
7|GERMANY|53|7|45574.1|0.02|53|1411|1411|757
8|INDIA|60|8|44679.32|0.07|60|21157|21157|1192
8|INDIA|15|8|33299.27|0.07|15|21157|21157|1192
22|RUSSIA|25|22|4180.56|0.04|25|21157|21157|1192
21|VIETNAM|35|21|35966.16|0.06|35|21157|21157|1192
24|UNITED STATES|19|24|13152.79|0.0|19|21157|21157|1192
18|CHINA|27|18|64958.25|0.03|27|21157|21157|1192
17|PERU|8|17|29431.4|0.03|8|33345|33345|559
9|INDONESIA|50|9|42638.64|0.0|50|33345|33345|559
21|VIETNAM|68|21|33050.96|0.01|68|33345|33345|559
15|MOROCCO|4|15|32109.84|0.06|4|33345|33345|559
12|JAPAN|54|12|49164.84|0.03|54|33345|33345|559
14|KENYA|76|14|38335.48|0.01|76|33345|33345|559
7|GERMANY|77|7|41931.63|0.07|77|46820|46820|70
13|JORDAN|36|13|32805.67|0.07|36|46820|46820|70
16|MOZAMBIQUE|58|16|37427.78|0.01|58|46820|46820|70
24|UNITED STATES|46|24|24233.84|0.1|46|46820|46820|70
9|INDONESIA|45|9|69899.48|0.02|45|46820|46820|70
18|CHINA|41|18|16506.6|0.07|41|46820|46820|70
17|PERU|59|17|44639.59|0.1|59|25568|25568|823
10|IRAN|34|10|35024.42|0.07|34|25568|25568|823
23|UNITED KINGDOM|32|23|35358.24|0.04|32|25568|25568|823
9|INDONESIA|45|9|52157.0|0.05|45|22433|22433|724
18|CHINA|41|18|22425.32|0.08|41|22433|22433|724
1|ARGENTINA|3|1|65497.52|0.1|3|22433|22433|724
7|GERMANY|44|7|41685.6|0.07|44|46116|46116|70
16|MOZAMBIQUE|56|16|7382.85|0.07|56|46116|46116|70
22|RUSSIA|65|22|58907.45|0.05|65|46116|46116|70
14|KENYA|76|14|10475.04|0.06|76|46116|46116|70
3|CANADA|20|3|43484.99|0.02|20|46116|46116|70
24|UNITED STATES|64|24|22268.7|0.07|64|46116|46116|70
23|UNITED KINGDOM|66|23|11658.51|0.02|66|31046|31046|526
17|PERU|59|17|29381.75|0.02|59|31046|31046|526
17|PERU|59|17|52857.5|0.06|59|31046|31046|526
0|ALGERIA|24|0|22227.52|0.09|24|31046|31046|526
9|INDONESIA|23|9|24890.14|0.0|23|31046|31046|526
24|UNITED STATES|19|24|43150.08|0.02|19|31046|31046|526
4|EGYPT|38|4|27376.44|0.05|38|31046|31046|526
21|VIETNAM|80|21|27731.45|0.03|80|17219|17219|229
17|PERU|1|17|50774.65|0.05|1|17219|17219|229
21|VIETNAM|26|21|23860.83|0.03|26|17219|17219|229
13|JORDAN|36|13|13804.7|0.0|36|17219|17219|229
23|UNITED KINGDOM|7|23|41565.94|0.02|7|36645|36645|757
23|UNITED KINGDOM|7|23|9260.2|0.0|7|36645|36645|757
18|CHINA|72|18|44747.0|0.1|72|36645|36645|757
4|EGYPT|67|4|34716.96|0.01|67|36645|36645|757
8|INDIA|39|8|10251.2|0.09|39|36645|36645|757
7|GERMANY|53|7|65988.38|0.05|53|36645|36645|757
14|KENYA|48|14|72548.42|0.03|48|40165|40165|92
16|MOZAMBIQUE|30|16|10824.88|0.08|30|40165|40165|92
1|ARGENTINA|29|1|55738.5|0.07|29|45445|45445|823
17|PERU|8|17|29907.25|0.1|8|12962|12962|889
24|UNITED STATES|55|24|48599.46|0.0|55|12962|12962|889
5|ETHIOPIA|63|5|23144.64|0.07|63|12962|12962|889
14|KENYA|48|14|13902.64|0.1|48|23588|23588|713
12|JAPAN|43|12|8619.31|0.06|43|37921|37921|1093
17|PERU|1|17|22748.51|0.08|1|45313|45313|724
24|UNITED STATES|55|24|84516.18|0.06|55|45313|45313|724
21|VIETNAM|35|21|47945.84|0.08|35|45313|45313|724
9|INDONESIA|45|9|59931.36|0.05|45|45313|45313|724
8|INDIA|12|8|46601.45|0.06|12|45313|45313|724
24|UNITED STATES|49|24|42682.64|0.04|49|45313|45313|724
7|GERMANY|77|7|65981.96|0.07|77|42918|42918|1192
1|ARGENTINA|71|1|42827.38|0.07|71|42918|42918|1192
13|JORDAN|36|13|69474.0|0.04|36|42918|42918|1192
17|PERU|57|17|36893.85|0.0|57|42918|42918|1192
16|MOZAMBIQUE|56|16|22826.05|0.0|56|42918|42918|1192
8|INDIA|12|8|65751.7|0.08|12|42918|42918|1192
19|ROMANIA|17|19|22344.12|0.03|17|42918|42918|1192
17|PERU|8|17|20856.88|0.03|8|8802|8802|977
13|JORDAN|36|13|18023.32|0.02|36|8802|8802|977
3|CANADA|13|3|19130.41|0.02|13|8802|8802|977
9|INDONESIA|45|9|43485.84|0.04|45|8802|8802|977
22|RUSSIA|16|22|16576.19|0.05|16|8802|8802|977
4|EGYPT|67|4|33270.42|0.08|67|1025|1025|823
22|RUSSIA|65|22|27004.5|0.06|65|1025|1025|823
14|KENYA|76|14|39462.84|0.03|76|1025|1025|823
0|ALGERIA|37|0|3255.44|0.03|37|42850|42850|889
22|RUSSIA|65|22|26492.0|0.05|65|42850|42850|889
3|CANADA|20|3|36172.86|0.0|20|42850|42850|889
17|PERU|57|17|39091.14|0.04|57|24645|24645|427
21|VIETNAM|68|21|50397.07|0.05|68|24645|24645|427
24|UNITED STATES|55|24|5411.7|0.04|55|30497|30497|757
4|EGYPT|69|4|70634.76|0.05|69|30497|30497|757
12|JAPAN|43|12|23519.16|0.06|43|30497|30497|757
24|UNITED STATES|49|24|58733.73|0.07|49|30497|30497|757
5|ETHIOPIA|2|5|51012.72|0.05|2|30497|30497|757
8|INDIA|15|8|66304.14|0.02|15|29958|29958|823
4|EGYPT|69|4|4189.47|0.1|69|29958|29958|823
17|PERU|57|17|45380.16|0.1|57|29958|29958|823
8|INDIA|12|8|12393.3|0.06|12|29958|29958|823
12|JAPAN|43|12|24577.0|0.08|43|29958|29958|823
17|PERU|8|17|13048.42|0.01|8|28803|28803|1093
14|KENYA|48|14|36380.88|0.05|48|28803|28803|1093
17|PERU|59|17|4180.56|0.1|59|28803|28803|1093
16|MOZAMBIQUE|58|16|2394.58|0.0|58|28803|28803|1093
7|GERMANY|44|7|41131.44|0.08|44|742|742|823
16|MOZAMBIQUE|56|16|23000.48|0.01|56|742|742|823
8|INDIA|12|8|78743.26|0.04|12|742|742|823
23|UNITED KINGDOM|32|23|81686.4|0.09|32|742|742|823
12|JAPAN|54|12|70438.97|0.02|54|742|742|823
20|SAUDI ARABIA|74|20|24971.4|0.08|74|742|742|823
10|IRAN|34|10|5261.55|0.06|34|28517|28517|1192
0|ALGERIA|37|0|35282.28|0.04|37|29091|29091|328
15|MOROCCO|4|15|8487.36|0.02|4|29091|29091|328
24|UNITED STATES|55|24|38358.48|0.02|55|8768|8768|955
7|GERMANY|44|7|56718.48|0.05|44|8768|8768|955
17|PERU|57|17|5537.92|0.05|57|8768|8768|955
18|CHINA|41|18|10925.52|0.03|41|8768|8768|955
7|GERMANY|33|7|9193.92|0.09|33|10918|10918|823
18|CHINA|72|18|65573.92|0.05|72|10918|10918|823
17|PERU|8|17|8639.1|0.03|8|2179|2179|328
8|INDIA|61|8|20614.66|0.05|61|2179|2179|328
6|FRANCE|70|6|12318.95|0.0|70|2179|2179|328
0|ALGERIA|24|0|22632.96|0.04|24|2179|2179|328
24|UNITED STATES|19|24|20122.0|0.03|19|2179|2179|328
8|INDIA|60|8|8649.24|0.08|60|1254|1254|559
0|ALGERIA|37|0|34197.45|0.05|37|1254|1254|559
18|CHINA|75|18|70386.73|0.05|75|1254|1254|559
11|IRAQ|5|11|23357.08|0.01|5|6435|6435|911
8|INDIA|12|8|62716.15|0.1|12|6435|6435|911
9|INDONESIA|23|9|38350.18|0.04|23|6435|6435|911
16|MOZAMBIQUE|18|16|25208.82|0.01|18|6435|6435|911
18|CHINA|27|18|28245.02|0.06|27|6435|6435|911
18|CHINA|75|18|72987.28|0.04|75|6435|6435|911
16|MOZAMBIQUE|30|16|14895.8|0.09|30|6435|6435|911
18|CHINA|11|18|40206.29|0.07|11|8514|8514|559
7|GERMANY|33|7|42216.72|0.08|33|8514|8514|559
7|GERMANY|77|7|8583.18|0.08|77|8514|8514|559
24|UNITED STATES|46|24|68520.96|0.04|46|8514|8514|559
17|PERU|57|17|14671.05|0.07|57|8514|8514|559
2|BRAZIL|21|2|83247.3|0.09|21|8514|8514|559
19|ROMANIA|17|19|10889.46|0.08|17|8514|8514|559
8|INDIA|60|8|37402.95|0.09|60|5478|5478|922
9|INDONESIA|23|9|46298.75|0.09|23|5478|5478|922
16|MOZAMBIQUE|30|16|42723.0|0.1|30|5478|5478|922
6|FRANCE|70|6|44287.04|0.06|70|11910|11910|515
10|IRAN|34|10|26812.32|0.1|34|11910|11910|515
14|KENYA|76|14|7492.95|0.05|76|11910|11910|515
18|CHINA|27|18|11650.65|0.05|27|11910|11910|515
17|PERU|1|17|13940.96|0.1|1|36935|36935|955
16|MOZAMBIQUE|73|16|68014.22|0.08|73|20930|20930|614
22|RUSSIA|40|22|48814.89|0.01|40|20930|20930|614
7|GERMANY|33|7|10877.46|0.02|33|20930|20930|614
19|ROMANIA|52|19|17418.4|0.09|52|20930|20930|614
10|IRAN|9|10|35177.0|0.04|9|965|965|548
3|CANADA|20|3|23853.99|0.06|20|965|965|548
21|VIETNAM|68|21|40092.5|0.04|68|4293|4293|823
17|PERU|57|17|75780.5|0.01|57|4293|4293|823
9|INDONESIA|45|9|1347.44|0.06|45|4293|4293|823
1|ARGENTINA|29|1|70057.26|0.08|29|4293|4293|823
24|UNITED STATES|49|24|30872.0|0.03|49|4293|4293|823
20|SAUDI ARABIA|74|20|68968.35|0.1|74|4293|4293|823
14|KENYA|47|14|59999.04|0.07|47|17828|17828|526
13|JORDAN|36|13|58608.0|0.04|36|17828|17828|526
15|MOROCCO|4|15|42606.36|0.08|4|17828|17828|526
2|BRAZIL|21|2|30599.66|0.07|21|17828|17828|526
2|BRAZIL|21|2|32515.7|0.01|21|17828|17828|526
12|JAPAN|43|12|12228.96|0.0|43|17828|17828|526
4|EGYPT|38|4|36856.56|0.02|38|17828|17828|526
16|MOZAMBIQUE|73|16|45105.28|0.03|73|41863|41863|229
4|EGYPT|67|4|43426.8|0.01|67|41863|41863|229
8|INDIA|60|8|34744.11|0.01|60|9991|9991|658
14|KENYA|76|14|43240.47|0.02|76|9991|9991|658
7|GERMANY|33|7|14862.12|0.05|33|43008|43008|988
8|INDIA|61|8|40499.78|0.07|61|43008|43008|988
18|CHINA|72|18|11716.76|0.09|72|43008|43008|988
5|ETHIOPIA|2|5|18436.0|0.03|2|43008|43008|988
22|RUSSIA|25|22|23409.9|0.06|25|42788|42788|812
14|KENYA|79|14|51564.3|0.04|79|42788|42788|812
4|EGYPT|38|4|29599.92|0.03|38|42788|42788|812
1|ARGENTINA|3|1|11760.76|0.1|3|42788|42788|812
22|RUSSIA|65|22|29803.5|0.06|65|20359|20359|658
17|PERU|1|17|41282.58|0.08|1|42689|42689|317
14|KENYA|6|14|13094.0|0.08|6|3590|3590|1192
18|CHINA|72|18|57410.45|0.03|72|3590|3590|1192
13|JORDAN|36|13|31459.25|0.03|36|3590|3590|1192
0|ALGERIA|24|0|71627.68|0.07|24|3590|3590|1192
8|INDIA|39|8|34929.44|0.01|39|3590|3590|1192
0|ALGERIA|28|0|63823.76|0.05|28|3590|3590|1192
1|ARGENTINA|3|1|52670.24|0.0|3|3590|3590|1192
16|MOZAMBIQUE|73|16|20041.12|0.09|73|40896|40896|1060
4|EGYPT|67|4|9946.5|0.09|67|40896|40896|1060
22|RUSSIA|65|22|23389.52|0.05|65|40896|40896|1060
7|GERMANY|53|7|64100.54|0.09|53|40896|40896|1060
18|CHINA|75|18|59564.5|0.03|75|40896|40896|1060
23|UNITED KINGDOM|7|23|5033.31|0.02|7|7077|7077|449
9|INDONESIA|50|9|33440.12|0.03|50|7077|7077|449
8|INDIA|60|8|13706.98|0.09|60|7077|7077|449
16|MOZAMBIQUE|58|16|74362.89|0.06|58|7077|7077|449
9|INDONESIA|45|9|31970.88|0.08|45|7077|7077|449
24|UNITED STATES|10|24|45839.4|0.09|10|7077|7077|449
16|MOZAMBIQUE|31|16|27860.13|0.1|31|7077|7077|449
9|INDONESIA|51|9|49553.68|0.09|51|9189|9189|856
9|INDONESIA|50|9|48553.5|0.05|50|21346|21346|746
17|PERU|59|17|11419.43|0.04|59|21346|21346|746
14|KENYA|47|14|1163.26|0.02|47|21346|21346|746
24|UNITED STATES|46|24|17518.38|0.08|46|21346|21346|746
9|INDONESIA|23|9|4472.84|0.09|23|21346|21346|746
18|CHINA|27|18|46986.3|0.1|27|21346|21346|746
20|SAUDI ARABIA|74|20|35986.06|0.07|74|21346|21346|746
24|UNITED STATES|19|24|6715.26|0.02|19|10434|10434|625
7|GERMANY|53|7|53439.54|0.09|53|10434|10434|625
18|CHINA|11|18|5610.18|0.05|11|12997|12997|416
0|ALGERIA|24|0|7287.75|0.05|24|12997|12997|416
1|ARGENTINA|3|1|6601.28|0.04|3|12997|12997|416
10|IRAN|9|10|69151.52|0.1|9|21511|21511|119
0|ALGERIA|24|0|49908.8|0.09|24|21511|21511|119
8|INDIA|12|8|44246.8|0.01|12|21511|21511|119
24|UNITED STATES|19|24|76581.5|0.08|19|21511|21511|119
24|UNITED STATES|19|24|57522.05|0.05|19|21511|21511|119
18|CHINA|75|18|16286.38|0.02|75|21511|21511|119
17|PERU|59|17|19348.8|0.04|59|24514|24514|70
4|EGYPT|69|4|23190.84|0.09|69|24514|24514|70
16|MOZAMBIQUE|18|16|46470.6|0.06|18|24514|24514|70
1|ARGENTINA|71|1|44013.15|0.06|71|9571|9571|1093
18|CHINA|27|18|3924.32|0.07|27|9571|9571|1093
18|CHINA|27|18|41274.33|0.01|27|28419|28419|823
17|PERU|1|17|8504.0|0.01|1|35778|35778|713
17|PERU|57|17|74253.26|0.0|57|35778|35778|713
18|CHINA|75|18|38218.77|0.02|75|35778|35778|713
14|KENYA|48|14|19094.74|0.09|48|41157|41157|229
21|VIETNAM|35|21|52952.0|0.04|35|41157|41157|229
3|CANADA|13|3|13815.3|0.05|13|41157|41157|229
0|ALGERIA|28|0|46753.28|0.03|28|41157|41157|229
24|UNITED STATES|64|24|46143.78|0.07|64|41157|41157|229
21|VIETNAM|80|21|40591.4|0.06|80|34689|34689|757
12|JAPAN|43|12|17388.75|0.02|43|34689|34689|757
6|FRANCE|70|6|29248.32|0.03|70|25504|25504|1060
8|INDIA|12|8|14685.57|0.04|12|25504|25504|1060
0|ALGERIA|28|0|47473.92|0.07|28|25504|25504|1060
19|ROMANIA|62|19|46051.0|0.02|62|21159|21159|70
8|INDIA|61|8|32771.04|0.06|61|21159|21159|70
9|INDONESIA|50|9|57261.2|0.0|50|21159|21159|70
4|EGYPT|69|4|44166.16|0.09|69|21159|21159|70
0|ALGERIA|37|0|42320.72|0.08|37|18817|18817|724
23|UNITED KINGDOM|66|23|59698.9|0.04|66|18916|18916|1093
5|ETHIOPIA|78|5|9097.84|0.03|78|18916|18916|1093
20|SAUDI ARABIA|74|20|42647.9|0.03|74|18916|18916|1093
11|IRAQ|5|11|39639.32|0.05|5|15748|15748|713
21|VIETNAM|26|21|61301.1|0.02|26|15748|15748|713
24|UNITED STATES|46|24|25569.72|0.07|46|15748|15748|713
0|ALGERIA|28|0|91296.0|0.07|28|15748|15748|713
23|UNITED KINGDOM|7|23|29551.92|0.1|7|25824|25824|1181
18|CHINA|41|18|45345.02|0.04|41|26308|26308|328
20|SAUDI ARABIA|74|20|66721.5|0.06|74|26308|26308|328
0|ALGERIA|28|0|24189.48|0.06|28|44931|44931|856
22|RUSSIA|25|22|24476.75|0.02|25|10721|10721|625
24|UNITED STATES|46|24|11353.43|0.05|46|10721|10721|625
21|VIETNAM|68|21|56532.06|0.05|68|10721|10721|625
4|EGYPT|22|4|25978.25|0.05|22|35845|35845|724
24|UNITED STATES|46|24|64647.09|0.02|46|35845|35845|724
14|KENYA|6|14|6151.6|0.09|6|11238|11238|427
0|ALGERIA|37|0|86841.5|0.09|37|11238|11238|427
15|MOROCCO|4|15|33041.4|0.01|4|11238|11238|427
15|MOROCCO|4|15|16712.36|0.05|4|11238|11238|427
24|UNITED STATES|64|24|3527.72|0.0|64|11238|11238|427
3|CANADA|20|3|8402.03|0.04|20|11238|11238|427
8|INDIA|15|8|16313.4|0.08|15|16837|16837|988
3|CANADA|13|3|12674.75|0.04|13|16837|16837|988
7|GERMANY|77|7|8997.54|0.09|77|27716|27716|658
17|PERU|59|17|39762.86|0.08|59|27716|27716|658
24|UNITED STATES|46|24|6615.28|0.1|46|27716|27716|658
17|PERU|57|17|38514.42|0.05|57|27716|27716|658
20|SAUDI ARABIA|74|20|28923.93|0.02|74|27716|27716|658
14|KENYA|47|14|65101.08|0.07|47|31109|31109|889
24|UNITED STATES|10|24|22816.08|0.08|10|31109|31109|889
2|BRAZIL|21|2|52926.1|0.09|21|31109|31109|889
24|UNITED STATES|49|24|7407.9|0.02|49|31109|31109|889
11|IRAQ|5|11|9404.9|0.01|5|8961|8961|889
4|EGYPT|69|4|36973.56|0.04|69|8961|8961|889
4|EGYPT|69|4|57601.74|0.02|69|8961|8961|889
16|MOZAMBIQUE|31|16|40552.28|0.02|31|8961|8961|889
24|UNITED STATES|64|24|3540.84|0.04|64|8961|8961|889
17|PERU|8|17|48495.48|0.08|8|30977|30977|92
19|ROMANIA|62|19|44351.97|0.07|62|30977|30977|92
3|CANADA|13|3|39855.09|0.05|13|30977|30977|92
21|VIETNAM|80|21|53658.5|0.1|80|40327|40327|1093
17|PERU|1|17|43651.17|0.03|1|40327|40327|1093
18|CHINA|27|18|63967.32|0.01|27|40327|40327|1093
18|CHINA|41|18|45239.52|0.04|41|40327|40327|1093
8|INDIA|61|8|35699.84|0.1|61|35619|35619|955
1|ARGENTINA|71|1|30410.96|0.06|71|35619|35619|955
14|KENYA|79|14|23951.25|0.0|79|35619|35619|955
10|IRAN|34|10|52226.1|0.04|34|35619|35619|955
5|ETHIOPIA|78|5|27557.76|0.02|78|35619|35619|955
0|ALGERIA|28|0|33894.08|0.02|28|35619|35619|955
22|RUSSIA|40|22|41696.2|0.05|40|14818|14818|515
9|INDONESIA|51|9|22775.25|0.08|51|3780|3780|328
16|MOZAMBIQUE|31|16|56700.4|0.1|31|3780|3780|328
3|CANADA|20|3|61577.56|0.08|20|33925|33925|812
3|CANADA|20|3|63621.51|0.05|20|41537|41537|416
13|JORDAN|36|13|23262.08|0.04|36|2021|2021|559
12|JAPAN|43|12|11050.69|0.08|43|2021|2021|559
6|FRANCE|70|6|75090.96|0.05|70|10947|10947|856
3|CANADA|20|3|26131.14|0.07|20|10947|10947|856
5|ETHIOPIA|63|5|58800.78|0.09|63|10947|10947|856
18|CHINA|41|18|995.09|0.05|41|10947|10947|856
9|INDONESIA|50|9|5922.48|0.07|50|15809|15809|889
2|BRAZIL|21|2|30637.32|0.0|21|15809|15809|889
24|UNITED STATES|49|24|49454.0|0.05|49|8775|8775|658
23|UNITED KINGDOM|7|23|55819.86|0.06|7|5024|5024|977
0|ALGERIA|37|0|20830.44|0.1|37|5024|5024|977
12|JAPAN|54|12|79043.16|0.03|54|5024|5024|977
18|CHINA|41|18|32217.84|0.04|41|5024|5024|977
7|GERMANY|77|7|14975.9|0.03|77|24928|24928|922
21|VIETNAM|26|21|8222.76|0.08|26|24928|24928|922
7|GERMANY|44|7|35149.44|0.08|44|30656|30656|526
23|UNITED KINGDOM|66|23|52497.04|0.08|66|30656|30656|526
21|VIETNAM|26|21|48763.26|0.06|26|30656|30656|526
12|JAPAN|43|12|27992.14|0.04|43|30656|30656|526
2|BRAZIL|21|2|53677.05|0.04|21|30656|30656|526
22|RUSSIA|42|22|2823.12|0.01|42|30656|30656|526
18|CHINA|75|18|34513.74|0.04|75|30656|30656|526
23|UNITED KINGDOM|66|23|40475.12|0.02|66|23968|23968|427
22|RUSSIA|25|22|53316.4|0.09|25|23968|23968|427
16|MOZAMBIQUE|56|16|17551.26|0.03|56|23968|23968|427
12|JAPAN|54|12|68330.01|0.01|54|23968|23968|427
24|UNITED STATES|49|24|36595.96|0.08|49|23968|23968|427
1|ARGENTINA|3|1|53808.81|0.0|3|23968|23968|427
9|INDONESIA|51|9|31875.66|0.0|51|42118|42118|1060
7|GERMANY|33|7|66760.54|0.07|33|42118|42118|1060
21|VIETNAM|26|21|32061.66|0.08|26|42118|42118|1060
8|INDIA|15|8|21765.1|0.01|15|42118|42118|1060
13|JORDAN|36|13|13863.85|0.03|36|42118|42118|1060
22|RUSSIA|65|22|45687.29|0.1|65|42118|42118|1060
23|UNITED KINGDOM|7|23|50784.34|0.06|7|5186|5186|416
7|GERMANY|44|7|41800.2|0.03|44|5186|5186|416
10|IRAN|9|10|50490.32|0.09|9|5186|5186|416
9|INDONESIA|45|9|54482.75|0.0|45|5186|5186|416
9|INDONESIA|23|9|65321.52|0.0|23|5186|5186|416
18|CHINA|75|18|12917.68|0.1|75|5186|5186|416
5|ETHIOPIA|2|5|29123.92|0.09|2|5186|5186|416
14|KENYA|6|14|22574.64|0.06|6|10208|10208|823
9|INDONESIA|51|9|43014.74|0.1|51|10208|10208|823
22|RUSSIA|65|22|37610.04|0.07|65|10208|10208|823
14|KENYA|76|14|3431.62|0.08|76|10208|10208|823
4|EGYPT|38|4|46866.54|0.01|38|10208|10208|823
24|UNITED STATES|49|24|40777.71|0.08|49|10208|10208|823
18|CHINA|75|18|53429.64|0.0|75|10208|10208|823
16|MOZAMBIQUE|58|16|4441.71|0.01|58|21824|21824|526
22|RUSSIA|16|22|43533.84|0.09|16|21824|21824|526
8|INDIA|61|8|21759.01|0.0|61|3715|3715|515
8|INDIA|15|8|36781.33|0.05|15|3715|3715|515
22|RUSSIA|65|22|20053.6|0.01|65|3715|3715|515
8|INDIA|15|8|44872.25|0.1|15|28262|28262|658
12|JAPAN|43|12|62918.5|0.07|43|28262|28262|658
4|EGYPT|38|4|55720.26|0.03|38|28262|28262|658
1|ARGENTINA|71|1|32647.65|0.06|71|7939|7939|328
1|ARGENTINA|29|1|23461.2|0.1|29|7939|7939|328
23|UNITED KINGDOM|66|23|2919.21|0.0|66|39076|39076|70
16|MOZAMBIQUE|56|16|37128.66|0.05|56|39076|39076|70
9|INDONESIA|23|9|16748.06|0.05|23|39076|39076|70
15|MOROCCO|4|15|55122.04|0.04|4|39076|39076|70
2|BRAZIL|21|2|7490.04|0.04|21|39076|39076|70
18|CHINA|27|18|6987.36|0.05|27|39076|39076|70
18|CHINA|75|18|34290.3|0.07|75|18022|18022|427
24|UNITED STATES|19|24|5216.49|0.1|19|37030|37030|229
1|ARGENTINA|71|1|4344.72|0.01|71|16097|16097|845
22|RUSSIA|42|22|37012.56|0.07|42|16097|16097|845
24|UNITED STATES|64|24|42406.4|0.02|64|16097|16097|845
5|ETHIOPIA|2|5|74038.26|0.04|2|16097|16097|845
7|GERMANY|33|7|10667.52|0.09|33|16262|16262|427
8|INDIA|60|8|31669.66|0.06|60|16262|16262|427
4|EGYPT|69|4|81353.36|0.01|69|16262|16262|427
17|PERU|57|17|60418.26|0.0|57|16262|16262|427
4|EGYPT|67|4|36470.5|0.03|67|16262|16262|427
9|INDONESIA|45|9|57590.04|0.06|45|16262|16262|427
20|SAUDI ARABIA|74|20|36388.17|0.04|74|16262|16262|427
24|UNITED STATES|55|24|40964.02|0.07|55|41924|41924|548
24|UNITED STATES|46|24|41696.93|0.0|46|41924|41924|548
22|RUSSIA|65|22|11752.7|0.06|65|9953|9953|757
18|CHINA|75|18|2682.88|0.09|75|9953|9953|757
23|UNITED KINGDOM|7|23|39707.8|0.0|7|6048|6048|1093
23|UNITED KINGDOM|7|23|28359.21|0.05|7|6048|6048|1093
10|IRAN|9|10|4116.48|0.05|9|6048|6048|1093
0|ALGERIA|37|0|20980.26|0.09|37|6048|6048|1093
16|MOZAMBIQUE|56|16|70391.1|0.06|56|6048|6048|1093
24|UNITED STATES|19|24|12433.56|0.01|19|6048|6048|1093
12|JAPAN|54|12|11111.7|0.05|54|6048|6048|1093
17|PERU|8|17|45887.88|0.02|8|8326|8326|977
24|UNITED STATES|19|24|26572.16|0.04|19|8326|8326|977
23|UNITED KINGDOM|7|23|56390.63|0.1|7|928|928|526
9|INDONESIA|51|9|51345.66|0.08|51|928|928|526
8|INDIA|15|8|37775.42|0.02|15|928|928|526
22|RUSSIA|25|22|10813.88|0.0|25|928|928|526
4|EGYPT|67|4|36172.86|0.07|67|928|928|526
16|MOZAMBIQUE|56|16|30801.12|0.05|56|928|928|526
10|IRAN|34|10|66671.5|0.05|34|928|928|526
9|INDONESIA|45|9|82007.48|0.1|45|25184|25184|977
2|BRAZIL|21|2|32515.38|0.0|21|25184|25184|977
12|JAPAN|54|12|26288.2|0.04|54|17792|17792|658
5|ETHIOPIA|2|5|15504.5|0.06|2|17792|17792|658
7|GERMANY|77|7|49299.84|0.08|77|3619|3619|1192
10|IRAN|9|10|70526.1|0.05|9|3619|3619|1192
16|MOZAMBIQUE|73|16|39210.24|0.04|73|19300|19300|812
13|JORDAN|36|13|16775.64|0.09|36|19300|19300|812
0|ALGERIA|24|0|60826.78|0.06|24|19300|19300|812
14|KENYA|79|14|3593.78|0.02|79|19300|19300|812
9|INDONESIA|45|9|34533.24|0.08|45|19300|19300|812
15|MOROCCO|14|15|36426.5|0.09|14|47141|47141|449
19|ROMANIA|17|19|26428.4|0.02|17|47141|47141|449
24|UNITED STATES|64|24|71895.62|0.09|64|47141|47141|449
16|MOZAMBIQUE|73|16|19601.4|0.03|73|26087|26087|724
7|GERMANY|44|7|43090.24|0.07|44|26087|26087|724
8|INDIA|61|8|16737.7|0.08|61|18244|18244|977
18|CHINA|72|18|7328.08|0.0|72|18244|18244|977
17|PERU|59|17|7916.46|0.09|59|18244|18244|977
22|RUSSIA|25|22|7589.26|0.06|25|18244|18244|977
13|JORDAN|36|13|1136.23|0.06|36|18244|18244|977
24|UNITED STATES|10|24|41949.36|0.1|10|18244|18244|977
8|INDIA|61|8|48121.92|0.09|61|32291|32291|713
8|INDIA|39|8|15949.22|0.07|39|32291|32291|713
24|UNITED STATES|49|24|9506.24|0.03|49|32291|32291|713
4|EGYPT|38|4|33156.16|0.1|38|32291|32291|713
20|SAUDI ARABIA|74|20|4129.41|0.09|74|4609|4609|1060
17|PERU|8|17|44328.0|0.09|8|18432|18432|1082
14|KENYA|6|14|38850.12|0.0|6|18432|18432|1082
11|IRAQ|5|11|47090.4|0.08|5|18432|18432|1082
9|INDONESIA|50|9|19553.28|0.05|50|18432|18432|1082
4|EGYPT|69|4|28254.8|0.08|69|18432|18432|1082
17|PERU|57|17|31617.84|0.05|57|18432|18432|1082
19|ROMANIA|62|19|50223.07|0.07|62|16133|16133|823
8|INDIA|12|8|49642.49|0.09|12|16133|16133|823
19|ROMANIA|52|19|21502.95|0.1|52|16133|16133|823
14|KENYA|79|14|7171.74|0.07|79|27463|27463|823
4|EGYPT|67|4|16766.64|0.07|67|27463|27463|823
12|JAPAN|54|12|49151.34|0.01|54|27463|27463|823
0|ALGERIA|28|0|13286.56|0.0|28|27463|27463|823
19|ROMANIA|17|19|8032.8|0.04|17|27463|27463|823
16|MOZAMBIQUE|73|16|41350.84|0.04|73|36164|36164|823
0|ALGERIA|37|0|40057.7|0.07|37|36164|36164|823
18|CHINA|11|18|1900.1|0.09|11|28002|28002|328
24|UNITED STATES|64|24|19428.96|0.02|64|28002|28002|328
1|ARGENTINA|3|1|16014.68|0.1|3|28002|28002|328
18|CHINA|72|18|72220.8|0.05|72|15682|15682|812
15|MOROCCO|14|15|53985.24|0.0|14|15682|15682|812
21|VIETNAM|68|21|5181.56|0.03|68|36770|36770|845
16|MOZAMBIQUE|56|16|58107.51|0.1|56|36770|36770|845
14|KENYA|48|14|31185.36|0.09|48|45350|45350|955
2|BRAZIL|21|2|30615.3|0.0|21|45350|45350|955
22|RUSSIA|42|22|73228.0|0.01|42|45350|45350|955
14|KENYA|79|14|21835.56|0.02|79|18631|18631|119
9|INDONESIA|51|9|57346.65|0.1|51|19588|19588|515
24|UNITED STATES|49|24|17133.6|0.06|49|19588|19588|515
19|ROMANIA|52|19|64747.9|0.06|52|19588|19588|515
5|ETHIOPIA|2|5|28083.78|0.01|2|19588|19588|515
23|UNITED KINGDOM|66|23|71027.46|0.05|66|38530|38530|1181
8|INDIA|61|8|71692.32|0.07|61|38530|38530|1181
3|CANADA|13|3|83437.2|0.03|13|38530|38530|1181
10|IRAN|34|10|5141.52|0.08|34|38530|38530|1181
12|JAPAN|43|12|42526.4|0.0|43|38530|38530|1181
18|CHINA|75|18|37957.92|0.02|75|38530|38530|1181
16|MOZAMBIQUE|31|16|51238.93|0.0|31|38530|38530|1181
7|GERMANY|77|7|4709.08|0.0|77|27168|27168|911
1|ARGENTINA|71|1|51285.93|0.05|71|27168|27168|911
10|IRAN|9|10|7424.16|0.03|9|27168|27168|911
11|IRAQ|5|11|4088.48|0.01|5|15299|15299|70
7|GERMANY|77|7|11980.72|0.04|77|15299|15299|70
6|FRANCE|70|6|53382.6|0.01|70|15299|15299|70
9|INDONESIA|51|9|28741.61|0.03|51|38531|38531|845
23|UNITED KINGDOM|66|23|18763.8|0.1|66|38531|38531|845
13|JORDAN|36|13|59103.84|0.07|36|38531|38531|845
16|MOZAMBIQUE|58|16|4590.05|0.05|58|38531|38531|845
18|CHINA|41|18|10989.99|0.06|41|38531|38531|845
1|ARGENTINA|3|1|43174.44|0.08|3|38531|38531|845
6|FRANCE|70|6|45192.18|0.0|70|36870|36870|328
22|RUSSIA|65|22|32602.38|0.08|65|36870|36870|328
8|INDIA|39|8|87307.68|0.02|39|36870|36870|328
14|KENYA|6|14|15055.84|0.05|6|38278|38278|988
22|RUSSIA|65|22|28455.75|0.06|65|38784|38784|724
7|GERMANY|33|7|16848.53|0.01|33|28037|28037|922
17|PERU|57|17|21528.69|0.05|57|28037|28037|922
24|UNITED STATES|19|24|15586.95|0.05|19|28037|28037|922
14|KENYA|76|14|17938.9|0.09|76|28037|28037|922
15|MOROCCO|14|15|37096.0|0.04|14|45472|45472|548
12|JAPAN|54|12|56361.0|0.07|54|45472|45472|548
14|KENYA|6|14|49529.34|0.1|6|13792|13792|1093
18|CHINA|72|18|27806.52|0.05|72|46980|46980|955
8|INDIA|60|8|46645.83|0.09|60|46980|46980|955
18|CHINA|41|18|32170.56|0.06|41|46980|46980|955
9|INDONESIA|51|9|12978.28|0.07|51|12484|12484|823
22|RUSSIA|40|22|35708.7|0.1|40|12484|12484|823
9|INDONESIA|50|9|32196.58|0.01|50|12484|12484|823
22|RUSSIA|65|22|40163.52|0.06|65|12484|12484|823
2|BRAZIL|21|2|960.06|0.04|21|12484|12484|823
24|UNITED STATES|64|24|50055.0|0.01|64|12484|12484|823
16|MOZAMBIQUE|31|16|30274.96|0.0|31|13793|13793|724
17|PERU|1|17|78851.52|0.02|1|29314|29314|614
14|KENYA|48|14|27769.6|0.02|48|29314|29314|614
19|ROMANIA|17|19|45501.72|0.03|17|29314|29314|614
17|PERU|8|17|32977.36|0.05|8|37476|37476|92
7|GERMANY|44|7|32410.56|0.01|44|37476|37476|92
13|JORDAN|36|13|38392.56|0.05|36|37476|37476|92
3|CANADA|20|3|33118.38|0.0|20|37476|37476|92
21|VIETNAM|80|21|50244.18|0.08|80|28038|28038|1082
16|MOZAMBIQUE|73|16|14351.68|0.03|73|28038|28038|1082
7|GERMANY|44|7|30702.0|0.01|44|28038|28038|1082
6|FRANCE|70|6|25074.14|0.07|70|28038|28038|1082
3|CANADA|13|3|11155.21|0.04|13|28038|28038|1082
24|UNITED STATES|10|24|22271.94|0.06|10|28038|28038|1082
17|PERU|8|17|33960.08|0.1|8|13221|13221|757
7|GERMANY|77|7|34336.2|0.03|77|13221|13221|757
5|ETHIOPIA|2|5|46119.3|0.0|2|13221|13221|757
11|IRAQ|5|11|30329.04|0.03|5|45474|45474|757
9|INDONESIA|23|9|13942.72|0.05|23|45474|45474|757
21|VIETNAM|68|21|30307.75|0.01|68|37796|37796|724
16|MOZAMBIQUE|30|16|29898.0|0.03|30|37796|37796|724
23|UNITED KINGDOM|7|23|37625.04|0.1|7|15972|15972|427
18|CHINA|72|18|1058.15|0.02|72|15972|15972|427
18|CHINA|75|18|24094.18|0.07|75|15972|15972|427
18|CHINA|41|18|4148.52|0.04|41|15972|15972|427
18|CHINA|11|18|2554.74|0.08|11|12199|12199|416
7|GERMANY|44|7|22662.64|0.06|44|12199|12199|416
8|INDIA|60|8|2943.24|0.03|60|12199|12199|416
21|VIETNAM|26|21|59495.08|0.05|26|12199|12199|416
23|UNITED KINGDOM|66|23|4825.3|0.09|66|36069|36069|724
9|INDONESIA|50|9|12377.42|0.1|50|36069|36069|724
4|EGYPT|67|4|41657.88|0.08|67|36069|36069|724
16|MOZAMBIQUE|31|16|14678.73|0.08|31|36069|36069|724
22|RUSSIA|16|22|66080.38|0.02|16|22341|22341|70
16|MOZAMBIQUE|31|16|74479.0|0.08|31|22341|22341|70
17|PERU|8|17|64292.55|0.09|8|19844|19844|1060
21|VIETNAM|26|21|52761.12|0.07|26|19844|19844|1060
23|UNITED KINGDOM|32|23|67121.55|0.01|32|19844|19844|1060
0|ALGERIA|28|0|19179.74|0.08|28|19844|19844|1060
22|RUSSIA|16|22|43336.99|0.1|16|19844|19844|1060
24|UNITED STATES|64|24|15016.5|0.01|64|19844|19844|1060
17|PERU|1|17|12811.68|0.09|1|23012|23012|1181
14|KENYA|47|14|23851.96|0.08|47|23012|23012|1181
10|IRAN|34|10|5730.3|0.01|34|23012|23012|1181
24|UNITED STATES|19|24|24926.8|0.08|19|23012|23012|1181
16|MOZAMBIQUE|31|16|68040.48|0.07|31|23012|23012|1181
22|RUSSIA|16|22|60670.35|0.02|16|40293|40293|614
16|MOZAMBIQUE|58|16|20898.44|0.06|58|9191|9191|427
22|RUSSIA|40|22|59565.92|0.03|40|36322|36322|1060
9|INDONESIA|50|9|16380.0|0.06|50|36322|36322|1060
8|INDIA|12|8|25272.81|0.09|12|36322|36322|1060
12|JAPAN|43|12|48421.8|0.03|43|47333|47333|328
14|KENYA|79|14|2288.48|0.04|79|20581|20581|856
17|PERU|8|17|14415.4|0.0|8|21252|21252|922
9|INDONESIA|50|9|31074.24|0.02|50|21252|21252|922
0|ALGERIA|37|0|27390.3|0.01|37|21252|21252|922
10|IRAN|34|10|42181.95|0.05|34|21252|21252|922
16|MOZAMBIQUE|56|16|43498.58|0.02|56|21252|21252|922
16|MOZAMBIQUE|31|16|62767.5|0.05|31|21252|21252|922
9|INDONESIA|50|9|22750.0|0.07|50|38116|38116|944
17|PERU|59|17|53468.31|0.0|59|38116|38116|944
8|INDIA|39|8|36895.56|0.09|39|38116|38116|944
3|CANADA|20|3|14932.08|0.05|20|38116|38116|944
18|CHINA|72|18|18193.37|0.04|72|12288|12288|922
12|JAPAN|43|12|31554.6|0.05|43|12288|12288|922
17|PERU|8|17|6619.2|0.02|8|45794|45794|119
23|UNITED KINGDOM|66|23|41978.66|0.05|66|45794|45794|119
8|INDIA|15|8|18129.1|0.07|15|45794|45794|119
9|INDONESIA|23|9|70374.1|0.03|23|45794|45794|119
2|BRAZIL|21|2|41201.68|0.0|21|45794|45794|119
20|SAUDI ARABIA|74|20|65499.75|0.05|74|45794|45794|119
16|MOZAMBIQUE|30|16|22311.38|0.02|30|45794|45794|119
19|ROMANIA|62|19|41579.56|0.08|62|38402|38402|713
7|GERMANY|33|7|7757.4|0.0|33|38402|38402|713
8|INDIA|15|8|63706.15|0.07|15|38402|38402|713
4|EGYPT|69|4|41198.84|0.06|69|38402|38402|713
16|MOZAMBIQUE|18|16|12905.97|0.03|18|38402|38402|713
14|KENYA|76|14|20275.45|0.01|76|38402|38402|713
16|MOZAMBIQUE|31|16|43492.02|0.09|31|38402|38402|713
13|JORDAN|36|13|10106.88|0.04|36|36356|36356|92
0|ALGERIA|24|0|3692.08|0.09|24|36356|36356|92
5|ETHIOPIA|78|5|8865.72|0.09|78|36356|36356|92
8|INDIA|39|8|40448.07|0.1|39|36356|36356|92
24|UNITED STATES|64|24|6852.3|0.06|64|36356|36356|92
24|UNITED STATES|64|24|12601.68|0.04|64|36356|36356|92
19|ROMANIA|52|19|38848.74|0.08|52|36356|36356|92
7|GERMANY|33|7|7217.91|0.1|33|24388|24388|229
13|JORDAN|36|13|31894.56|0.08|36|24388|24388|229
2|BRAZIL|21|2|21063.0|0.05|21|24388|24388|229
0|ALGERIA|28|0|7105.77|0.08|28|24388|24388|229
5|ETHIOPIA|2|5|3471.75|0.02|2|24388|24388|229
9|INDONESIA|51|9|41906.46|0.08|51|36994|36994|889
23|UNITED KINGDOM|66|23|12964.28|0.08|66|36994|36994|889
14|KENYA|47|14|21202.32|0.0|47|36994|36994|889
10|IRAN|34|10|36760.32|0.08|34|36994|36994|889
22|RUSSIA|65|22|44092.4|0.1|65|36994|36994|889
8|INDIA|39|8|64308.64|0.02|39|36994|36994|889
16|MOZAMBIQUE|30|16|2983.18|0.05|30|36994|36994|889
16|MOZAMBIQUE|31|16|37210.6|0.1|31|10693|10693|823
17|PERU|8|17|9870.8|0.08|8|27457|27457|559
21|VIETNAM|80|21|73178.0|0.06|80|27457|27457|559
17|PERU|1|17|40464.72|0.05|1|27457|27457|559
16|MOZAMBIQUE|73|16|34628.8|0.09|73|27457|27457|559
22|RUSSIA|40|22|16541.37|0.1|40|27457|27457|559
4|EGYPT|67|4|21758.1|0.05|67|47587|47587|922
6|FRANCE|70|6|4360.65|0.09|70|34212|34212|856
15|MOROCCO|14|15|5582.88|0.07|14|34212|34212|856
14|KENYA|47|14|34173.4|0.01|47|34212|34212|856
22|RUSSIA|25|22|2815.0|0.06|25|34212|34212|856
18|CHINA|27|18|29898.0|0.1|27|34212|34212|856
19|ROMANIA|52|19|1031.13|0.03|52|34212|34212|856
1|ARGENTINA|3|1|32270.7|0.08|3|34212|34212|856
10|IRAN|34|10|61904.64|0.1|34|35367|35367|713
4|EGYPT|38|4|55184.4|0.09|38|35367|35367|713
21|VIETNAM|26|21|6903.28|0.07|26|15138|15138|614
12|JAPAN|54|12|27420.3|0.04|54|15138|15138|614
7|GERMANY|53|7|2496.68|0.01|53|37732|37732|328
1|ARGENTINA|3|1|52585.5|0.01|3|37732|37732|328
17|PERU|1|17|43374.4|0.01|1|33794|33794|856
16|MOZAMBIQUE|58|16|70250.88|0.08|58|33794|33794|856
21|VIETNAM|35|21|36038.0|0.05|35|33794|33794|856
10|IRAN|34|10|2268.46|0.1|34|33794|33794|856
12|JAPAN|43|12|32763.96|0.06|43|33794|33794|856
22|RUSSIA|42|22|65588.03|0.01|42|33794|33794|856
3|CANADA|20|3|14225.54|0.0|20|33794|33794|856
17|PERU|8|17|46030.16|0.1|8|34883|34883|229
13|JORDAN|36|13|18766.02|0.07|36|34883|34883|229
5|ETHIOPIA|78|5|1873.97|0.03|78|34883|34883|229
22|RUSSIA|65|22|40798.89|0.06|65|34883|34883|229
5|ETHIOPIA|2|5|29074.08|0.09|2|34883|34883|229
22|RUSSIA|40|22|56361.76|0.1|40|13312|13312|1060
7|GERMANY|53|7|50165.64|0.03|53|22145|22145|889
17|PERU|8|17|83559.89|0.03|8|21155|21155|713
18|CHINA|11|18|1652.75|0.06|11|21155|21155|713
10|IRAN|9|10|50787.0|0.07|9|21155|21155|713
10|IRAN|34|10|33696.96|0.1|34|21155|21155|713
