6|FRANCE|70|6|57110.55|0.08|70|26755|26755|992|992|5
14|KENYA|48|14|66037.54|0.0|48|5281|5281|992|992|5
14|KENYA|48|14|41030.22|0.01|48|5281|5281|992|992|5
8|INDIA|12|8|66966.3|0.05|12|5281|5281|992|992|5
1|ARGENTINA|29|1|76449.12|0.03|29|5281|5281|992|992|5
5|ETHIOPIA|2|5|20930.0|0.08|2|5281|5281|992|992|5
14|KENYA|6|14|34712.0|0.06|6|40454|40454|992|992|5
8|INDIA|12|8|53291.94|0.06|12|40454|40454|992|992|5
18|CHINA|27|18|14865.8|0.05|27|40454|40454|992|992|5
7|GERMANY|44|7|18468.0|0.09|44|20965|20965|992|992|5
16|MOZAMBIQUE|18|16|39796.38|0.07|18|20965|20965|992|992|5
12|JAPAN|54|12|2973.27|0.06|54|20965|20965|992|992|5
9|INDONESIA|23|9|58628.78|0.01|23|26983|26983|992|992|5
4|EGYPT|67|4|13890.3|0.02|67|46531|46531|992|992|5
5|ETHIOPIA|78|5|55378.69|0.04|78|46531|46531|992|992|5
4|EGYPT|67|4|60922.68|0.06|67|46531|46531|992|992|5
1|ARGENTINA|29|1|4540.0|0.09|29|46531|46531|992|992|5
12|JAPAN|54|12|53114.61|0.04|54|46531|46531|992|992|5
18|CHINA|27|18|1086.18|0.08|27|46531|46531|992|992|5
20|SAUDI ARABIA|74|20|53976.96|0.05|74|46531|46531|992|992|5
5|ETHIOPIA|78|5|25680.37|0.09|78|5889|5889|167|167|5
14|KENYA|48|14|12477.2|0.09|48|27649|27649|167|167|5
22|RUSSIA|25|22|25418.88|0.08|25|27649|27649|167|167|5
0|ALGERIA|28|0|1208.3|0.05|28|27649|27649|167|167|5
0|ALGERIA|24|0|26122.71|0.07|24|46848|46848|167|167|5
4|EGYPT|67|4|51615.2|0.03|67|46848|46848|167|167|5
16|MOZAMBIQUE|31|16|12466.16|0.05|31|46848|46848|167|167|5
13|JORDAN|36|13|6930.56|0.02|36|4102|4102|167|167|5
12|JAPAN|43|12|28864.0|0.08|43|4102|4102|167|167|5
0|ALGERIA|28|0|55985.67|0.08|28|4102|4102|167|167|5
18|CHINA|27|18|39550.29|0.02|27|4102|4102|167|167|5
22|RUSSIA|16|22|7247.7|0.08|16|4102|4102|167|167|5
3|CANADA|20|3|16644.19|0.02|20|4102|4102|167|167|5
21|VIETNAM|26|21|3189.48|0.05|26|45154|45154|167|167|5
24|UNITED STATES|49|24|51017.94|0.01|49|45154|45154|167|167|5
18|CHINA|27|18|12169.32|0.0|27|45154|45154|167|167|5
21|VIETNAM|35|21|38262.42|0.05|35|11490|11490|596|596|5
23|UNITED KINGDOM|32|23|16447.4|0.02|32|11490|11490|596|596|5
22|RUSSIA|40|22|4625.0|0.03|40|28613|28613|596|596|5
22|RUSSIA|40|22|22106.63|0.08|40|28613|28613|596|596|5
8|INDIA|12|8|27940.83|0.07|12|28613|28613|596|596|5
7|GERMANY|53|7|57479.18|0.07|53|28613|28613|596|596|5
12|JAPAN|54|12|38496.71|0.08|54|33859|33859|674|674|5
1|ARGENTINA|3|1|12754.14|0.07|3|33859|33859|674|674|5
8|INDIA|15|8|53674.78|0.03|15|17445|17445|674|674|5
4|EGYPT|38|4|36898.68|0.01|38|17445|17445|674|674|5
21|VIETNAM|80|21|39279.05|0.08|80|18438|18438|674|674|5
6|FRANCE|70|6|10439.44|0.09|70|18438|18438|674|674|5
17|PERU|59|17|88587.1|0.05|59|18438|18438|674|674|5
4|EGYPT|69|4|26732.16|0.03|69|18438|18438|674|674|5
24|UNITED STATES|19|24|92069.53|0.01|19|18438|18438|674|674|5
3|CANADA|20|3|57666.5|0.08|20|18438|18438|674|674|5
4|EGYPT|38|4|65981.96|0.08|38|41730|41730|650|650|5
14|KENYA|6|14|47948.49|0.06|6|30662|30662|188|188|5
0|ALGERIA|37|0|18039.0|0.09|37|30662|30662|188|188|5
13|JORDAN|36|13|17358.3|0.02|36|30662|30662|188|188|5
13|JORDAN|36|13|55460.0|0.09|36|30662|30662|188|188|5
16|MOZAMBIQUE|56|16|33468.12|0.07|56|30662|30662|188|188|5
22|RUSSIA|16|22|57052.16|0.01|16|30662|30662|188|188|5
14|KENYA|6|14|9999.64|0.0|6|34978|34978|188|188|5
24|UNITED STATES|55|24|43095.9|0.09|55|34978|34978|188|188|5
17|PERU|59|17|39271.26|0.01|59|34978|34978|188|188|5
14|KENYA|79|14|18868.32|0.0|79|34978|34978|188|188|5
5|ETHIOPIA|78|5|58430.88|0.01|78|34978|34978|188|188|5
8|INDIA|39|8|51040.39|0.01|39|34978|34978|188|188|5
8|INDIA|39|8|48365.68|0.06|39|34978|34978|188|188|5
10|IRAN|9|10|25503.5|0.08|9|37284|37284|188|188|5
12|JAPAN|43|12|18548.0|0.04|43|37284|37284|188|188|5
8|INDIA|61|8|30084.12|0.07|61|24641|24641|188|188|5
8|INDIA|12|8|6498.88|0.0|12|24641|24641|188|188|5
5|ETHIOPIA|2|5|48299.8|0.07|2|24641|24641|188|188|5
1|ARGENTINA|3|1|36551.68|0.02|3|24641|24641|188|188|5
9|INDONESIA|51|9|47533.43|0.06|51|10308|10308|331|331|5
1|ARGENTINA|71|1|39901.68|0.04|71|10308|10308|331|331|5
0|ALGERIA|24|0|7599.96|0.04|24|10308|10308|331|331|5
24|UNITED STATES|19|24|32380.83|0.06|19|10308|10308|331|331|5
0|ALGERIA|28|0|60990.78|0.04|28|10308|10308|331|331|5
19|ROMANIA|17|19|55709.64|0.08|17|10308|10308|331|331|5
21|VIETNAM|35|21|93148.0|0.1|35|38343|38343|331|331|5
14|KENYA|6|14|47283.84|0.07|6|24326|24326|185|185|5
16|MOZAMBIQUE|73|16|62119.74|0.08|73|24326|24326|185|185|5
16|MOZAMBIQUE|73|16|63822.65|0.01|73|24326|24326|185|185|5
14|KENYA|48|14|77785.84|0.01|48|24326|24326|185|185|5
16|MOZAMBIQUE|58|16|29047.46|0.09|58|24326|24326|185|185|5
22|RUSSIA|16|22|42791.53|0.01|16|6340|6340|185|185|5
4|EGYPT|22|4|57441.23|0.01|22|26787|26787|185|185|5
16|MOZAMBIQUE|18|16|20251.93|0.03|18|26787|26787|185|185|5
23|UNITED KINGDOM|32|23|29815.48|0.0|32|26787|26787|185|185|5
4|EGYPT|38|4|4721.01|0.01|38|26787|26787|185|185|5
23|UNITED KINGDOM|7|23|47762.88|0.06|7|47107|47107|1034|1034|5
18|CHINA|11|18|32227.2|0.06|11|47107|47107|1034|1034|5
24|UNITED STATES|46|24|11628.4|0.1|46|47107|47107|1034|1034|5
9|INDONESIA|23|9|40524.9|0.05|23|47107|47107|1034|1034|5
0|ALGERIA|28|0|39792.25|0.07|28|47107|47107|1034|1034|5
16|MOZAMBIQUE|73|16|57212.8|0.04|73|20641|20641|1034|1034|5
24|UNITED STATES|46|24|83319.84|0.07|46|20641|20641|1034|1034|5
4|EGYPT|67|4|59439.84|0.09|67|20641|20641|1034|1034|5
16|MOZAMBIQUE|31|16|48749.22|0.01|31|20641|20641|1034|1034|5
24|UNITED STATES|64|24|8710.38|0.07|64|24002|24002|1034|1034|5
18|CHINA|11|18|24180.78|0.09|11|4005|4005|1115|1115|5
14|KENYA|47|14|13244.56|0.09|47|4005|4005|1115|1115|5
3|CANADA|13|3|41203.96|0.03|13|4005|4005|1115|1115|5
12|JAPAN|54|12|28927.64|0.02|54|4005|4005|1115|1115|5
1|ARGENTINA|71|1|9722.48|0.02|71|36704|36704|10|10|5
0|ALGERIA|37|0|24650.41|0.06|37|36704|36704|10|10|5
24|UNITED STATES|49|24|63112.5|0.09|49|36704|36704|10|10|5
18|CHINA|27|18|61742.01|0.01|27|36704|36704|10|10|5
18|CHINA|75|18|46833.98|0.05|75|36704|36704|10|10|5
16|MOZAMBIQUE|31|16|20713.61|0.03|31|36704|36704|10|10|5
19|ROMANIA|52|19|35215.7|0.01|52|36704|36704|10|10|5
17|PERU|8|17|27077.68|0.01|8|36708|36708|10|10|5
4|EGYPT|22|4|40038.02|0.01|22|36708|36708|10|10|5
22|RUSSIA|16|22|23723.33|0.1|16|36708|36708|10|10|5
7|GERMANY|44|7|62028.24|0.03|44|6022|6022|10|10|5
24|UNITED STATES|46|24|27894.24|0.01|46|6022|6022|10|10|5
1|ARGENTINA|29|1|38818.18|0.07|29|6022|6022|10|10|5
8|INDIA|39|8|16532.37|0.05|39|6022|6022|10|10|5
4|EGYPT|38|4|48226.08|0.05|38|6022|6022|10|10|5
5|ETHIOPIA|63|5|31981.27|0.06|63|6022|6022|10|10|5
18|CHINA|41|18|41644.8|0.03|41|6022|6022|10|10|5
7|GERMANY|77|7|55744.77|0.07|77|26241|26241|10|10|5
18|CHINA|72|18|51346.35|0.1|72|26241|26241|10|10|5
10|IRAN|34|10|53145.6|0.07|34|26241|26241|10|10|5
16|MOZAMBIQUE|56|16|44396.75|0.07|56|26241|26241|10|10|5
15|MOROCCO|4|15|52724.7|0.1|4|26241|26241|10|10|5
12|JAPAN|54|12|11364.43|0.02|54|26241|26241|10|10|5
22|RUSSIA|42|22|9532.35|0.05|42|26241|26241|10|10|5
24|UNITED STATES|46|24|51162.86|0.03|46|21476|21476|1010|1010|5
16|MOZAMBIQUE|56|16|36786.42|0.08|56|21476|21476|1010|1010|5
10|IRAN|34|10|19809.9|0.08|34|21476|21476|1010|1010|5
3|CANADA|20|3|54658.5|0.01|20|21476|21476|1010|1010|5
17|PERU|1|17|8300.88|0.04|1|3174|3174|1010|1010|5
9|INDONESIA|50|9|18635.89|0.08|50|3174|3174|1010|1010|5
0|ALGERIA|37|0|57312.84|0.02|37|3174|3174|1010|1010|5
16|MOZAMBIQUE|58|16|14847.6|0.07|58|3174|3174|1010|1010|5
0|ALGERIA|28|0|5802.16|0.01|28|3174|3174|1010|1010|5
18|CHINA|41|18|34266.33|0.08|41|3174|3174|1010|1010|5
24|UNITED STATES|55|24|21800.46|0.0|55|2660|2660|1010|1010|5
17|PERU|8|17|62575.8|0.1|8|44356|44356|626|626|5
21|VIETNAM|80|21|27084.64|0.0|80|44356|44356|626|626|5
14|KENYA|48|14|41913.36|0.1|48|44356|44356|626|626|5
22|RUSSIA|25|22|30881.92|0.01|25|44356|44356|626|626|5
13|JORDAN|36|13|57821.56|0.07|36|44356|44356|626|626|5
16|MOZAMBIQUE|18|16|12487.53|0.03|18|44356|44356|626|626|5
17|PERU|1|17|7470.12|0.08|1|29959|29959|626|626|5
17|PERU|59|17|55308.0|0.04|59|29959|29959|626|626|5
24|UNITED STATES|46|24|8438.9|0.01|46|29959|29959|626|626|5
23|UNITED KINGDOM|66|23|3243.54|0.0|66|22337|22337|626|626|5
17|PERU|59|17|69953.6|0.09|59|22337|22337|626|626|5
20|SAUDI ARABIA|74|20|61463.15|0.1|74|22337|22337|626|626|5
16|MOZAMBIQUE|30|16|80094.15|0.07|30|22337|22337|626|626|5
17|PERU|57|17|82887.36|0.0|57|17153|17153|626|626|5
9|INDONESIA|23|9|91046.0|0.07|23|17153|17153|626|626|5
16|MOZAMBIQUE|56|16|53162.19|0.02|56|17153|17153|626|626|5
12|JAPAN|54|12|38291.89|0.06|54|17153|17153|626|626|5
22|RUSSIA|42|22|52045.84|0.05|42|17153|17153|626|626|5
4|EGYPT|22|4|29172.24|0.09|22|35270|35270|626|626|5
9|INDONESIA|45|9|15172.32|0.01|45|3525|3525|857|857|5
9|INDONESIA|45|9|26975.43|0.03|45|3525|3525|857|857|5
24|UNITED STATES|64|24|46394.29|0.0|64|3525|3525|857|857|5
5|ETHIOPIA|63|5|38344.88|0.03|63|3525|3525|857|857|5
2|BRAZIL|21|2|32410.8|0.1|21|6915|6915|769|769|5
7|GERMANY|53|7|19152.21|0.09|53|6915|6915|769|769|5
16|MOZAMBIQUE|30|16|11964.78|0.08|30|6915|6915|769|769|5
16|MOZAMBIQUE|73|16|37597.41|0.01|73|33987|33987|769|769|5
1|ARGENTINA|71|1|32000.1|0.04|71|33987|33987|769|769|5
0|ALGERIA|37|0|54957.63|0.05|37|33987|33987|769|769|5
24|UNITED STATES|19|24|15857.25|0.04|19|33987|33987|769|769|5
22|RUSSIA|42|22|3796.08|0.01|42|33987|33987|769|769|5
17|PERU|8|17|76536.0|0.08|8|4134|4134|769|769|5
0|ALGERIA|37|0|15196.32|0.05|37|4134|4134|769|769|5
24|UNITED STATES|19|24|63340.64|0.02|19|4134|4134|769|769|5
12|JAPAN|54|12|56669.84|0.01|54|4134|4134|769|769|5
22|RUSSIA|40|22|12099.96|0.02|40|20165|20165|769|769|5
22|RUSSIA|25|22|5876.35|0.0|25|20165|20165|769|769|5
5|ETHIOPIA|78|5|83896.32|0.0|78|20165|20165|769|769|5
23|UNITED KINGDOM|7|23|18136.14|0.08|7|24038|24038|779|779|5
4|EGYPT|22|4|74418.54|0.09|22|24038|24038|779|779|5
24|UNITED STATES|55|24|22269.66|0.02|55|24038|24038|779|779|5
16|MOZAMBIQUE|58|16|14966.25|0.06|58|24038|24038|779|779|5
9|INDONESIA|23|9|8415.0|0.02|23|24038|24038|779|779|5
22|RUSSIA|16|22|16163.42|0.04|16|24038|24038|779|779|5
13|JORDAN|36|13|71516.14|0.07|36|44773|44773|779|779|5
21|VIETNAM|80|21|43131.55|0.01|80|16998|16998|1082|1082|5
17|PERU|59|17|31874.88|0.03|59|16998|16998|1082|1082|5
4|EGYPT|69|4|63283.68|0.02|69|16998|16998|1082|1082|5
21|VIETNAM|68|21|11432.4|0.01|68|16998|16998|1082|1082|5
8|INDIA|39|8|28590.96|0.1|39|16998|16998|1082|1082|5
17|PERU|8|17|57684.04|0.05|8|3941|3941|1082|1082|5
14|KENYA|6|14|51500.23|0.0|6|3941|3941|1082|1082|5
24|UNITED STATES|19|24|1956.14|0.01|19|3941|3941|1082|1082|5
4|EGYPT|38|4|35757.62|0.05|38|3941|3941|1082|1082|5
17|PERU|8|17|44328.0|0.09|8|18432|18432|1082|1082|5
14|KENYA|6|14|38850.12|0.0|6|18432|18432|1082|1082|5
11|IRAQ|5|11|47090.4|0.08|5|18432|18432|1082|1082|5
9|INDONESIA|50|9|19553.28|0.05|50|18432|18432|1082|1082|5
4|EGYPT|69|4|28254.8|0.08|69|18432|18432|1082|1082|5
17|PERU|57|17|31617.84|0.05|57|18432|18432|1082|1082|5
21|VIETNAM|80|21|50244.18|0.08|80|28038|28038|1082|1082|5
16|MOZAMBIQUE|73|16|14351.68|0.03|73|28038|28038|1082|1082|5
7|GERMANY|44|7|30702.0|0.01|44|28038|28038|1082|1082|5
6|FRANCE|70|6|25074.14|0.07|70|28038|28038|1082|1082|5
3|CANADA|13|3|11155.21|0.04|13|28038|28038|1082|1082|5
24|UNITED STATES|10|24|22271.94|0.06|10|28038|28038|1082|1082|5
9|INDONESIA|45|9|52157.0|0.05|45|22433|22433|724|724|5
18|CHINA|41|18|22425.32|0.08|41|22433|22433|724|724|5
1|ARGENTINA|3|1|65497.52|0.1|3|22433|22433|724|724|5
17|PERU|1|17|22748.51|0.08|1|45313|45313|724|724|5
24|UNITED STATES|55|24|84516.18|0.06|55|45313|45313|724|724|5
21|VIETNAM|35|21|47945.84|0.08|35|45313|45313|724|724|5
9|INDONESIA|45|9|59931.36|0.05|45|45313|45313|724|724|5
8|INDIA|12|8|46601.45|0.06|12|45313|45313|724|724|5
24|UNITED STATES|49|24|42682.64|0.04|49|45313|45313|724|724|5
0|ALGERIA|37|0|42320.72|0.08|37|18817|18817|724|724|5
4|EGYPT|22|4|25978.25|0.05|22|35845|35845|724|724|5
24|UNITED STATES|46|24|64647.09|0.02|46|35845|35845|724|724|5
16|MOZAMBIQUE|73|16|19601.4|0.03|73|26087|26087|724|724|5
7|GERMANY|44|7|43090.24|0.07|44|26087|26087|724|724|5
22|RUSSIA|65|22|28455.75|0.06|65|38784|38784|724|724|5
16|MOZAMBIQUE|31|16|30274.96|0.0|31|13793|13793|724|724|5
21|VIETNAM|68|21|30307.75|0.01|68|37796|37796|724|724|5
16|MOZAMBIQUE|30|16|29898.0|0.03|30|37796|37796|724|724|5
23|UNITED KINGDOM|66|23|4825.3|0.09|66|36069|36069|724|724|5
9|INDONESIA|50|9|12377.42|0.1|50|36069|36069|724|724|5
4|EGYPT|67|4|41657.88|0.08|67|36069|36069|724|724|5
16|MOZAMBIQUE|31|16|14678.73|0.08|31|36069|36069|724|724|5
0|ALGERIA|37|0|35282.28|0.04|37|29091|29091|328|328|5
15|MOROCCO|4|15|8487.36|0.02|4|29091|29091|328|328|5
17|PERU|8|17|8639.1|0.03|8|2179|2179|328|328|5
8|INDIA|61|8|20614.66|0.05|61|2179|2179|328|328|5
6|FRANCE|70|6|12318.95|0.0|70|2179|2179|328|328|5
0|ALGERIA|24|0|22632.96|0.04|24|2179|2179|328|328|5
24|UNITED STATES|19|24|20122.0|0.03|19|2179|2179|328|328|5
18|CHINA|41|18|45345.02|0.04|41|26308|26308|328|328|5
20|SAUDI ARABIA|74|20|66721.5|0.06|74|26308|26308|328|328|5
9|INDONESIA|51|9|22775.25|0.08|51|3780|3780|328|328|5
16|MOZAMBIQUE|31|16|56700.4|0.1|31|3780|3780|328|328|5
1|ARGENTINA|71|1|32647.65|0.06|71|7939|7939|328|328|5
1|ARGENTINA|29|1|23461.2|0.1|29|7939|7939|328|328|5
18|CHINA|11|18|1900.1|0.09|11|28002|28002|328|328|5
24|UNITED STATES|64|24|19428.96|0.02|64|28002|28002|328|328|5
1|ARGENTINA|3|1|16014.68|0.1|3|28002|28002|328|328|5
6|FRANCE|70|6|45192.18|0.0|70|36870|36870|328|328|5
22|RUSSIA|65|22|32602.38|0.08|65|36870|36870|328|328|5
8|INDIA|39|8|87307.68|0.02|39|36870|36870|328|328|5
12|JAPAN|43|12|48421.8|0.03|43|47333|47333|328|328|5
7|GERMANY|53|7|2496.68|0.01|53|37732|37732|328|328|5
1|ARGENTINA|3|1|52585.5|0.01|3|37732|37732|328|328|5
17|PERU|8|17|64438.47|0.07|8|39911|39911|943|943|5
14|KENYA|79|14|43258.8|0.03|79|5537|5537|943|943|5
17|PERU|57|17|63450.88|0.01|57|5537|5537|943|943|5
18|CHINA|72|18|27084.88|0.06|72|4550|4550|943|943|5
0|ALGERIA|28|0|9847.71|0.05|28|4550|4550|943|943|5
7|GERMANY|33|7|59452.19|0.08|33|27781|27781|943|943|5
24|UNITED STATES|46|24|41644.0|0.05|46|27781|27781|943|943|5
14|KENYA|79|14|19561.4|0.09|79|27781|27781|943|943|5
18|CHINA|41|18|11033.58|0.0|41|27781|27781|943|943|5
11|IRAQ|5|11|1229.32|0.02|5|37220|37220|943|943|5
9|INDONESIA|50|9|44912.0|0.03|50|37220|37220|943|943|5
22|RUSSIA|16|22|41006.24|0.0|16|37220|37220|943|943|5
24|UNITED STATES|55|24|13298.13|0.1|55|14374|14374|943|943|5
4|EGYPT|67|4|58093.62|0.0|67|14374|14374|943|943|5
20|SAUDI ARABIA|74|20|25227.0|0.06|74|14374|14374|943|943|5
9|INDONESIA|51|9|28132.03|0.07|51|10403|10403|656|656|5
7|GERMANY|44|7|18963.0|0.07|44|10403|10403|656|656|5
17|PERU|59|17|35319.7|0.1|59|10403|10403|656|656|5
0|ALGERIA|24|0|38669.47|0.1|24|10403|10403|656|656|5
0|ALGERIA|28|0|60553.86|0.02|28|10403|10403|656|656|5
22|RUSSIA|16|22|39017.76|0.09|16|10403|10403|656|656|5
18|CHINA|75|18|43774.08|0.07|75|10403|10403|656|656|5
19|ROMANIA|62|19|19381.2|0.08|62|9732|9732|656|656|5
7|GERMANY|77|7|4252.64|0.09|77|9732|9732|656|656|5
3|CANADA|20|3|80360.6|0.1|20|9732|9732|656|656|5
14|KENYA|6|14|2046.24|0.0|6|3365|3365|656|656|5
16|MOZAMBIQUE|73|16|63817.6|0.02|73|3365|3365|656|656|5
10|IRAN|34|10|23580.83|0.09|34|3365|3365|656|656|5
1|ARGENTINA|29|1|21720.0|0.01|29|3365|3365|656|656|5
21|VIETNAM|80|21|22056.24|0.07|80|11043|11043|656|656|5
24|UNITED STATES|10|24|28573.82|0.04|10|11043|11043|656|656|5
3|CANADA|20|3|35905.8|0.01|20|11043|11043|656|656|5
20|SAUDI ARABIA|74|20|41927.16|0.03|74|11043|11043|656|656|5
6|FRANCE|70|6|9964.64|0.02|70|42081|42081|821|821|5
14|KENYA|48|14|43415.19|0.08|48|42081|42081|821|821|5
15|MOROCCO|14|15|42387.62|0.05|14|42081|42081|821|821|5
10|IRAN|34|10|4961.25|0.09|34|42081|42081|821|821|5
24|UNITED STATES|64|24|45265.92|0.03|64|42081|42081|821|821|5
19|ROMANIA|52|19|45346.14|0.07|52|42081|42081|821|821|5
5|ETHIOPIA|63|5|60365.0|0.09|63|42081|42081|821|821|5
15|MOROCCO|14|15|50278.55|0.07|14|43171|43171|821|821|5
10|IRAN|34|10|12102.09|0.04|34|43171|43171|821|821|5
24|UNITED STATES|46|24|27660.6|0.05|46|41665|41665|1042|1042|5
21|VIETNAM|68|21|5269.64|0.04|68|41665|41665|1042|1042|5
24|UNITED STATES|10|24|74967.12|0.09|10|41665|41665|1042|1042|5
24|UNITED STATES|55|24|7696.48|0.08|55|33607|33607|1042|1042|5
21|VIETNAM|26|21|6853.44|0.0|26|33607|33607|1042|1042|5
1|ARGENTINA|29|1|23585.4|0.09|29|33607|33607|1042|1042|5
12|JAPAN|54|12|48931.48|0.09|54|33607|33607|1042|1042|5
14|KENYA|76|14|22557.57|0.03|76|33607|33607|1042|1042|5
16|MOZAMBIQUE|31|16|49300.82|0.0|31|33607|33607|1042|1042|5
24|UNITED STATES|49|24|41293.34|0.01|49|10816|10816|1042|1042|5
16|MOZAMBIQUE|31|16|16565.92|0.08|31|10816|10816|1042|1042|5
17|PERU|59|17|2508.7|0.09|59|32|32|1042|1042|5
14|KENYA|79|14|43754.48|0.05|79|32|32|1042|1042|5
21|VIETNAM|35|21|5958.54|0.04|35|32|32|1042|1042|5
0|ALGERIA|24|0|47538.56|0.02|24|32|32|1042|1042|5
14|KENYA|76|14|69857.92|0.05|76|32|32|1042|1042|5
5|ETHIOPIA|63|5|3688.08|0.09|63|32|32|1042|1042|5
8|INDIA|61|8|42165.72|0.02|61|29798|29798|1042|1042|5
4|EGYPT|69|4|50403.21|0.1|69|29798|29798|1042|1042|5
16|MOZAMBIQUE|56|16|75805.8|0.0|56|29798|29798|1042|1042|5
14|KENYA|76|14|3391.58|0.1|76|29798|29798|1042|1042|5
12|JAPAN|54|12|50194.74|0.07|54|29798|29798|1042|1042|5
8|INDIA|15|8|53290.08|0.02|15|26886|26886|1042|1042|5
22|RUSSIA|40|22|18621.33|0.1|40|6855|6855|85|85|5
17|PERU|57|17|50448.02|0.08|57|6855|6855|85|85|5
22|RUSSIA|25|22|67093.3|0.04|25|40102|40102|85|85|5
3|CANADA|13|3|41899.22|0.07|13|40102|40102|85|85|5
14|KENYA|47|14|15866.8|0.09|47|9444|9444|85|85|5
0|ALGERIA|28|0|6288.84|0.1|28|9444|9444|85|85|5
16|MOZAMBIQUE|31|16|20649.84|0.01|31|9444|9444|85|85|5
18|CHINA|27|18|16397.3|0.04|27|1572|1572|85|85|5
16|MOZAMBIQUE|31|16|44697.79|0.02|31|1572|1572|85|85|5
7|GERMANY|44|7|27600.3|0.07|44|23590|23590|85|85|5
8|INDIA|15|8|28435.05|0.02|15|23590|23590|85|85|5
8|INDIA|12|8|26460.0|0.01|12|23590|23590|85|85|5
5|ETHIOPIA|63|5|10142.22|0.06|63|23590|23590|85|85|5
0|ALGERIA|24|0|52838.34|0.09|24|29634|29634|85|85|5
15|MOROCCO|4|15|29964.48|0.07|4|29634|29634|85|85|5
1|ARGENTINA|29|1|51127.02|0.01|29|29634|29634|85|85|5
12|JAPAN|54|12|17392.76|0.04|54|29634|29634|85|85|5
7|GERMANY|44|7|17537.38|0.08|44|21057|21057|904|904|5
18|CHINA|72|18|38020.8|0.03|72|21057|21057|904|904|5
3|CANADA|13|3|4685.15|0.08|13|21057|21057|904|904|5
5|ETHIOPIA|78|5|29230.72|0.01|78|21057|21057|904|904|5
2|BRAZIL|21|2|3281.48|0.09|21|21057|21057|904|904|5
19|ROMANIA|17|19|8883.42|0.03|17|21057|21057|904|904|5
19|ROMANIA|17|19|83367.84|0.05|17|21057|21057|904|904|5
24|UNITED STATES|55|24|45029.52|0.02|55|22725|22725|904|904|5
1|ARGENTINA|71|1|68773.5|0.05|71|22725|22725|904|904|5
15|MOROCCO|4|15|54476.88|0.03|4|22725|22725|904|904|5
16|MOZAMBIQUE|18|16|36214.92|0.1|18|22725|22725|904|904|5
12|JAPAN|43|12|42929.04|0.06|43|22725|22725|904|904|5
16|MOZAMBIQUE|18|16|66771.3|0.02|18|26880|26880|904|904|5
21|VIETNAM|26|21|2952.24|0.1|26|34593|34593|904|904|5
8|INDIA|15|8|29882.25|0.09|15|34593|34593|904|904|5
0|ALGERIA|28|0|4228.5|0.0|28|34593|34593|904|904|5
7|GERMANY|44|7|73631.22|0.06|44|5159|5159|838|838|5
13|JORDAN|36|13|24446.62|0.01|36|5159|5159|838|838|5
14|KENYA|76|14|47569.98|0.01|76|5159|5159|838|838|5
19|ROMANIA|17|19|6582.05|0.1|17|5159|5159|838|838|5
0|ALGERIA|37|0|49519.47|0.08|37|10050|10050|838|838|5
21|VIETNAM|68|21|8689.15|0.08|68|10050|10050|838|838|5
24|UNITED STATES|10|24|31412.22|0.06|10|10050|10050|838|838|5
9|INDONESIA|23|9|35449.96|0.02|23|260|260|838|838|5
6|FRANCE|70|6|22358.7|0.05|70|11495|11495|838|838|5
16|MOZAMBIQUE|18|16|13278.0|0.06|18|11495|11495|838|838|5
23|UNITED KINGDOM|66|23|43459.11|0.1|66|26500|26500|838|838|5
14|KENYA|6|14|47106.32|0.0|6|32484|32484|838|838|5
7|GERMANY|33|7|23794.65|0.05|33|32484|32484|838|838|5
22|RUSSIA|42|22|25080.09|0.02|42|32484|32484|838|838|5
17|PERU|8|17|12445.09|0.06|8|41031|41031|838|838|5
18|CHINA|72|18|19332.91|0.06|72|41031|41031|838|838|5
6|FRANCE|70|6|64244.04|0.03|70|41031|41031|838|838|5
10|IRAN|34|10|1861.96|0.08|34|41031|41031|838|838|5
5|ETHIOPIA|63|5|29705.4|0.06|63|41031|41031|838|838|5
7|GERMANY|44|7|25586.08|0.02|44|1153|1153|958|958|5
24|UNITED STATES|55|24|7182.65|0.02|55|1153|1153|958|958|5
18|CHINA|11|18|70121.39|0.01|11|1153|1153|958|958|5
24|UNITED STATES|46|24|23725.2|0.0|46|1153|1153|958|958|5
14|KENYA|79|14|46400.85|0.0|79|1153|1153|958|958|5
1|ARGENTINA|29|1|62667.5|0.0|29|1153|1153|958|958|5
1|ARGENTINA|29|1|31208.5|0.0|29|1153|1153|958|958|5
16|MOZAMBIQUE|73|16|20382.45|0.07|73|8128|8128|958|958|5
24|UNITED STATES|46|24|2949.24|0.01|46|8128|8128|958|958|5
11|IRAQ|5|11|20872.35|0.03|5|24195|24195|958|958|5
16|MOZAMBIQUE|18|16|37462.59|0.05|18|24195|24195|958|958|5
12|JAPAN|54|12|25101.69|0.01|54|24195|24195|958|958|5
0|ALGERIA|28|0|47589.3|0.09|28|24195|24195|958|958|5
18|CHINA|27|18|47336.94|0.08|27|24195|24195|958|958|5
18|CHINA|72|18|13965.45|0.07|72|26375|26375|958|958|5
8|INDIA|12|8|38042.0|0.04|12|26375|26375|958|958|5
22|RUSSIA|65|22|31650.06|0.08|65|26375|26375|958|958|5
14|KENYA|76|14|43548.56|0.05|76|26375|26375|958|958|5
8|INDIA|60|8|2877.15|0.0|60|1760|1760|914|914|5
9|INDONESIA|23|9|63260.88|0.09|23|1760|1760|914|914|5
22|RUSSIA|42|22|43827.96|0.05|42|1760|1760|914|914|5
17|PERU|8|17|17529.72|0.08|8|23557|23557|914|914|5
0|ALGERIA|37|0|53517.6|0.01|37|23557|23557|914|914|5
22|RUSSIA|25|22|17974.35|0.1|25|23557|23557|914|914|5
0|ALGERIA|24|0|48903.5|0.06|24|23557|23557|914|914|5
3|CANADA|20|3|45489.2|0.0|20|23557|23557|914|914|5
16|MOZAMBIQUE|31|16|48485.28|0.09|31|23557|23557|914|914|5
16|MOZAMBIQUE|73|16|23443.2|0.04|73|24646|24646|914|914|5
8|INDIA|15|8|32961.77|0.07|15|24646|24646|914|914|5
21|VIETNAM|35|21|37768.64|0.08|35|24646|24646|914|914|5
24|UNITED STATES|19|24|32467.2|0.0|19|24646|24646|914|914|5
19|ROMANIA|17|19|28054.83|0.08|17|24646|24646|914|914|5
19|ROMANIA|17|19|16842.0|0.08|17|24646|24646|914|914|5
7|GERMANY|77|7|59095.45|0.07|77|645|645|914|914|5
7|GERMANY|77|7|21064.86|0.1|77|645|645|914|914|5
17|PERU|59|17|40335.29|0.06|59|645|645|914|914|5
14|KENYA|47|14|66909.3|0.1|47|645|645|914|914|5
9|INDONESIA|23|9|81573.24|0.05|23|645|645|914|914|5
24|UNITED STATES|49|24|9027.9|0.09|49|19463|19463|914|914|5
7|GERMANY|44|7|8487.36|0.09|44|3426|3426|418|418|5
18|CHINA|11|18|19134.9|0.1|11|3426|3426|418|418|5
17|PERU|59|17|35577.4|0.05|59|3426|3426|418|418|5
15|MOROCCO|14|15|39970.78|0.07|14|3426|3426|418|418|5
14|KENYA|79|14|27218.07|0.08|79|3426|3426|418|418|5
14|KENYA|47|14|10827.6|0.01|47|1510|1510|418|418|5
4|EGYPT|69|4|36948.42|0.08|69|1510|1510|418|418|5
17|PERU|57|17|53608.5|0.04|57|1510|1510|418|418|5
21|VIETNAM|68|21|18488.58|0.09|68|1510|1510|418|418|5
8|INDIA|39|8|51174.72|0.07|39|1510|1510|418|418|5
16|MOZAMBIQUE|31|16|3030.33|0.05|31|1510|1510|418|418|5
16|MOZAMBIQUE|30|16|37575.84|0.05|30|1510|1510|418|418|5
6|FRANCE|70|6|72147.66|0.1|70|22406|22406|418|418|5
1|ARGENTINA|29|1|10307.33|0.04|29|22406|22406|418|418|5
18|CHINA|75|18|14343.12|0.0|75|22406|22406|418|418|5
20|SAUDI ARABIA|74|20|1067.16|0.07|74|22406|22406|418|418|5
20|SAUDI ARABIA|74|20|49668.36|0.0|74|22406|22406|418|418|5
20|SAUDI ARABIA|74|20|55802.88|0.03|74|22406|22406|418|418|5
17|PERU|8|17|62345.42|0.08|8|47490|47490|418|418|5
23|UNITED KINGDOM|7|23|20319.93|0.02|7|47490|47490|418|418|5
13|JORDAN|36|13|23575.05|0.02|36|47490|47490|418|418|5
9|INDONESIA|45|9|42029.55|0.01|45|47490|47490|418|418|5
16|MOZAMBIQUE|18|16|31244.35|0.03|18|47490|47490|418|418|5
24|UNITED STATES|10|24|1495.59|0.06|10|47490|47490|418|418|5
18|CHINA|72|18|13298.13|0.01|72|1958|1958|418|418|5
16|MOZAMBIQUE|58|16|35040.7|0.02|58|1958|1958|418|418|5
3|CANADA|13|3|45325.72|0.08|13|1958|1958|418|418|5
5|ETHIOPIA|78|5|59343.08|0.09|78|1958|1958|418|418|5
24|UNITED STATES|19|24|52972.8|0.08|19|1958|1958|418|418|5
22|RUSSIA|16|22|6863.24|0.04|16|1958|1958|418|418|5
22|RUSSIA|42|22|37769.6|0.05|42|1958|1958|418|418|5
23|UNITED KINGDOM|7|23|35197.44|0.03|7|18944|18944|418|418|5
1|ARGENTINA|71|1|38738.92|0.02|71|18944|18944|418|418|5
21|VIETNAM|35|21|23080.64|0.0|35|18944|18944|418|418|5
5|ETHIOPIA|78|5|1874.06|0.03|78|18944|18944|418|418|5
22|RUSSIA|25|22|8168.96|0.07|25|42919|42919|259|259|5
13|JORDAN|36|13|31959.49|0.08|36|42919|42919|259|259|5
24|UNITED STATES|19|24|10478.34|0.09|19|42919|42919|259|259|5
0|ALGERIA|28|0|34974.82|0.01|28|42919|42919|259|259|5
22|RUSSIA|16|22|30362.04|0.06|16|42919|42919|259|259|5
16|MOZAMBIQUE|31|16|56701.44|0.08|31|42919|42919|259|259|5
17|PERU|8|17|47851.6|0.1|8|42278|42278|259|259|5
4|EGYPT|22|4|19700.88|0.0|22|42278|42278|259|259|5
23|UNITED KINGDOM|32|23|20560.32|0.08|32|42278|42278|259|259|5
16|MOZAMBIQUE|30|16|16548.0|0.01|30|42278|42278|259|259|5
20|SAUDI ARABIA|74|20|37949.73|0.07|74|42278|42278|259|259|5
21|VIETNAM|80|21|63768.5|0.01|80|2465|2465|259|259|5
11|IRAQ|5|11|48743.1|0.03|5|2465|2465|259|259|5
16|MOZAMBIQUE|56|16|9193.92|0.1|56|2465|2465|259|259|5
16|MOZAMBIQUE|31|16|38840.31|0.05|31|2465|2465|259|259|5
16|MOZAMBIQUE|30|16|37799.6|0.03|30|2465|2465|259|259|5
5|ETHIOPIA|2|5|44417.6|0.02|2|2465|2465|259|259|5
10|IRAN|34|10|20352.23|0.04|34|8451|8451|259|259|5
12|JAPAN|43|12|41174.1|0.07|43|8451|8451|259|259|5
17|PERU|1|17|48774.02|0.06|1|11975|11975|259|259|5
19|ROMANIA|62|19|41132.16|0.04|62|11975|11975|259|259|5
18|CHINA|11|18|58822.8|0.02|11|11975|11975|259|259|5
8|INDIA|61|8|29678.74|0.07|61|11975|11975|259|259|5
8|INDIA|60|8|27351.07|0.1|60|11975|11975|259|259|5
7|GERMANY|44|7|25948.32|0.09|44|19909|19909|259|259|5
8|INDIA|60|8|36443.9|0.05|60|19909|19909|259|259|5
21|VIETNAM|26|21|36464.37|0.07|26|19909|19909|259|259|5
0|ALGERIA|28|0|6270.64|0.01|28|19909|19909|259|259|5
22|RUSSIA|16|22|21400.68|0.05|16|19909|19909|259|259|5
5|ETHIOPIA|2|5|9730.32|0.03|2|19909|19909|259|259|5
16|MOZAMBIQUE|73|16|41941.35|0.03|73|45639|45639|259|259|5
16|MOZAMBIQUE|31|16|6021.5|0.03|31|45639|45639|259|259|5
14|KENYA|6|14|31060.12|0.0|6|9061|9061|259|259|5
16|MOZAMBIQUE|18|16|42837.12|0.04|18|9061|9061|259|259|5
14|KENYA|6|14|74586.54|0.02|6|9508|9508|358|358|5
7|GERMANY|77|7|56435.27|0.04|77|9508|9508|358|358|5
14|KENYA|79|14|63548.08|0.06|79|9508|9508|358|358|5
24|UNITED STATES|46|24|34260.48|0.01|46|9508|9508|358|358|5
16|MOZAMBIQUE|18|16|4384.76|0.04|18|9508|9508|358|358|5
19|ROMANIA|52|19|29611.28|0.09|52|9508|9508|358|358|5
15|MOROCCO|14|15|43053.36|0.03|14|5888|5888|358|358|5
24|UNITED STATES|10|24|64008.54|0.02|10|5888|5888|358|358|5
8|INDIA|60|8|8472.17|0.05|60|40806|40806|358|358|5
21|VIETNAM|35|21|48195.34|0.05|35|40806|40806|358|358|5
8|INDIA|12|8|55360.89|0.05|12|40806|40806|358|358|5
9|INDONESIA|45|9|15613.47|0.0|45|40806|40806|358|358|5
18|CHINA|27|18|45027.02|0.07|27|40806|40806|358|358|5
22|RUSSIA|16|22|44195.97|0.03|16|40806|40806|358|358|5
16|MOZAMBIQUE|73|16|52589.04|0.07|73|43238|43238|358|358|5
24|UNITED STATES|19|24|11859.87|0.01|19|43238|43238|358|358|5
23|UNITED KINGDOM|32|23|14955.9|0.06|32|43238|43238|358|358|5
18|CHINA|75|18|32272.02|0.1|75|43238|43238|358|358|5
3|CANADA|13|3|63403.08|0.0|13|36416|36416|358|358|5
14|KENYA|79|14|16187.1|0.06|79|36416|36416|358|358|5
22|RUSSIA|42|22|45828.6|0.04|42|36416|36416|358|358|5
7|GERMANY|53|7|61434.98|0.03|53|36416|36416|358|358|5
5|ETHIOPIA|2|5|16217.2|0.09|2|36416|36416|358|358|5
5|ETHIOPIA|63|5|29536.64|0.02|63|25538|25538|358|358|5
14|KENYA|6|14|18415.74|0.07|6|4871|4871|358|358|5
18|CHINA|11|18|38121.3|0.08|11|4871|4871|358|358|5
3|CANADA|13|3|10141.1|0.1|13|4871|4871|358|358|5
3|CANADA|13|3|11132.1|0.09|13|4871|4871|358|358|5
10|IRAN|34|10|20166.76|0.07|34|4871|4871|358|358|5
16|MOZAMBIQUE|18|16|4192.47|0.03|18|4871|4871|358|358|5
24|UNITED STATES|64|24|35462.88|0.02|64|4871|4871|358|358|5
17|PERU|1|17|36700.56|0.08|1|44928|44928|358|358|5
14|KENYA|6|14|45778.96|0.05|6|19751|19751|358|358|5
17|PERU|1|17|58064.16|0.01|1|19751|19751|358|358|5
0|ALGERIA|37|0|10231.2|0.04|37|19751|19751|358|358|5
12|JAPAN|43|12|32338.56|0.07|43|19751|19751|358|358|5
7|GERMANY|53|7|35568.39|0.09|53|19751|19751|358|358|5
5|ETHIOPIA|63|5|26434.08|0.01|63|19751|19751|358|358|5
17|PERU|1|17|33299.84|0.02|1|33062|33062|358|358|5
18|CHINA|72|18|23256.8|0.05|72|33062|33062|358|358|5
24|UNITED STATES|46|24|5811.3|0.01|46|33062|33062|358|358|5
9|INDONESIA|45|9|20817.96|0.07|45|33062|33062|358|358|5
1|ARGENTINA|29|1|25056.54|0.06|29|33062|33062|358|358|5
5|ETHIOPIA|63|5|4450.74|0.03|63|33062|33062|358|358|5
5|ETHIOPIA|2|5|44501.43|0.1|2|33062|33062|358|358|5
7|GERMANY|44|7|1346.44|0.03|44|46530|46530|358|358|5
17|PERU|59|17|17629.05|0.02|59|46530|46530|358|358|5
16|MOZAMBIQUE|56|16|29880.24|0.09|56|46530|46530|358|358|5
7|GERMANY|53|7|25820.34|0.1|53|46530|46530|358|358|5
18|CHINA|41|18|60715.5|0.07|41|46530|46530|358|358|5
21|VIETNAM|80|21|48473.46|0.05|80|16962|16962|358|358|5
4|EGYPT|22|4|38482.4|0.0|22|16962|16962|358|358|5
18|CHINA|72|18|21632.73|0.07|72|16962|16962|358|358|5
14|KENYA|79|14|50056.01|0.07|79|16962|16962|358|358|5
3|CANADA|20|3|47007.17|0.0|20|16962|16962|358|358|5
5|ETHIOPIA|63|5|39002.58|0.1|63|16962|16962|358|358|5
19|ROMANIA|62|19|19768.06|0.09|62|771|771|358|358|5
0|ALGERIA|37|0|11472.6|0.1|37|771|771|358|358|5
8|INDIA|12|8|8619.31|0.06|12|771|771|358|358|5
2|BRAZIL|21|2|35802.95|0.08|21|771|771|358|358|5
22|RUSSIA|42|22|45078.64|0.03|42|771|771|358|358|5
7|GERMANY|53|7|13328.7|0.02|53|771|771|358|358|5
7|GERMANY|77|7|9074.73|0.1|77|42341|42341|358|358|5
14|KENYA|48|14|18219.5|0.0|48|42341|42341|358|358|5
5|ETHIOPIA|2|5|11052.24|0.01|2|42341|42341|358|358|5
8|INDIA|15|8|3816.2|0.1|15|26819|26819|544|544|5
14|KENYA|6|14|35516.07|0.04|6|15686|15686|544|544|5
5|ETHIOPIA|78|5|68693.32|0.06|78|15686|15686|544|544|5
9|INDONESIA|45|9|8676.54|0.08|45|15686|15686|544|544|5
18|CHINA|11|18|16085.28|0.08|11|36960|36960|544|544|5
15|MOROCCO|14|15|18941.57|0.02|14|11233|11233|544|544|5
13|JORDAN|36|13|35642.88|0.1|36|11233|11233|544|544|5
24|UNITED STATES|19|24|25152.5|0.05|19|11233|11233|544|544|5
