22181.94|0.05|43906
17082.24|0.08|7942
4252.53|0.03|41959
40490.52|0.08|7205
1237.33|0.05|30629
43563.96|0.05|9504
49420.47|0.06|6116
6523.08|0.1|7458
31259.8|0.08|41607
46872.84|0.01|7106
33796.8|0.03|11907
17550.72|0.1|40804
92647.5|0.0|3201
34102.91|0.09|43939
27218.7|0.04|30629
46649.0|0.05|5346
27791.82|0.03|9922
36309.41|0.03|2211
20713.61|0.06|6017
51483.56|0.08|23809
35597.07|0.04|7205
36263.22|0.05|30915
46735.04|0.08|8679
27668.16|0.03|1287
41848.52|0.02|3014
23064.64|0.01|2244
29957.25|0.08|5698
28013.6|0.0|41926
56844.45|0.07|41607
46130.88|0.06|6886
5556.12|0.0|31718
58585.78|0.05|6501
39348.63|0.1|8646
70499.7|0.1|4774
12168.39|0.02|8800
48274.64|0.01|6369
66290.52|0.05|1221
17929.62|0.01|32807
30423.3|0.09|6116
28454.85|0.09|6501
33852.24|0.02|7623
53769.24|0.08|3333
23951.25|0.08|1540
43111.2|0.02|32807
20685.98|0.06|1892
16077.16|0.1|32807
7371.76|0.0|1793
9459.95|0.02|99
53001.6|0.0|7524
20361.75|0.07|5698
48464.92|0.08|9856
70469.1|0.1|4004
34111.83|0.1|5830
11304.48|0.09|5445
45498.3|0.08|41728
61220.25|0.08|9537
9568.44|0.09|2530
59943.6|0.05|4103
56169.21|0.09|9856
5938.32|0.05|2277
44182.6|0.02|43906
33628.72|0.02|2497
63502.08|0.08|3168
41119.68|0.01|8965
23992.22|0.02|5511
36386.74|0.05|41926
42791.53|0.0|41926
13390.41|0.02|3168
47188.69|0.0|3751
26363.52|0.02|43939
15088.2|0.0|1221
24701.67|0.09|5863
14001.4|0.0|5445
69151.52|0.04|1056
10621.6|0.04|4642
25117.56|0.07|30629
21494.12|0.03|7458
66640.56|0.02|22819
25778.25|0.09|40804
28782.24|0.01|4741
18235.25|0.09|9504
9523.22|0.05|3685
75491.36|0.08|9669
35476.28|0.07|40804
7491.88|0.08|5511
46823.04|0.02|41508
14575.96|0.06|7744
18533.06|0.04|41728
25366.74|0.1|3014
17122.56|0.01|22819
9339.8|0.1|2563
59246.64|0.07|41508
18935.15|0.06|5984
71714.44|0.06|8833
56106.86|0.04|29090
14091.24|0.08|29090
63652.95|0.08|3751
33810.14|0.08|23809
31992.8|0.07|6017
18950.4|0.1|44929
26974.62|0.03|31619
4579.86|0.06|2211
7007.5|0.08|5511
68567.14|0.1|4004
39672.6|0.06|11808
3435.62|0.1|8932
31450.16|0.09|40804
36009.0|0.04|3014
22809.78|0.07|5346
41896.35|0.09|929
35818.22|0.1|1892
2102.3|0.04|8646
45816.47|0.06|6886
22917.18|0.1|1221
51102.36|0.0|40804
14624.16|0.03|42949
6985.56|0.08|5346
11604.72|0.08|41607
1845.94|0.1|4675
44204.97|0.08|22819
53897.6|0.09|8613
12255.95|0.01|7106
20064.22|0.01|4389
64129.62|0.01|22819
54670.63|0.1|4642
41408.64|0.06|3553
13235.13|0.1|30915
45276.98|0.05|5511
56479.52|0.0|66
43176.3|0.04|8613
62706.24|0.0|3014
2903.1|0.03|3586
68911.08|0.04|2530
48692.44|0.03|1540
50839.25|0.0|4356
43306.55|0.04|1892
53216.8|0.09|4741
62365.8|0.1|11907
73435.4|0.09|5126
19377.54|0.1|6017
7224.0|0.1|5984
78427.8|0.06|7942
33454.27|0.09|9922
14944.08|0.02|23809
2720.92|0.03|3586
43110.63|0.1|1540
36726.12|0.07|6369
4152.52|0.05|3553
30656.78|0.02|7205
45506.62|0.04|4642
72108.66|0.07|2563
36247.06|0.02|2277
36651.15|0.09|7744
51085.35|0.1|7623
51832.11|0.06|3586
2714.9|0.1|6116
47003.69|0.02|3685
32867.84|0.03|3751
5497.88|0.09|4389
19486.08|0.0|1573
62919.83|0.05|5346
5072.37|0.03|29090
14276.47|0.1|30629
43975.26|0.03|44929
58718.4|0.02|3751
37596.07|0.08|32807
61752.24|0.02|29090
34997.26|0.08|5126
64847.58|0.08|1991
67398.03|0.06|1991
60224.86|0.1|4774
35527.59|0.01|23809
64568.8|0.06|8833
40679.1|0.03|8646
42770.25|0.05|5984
35942.94|0.02|5126
13160.56|0.02|5665
9652.2|0.05|43939
46954.84|0.07|7458
15967.05|0.09|1573
16577.5|0.08|1287
5133.52|0.09|8646
52744.34|0.09|4455
6972.63|0.0|1573
39278.5|0.02|4741
40238.1|0.01|6116
10748.61|0.0|7942
48226.08|0.09|23809
63559.08|0.06|9317
7592.16|0.0|4675
11093.64|0.02|40518
26547.75|0.04|29090
6583.14|0.09|1540
58022.1|0.03|41728
52020.32|0.07|4004
37851.42|0.03|2277
52585.76|0.09|7623
42845.04|0.06|2563
10406.25|0.02|6017
27090.0|0.0|1287
29455.68|0.04|9537
16730.55|0.03|8646
48063.07|0.09|33
55985.67|0.1|3685
4339.62|0.1|1221
7460.04|0.07|6116
45462.14|0.04|3586
67121.55|0.1|41728
15248.52|0.03|31619
37043.73|0.01|1793
46221.0|0.0|9317
27218.7|0.07|6886
48316.8|0.02|1540
21649.76|0.08|4389
66246.5|0.07|4004
1403.5|0.06|5698
5652.24|0.01|1793
11100.24|0.04|8998
15928.74|0.06|6886
19088.28|0.01|7205
15045.93|0.05|41508
5901.4|0.01|4257
34617.24|0.04|2563
47553.09|0.09|6369
32194.0|0.01|9922
15812.25|0.01|10917
48436.5|0.0|7744
10872.0|0.04|7524
44387.1|0.06|6501
49786.38|0.08|3201
51027.6|0.09|4741
27803.52|0.01|4675
88145.61|0.07|3333
