4|EGYPT|22|4|9010.0|0.02|22|27558|27558|709
16|MOZAMBIQUE|58|16|39842.25|0.04|58|26337|26337|88
23|UNITED KINGDOM|32|23|24776.25|0.1|32|34752|34752|1177
11|IRAQ|5|11|55378.69|0.04|5|28867|28867|1199
14|KENYA|48|14|21671.2|0.01|48|28867|28867|1199
13|JORDAN|36|13|18980.4|0.01|36|28867|28867|1199
17|PERU|57|17|9325.17|0.01|57|28867|28867|1199
0|ALGERIA|28|0|36056.18|0.02|28|28867|28867|1199
5|ETHIOPIA|2|5|24821.6|0.1|2|28867|28867|1199
24|UNITED STATES|55|24|75730.5|0.07|55|27811|27811|1177
9|INDONESIA|50|9|4280.64|0.08|50|27811|27811|1177
3|CANADA|13|3|11496.54|0.08|13|27811|27811|1177
1|ARGENTINA|29|1|75973.8|0.07|29|27811|27811|1177
23|UNITED KINGDOM|32|23|30134.17|0.02|32|27811|27811|1177
11|IRAQ|5|11|7855.54|0.03|5|4704|4704|11
23|UNITED KINGDOM|66|23|21344.68|0.04|66|4704|4704|11
21|VIETNAM|26|21|61842.0|0.02|26|4704|4704|11
14|KENYA|48|14|69866.4|0.02|48|18273|18273|88
16|MOZAMBIQUE|58|16|56891.84|0.07|58|18273|18273|88
8|INDIA|39|8|23263.82|0.04|39|18273|18273|88
3|CANADA|20|3|14065.0|0.01|20|18273|18273|88
3|CANADA|20|3|11252.0|0.06|20|18273|18273|88
7|GERMANY|53|7|44737.44|0.04|53|18273|18273|88
15|MOROCCO|14|15|41225.77|0.01|14|9927|9927|11
16|MOZAMBIQUE|58|16|14847.6|0.07|58|9927|9927|11
15|MOROCCO|4|15|67277.76|0.09|4|9927|9927|11
0|ALGERIA|28|0|39001.0|0.01|28|9927|9927|11
18|CHINA|27|18|15541.38|0.07|27|9927|9927|11
18|CHINA|27|18|54329.28|0.07|27|9927|9927|11
23|UNITED KINGDOM|7|23|88500.06|0.05|7|4548|4548|1012
24|UNITED STATES|46|24|28873.02|0.07|46|4548|4548|1012
16|MOZAMBIQUE|18|16|21579.12|0.0|18|4548|4548|1012
24|UNITED STATES|49|24|21149.1|0.1|49|4548|4548|1012
16|MOZAMBIQUE|30|16|45264.6|0.04|30|4548|4548|1012
1|ARGENTINA|71|1|20462.4|0.09|71|8705|8705|1177
8|INDIA|15|8|15878.51|0.06|15|8705|8705|1177
8|INDIA|15|8|17742.84|0.09|15|8705|8705|1177
14|KENYA|47|14|43472.7|0.09|47|8705|8705|1177
19|ROMANIA|17|19|17875.36|0.02|17|40928|40928|1166
22|RUSSIA|25|22|48991.14|0.0|25|16515|16515|907
8|INDIA|12|8|45058.3|0.06|12|16515|16515|907
19|ROMANIA|17|19|24336.78|0.09|17|16515|16515|907
24|UNITED STATES|49|24|47791.92|0.04|49|16515|16515|907
16|MOZAMBIQUE|30|16|70454.7|0.08|30|16515|16515|907
6|FRANCE|70|6|21363.2|0.0|70|32069|32069|1012
8|INDIA|15|8|12597.78|0.1|15|32069|32069|1012
14|KENYA|47|14|43895.88|0.0|47|32069|32069|1012
5|ETHIOPIA|78|5|37802.82|0.07|78|32069|32069|1012
18|CHINA|27|18|40895.68|0.05|27|32069|32069|1012
1|ARGENTINA|3|1|23978.16|0.03|3|32069|32069|1012
17|PERU|8|17|1805.9|0.02|8|43586|43586|907
14|KENYA|48|14|48929.54|0.07|48|43586|43586|907
1|ARGENTINA|29|1|15207.28|0.08|29|43586|43586|907
4|EGYPT|67|4|8521.28|0.06|67|44961|44961|907
12|JAPAN|54|12|14671.44|0.03|54|11521|11521|44
24|UNITED STATES|49|24|21655.2|0.1|49|46149|46149|929
16|MOZAMBIQUE|31|16|14635.6|0.08|31|46149|46149|929
7|GERMANY|77|7|31110.75|0.05|77|8480|8480|1199
7|GERMANY|77|7|40959.45|0.02|77|8480|8480|1199
15|MOROCCO|14|15|71751.14|0.08|14|8480|8480|1199
0|ALGERIA|24|0|59920.32|0.07|24|8480|8480|1199
0|ALGERIA|28|0|49816.49|0.07|28|8480|8480|1199
0|ALGERIA|28|0|3744.12|0.03|28|8480|8480|1199
20|SAUDI ARABIA|74|20|1348.44|0.06|74|8480|8480|1199
4|EGYPT|22|4|6030.4|0.09|22|9825|9825|22
18|CHINA|72|18|38320.48|0.04|72|9825|9825|22
0|ALGERIA|28|0|35237.5|0.02|28|9825|9825|22
5|ETHIOPIA|2|5|21479.04|0.07|2|9825|9825|22
16|MOZAMBIQUE|73|16|48036.45|0.02|73|7009|7009|907
7|GERMANY|44|7|56639.4|0.04|44|7009|7009|907
16|MOZAMBIQUE|58|16|23365.2|0.03|58|7009|7009|907
23|UNITED KINGDOM|7|23|47762.88|0.06|7|47107|47107|1034
18|CHINA|11|18|32227.2|0.06|11|47107|47107|1034
24|UNITED STATES|46|24|11628.4|0.1|46|47107|47107|1034
9|INDONESIA|23|9|40524.9|0.05|23|47107|47107|1034
0|ALGERIA|28|0|39792.25|0.07|28|47107|47107|1034
23|UNITED KINGDOM|66|23|13040.3|0.07|66|13986|13986|1067
21|VIETNAM|35|21|36769.87|0.1|35|13986|13986|1067
8|INDIA|12|8|10667.52|0.0|12|13986|13986|1067
18|CHINA|27|18|35653.92|0.03|27|13986|13986|1067
17|PERU|1|17|1486.58|0.04|1|13414|13414|1067
6|FRANCE|70|6|39522.7|0.02|70|13414|13414|1067
14|KENYA|47|14|33606.6|0.07|47|13414|13414|1067
4|EGYPT|69|4|43923.15|0.05|69|13414|13414|1067
15|MOROCCO|4|15|9430.4|0.01|4|13414|13414|1067
16|MOZAMBIQUE|73|16|57212.8|0.04|73|20641|20641|1034
24|UNITED STATES|46|24|83319.84|0.07|46|20641|20641|1034
4|EGYPT|67|4|59439.84|0.09|67|20641|20641|1034
16|MOZAMBIQUE|31|16|48749.22|0.01|31|20641|20641|1034
18|CHINA|72|18|43633.4|0.03|72|33698|33698|22
8|INDIA|61|8|68869.5|0.08|61|30563|30563|1133
8|INDIA|60|8|22779.15|0.05|60|30563|30563|1133
14|KENYA|79|14|19537.08|0.06|79|30563|30563|1133
22|RUSSIA|25|22|16244.1|0.04|25|1860|1860|77
18|CHINA|75|18|6346.72|0.02|75|5985|5985|1144
0|ALGERIA|28|0|49487.34|0.06|28|7712|7712|1177
8|INDIA|61|8|27860.13|0.05|61|9955|9955|808
21|VIETNAM|26|21|25282.6|0.05|26|9955|9955|808
4|EGYPT|69|4|61007.1|0.01|69|9955|9955|808
14|KENYA|47|14|11892.78|0.01|47|9955|9955|808
10|IRAN|34|10|16938.3|0.0|34|9955|9955|808
24|UNITED STATES|10|24|34165.44|0.09|10|9955|9955|808
14|KENYA|79|14|38843.47|0.1|79|31589|31589|1111
0|ALGERIA|28|0|18140.0|0.06|28|31589|31589|1111
12|JAPAN|54|12|22882.86|0.08|54|41731|41731|1199
23|UNITED KINGDOM|66|23|48965.28|0.0|66|45889|45889|1045
6|FRANCE|70|6|56435.27|0.06|70|45889|45889|1045
20|SAUDI ARABIA|74|20|22574.64|0.02|74|45889|45889|1045
8|INDIA|60|8|61602.24|0.06|60|32546|32546|44
10|IRAN|9|10|42035.22|0.05|9|32546|32546|44
14|KENYA|48|14|3868.24|0.07|48|32546|32546|44
20|SAUDI ARABIA|74|20|1533.63|0.06|74|32546|32546|44
19|ROMANIA|52|19|16416.18|0.05|52|32546|32546|44
22|RUSSIA|40|22|48532.4|0.04|40|13605|13605|1111
7|GERMANY|44|7|31924.8|0.08|44|13605|13605|1111
21|VIETNAM|35|21|6899.28|0.09|35|13605|13605|1111
24|UNITED STATES|46|24|20950.08|0.02|46|13605|13605|1111
5|ETHIOPIA|78|5|36419.78|0.0|78|13605|13605|1111
12|JAPAN|54|12|10335.99|0.03|54|13605|13605|1111
20|SAUDI ARABIA|74|20|41381.01|0.08|74|13605|13605|1111
17|PERU|57|17|16157.55|0.06|57|30534|30534|44
16|MOZAMBIQUE|18|16|58522.16|0.04|18|30534|30534|44
17|PERU|1|17|69073.6|0.07|1|34725|34725|1177
11|IRAQ|5|11|58651.95|0.08|5|34725|34725|1177
18|CHINA|11|18|52966.61|0.04|11|34725|34725|1177
18|CHINA|72|18|23765.6|0.09|72|34725|34725|1177
8|INDIA|60|8|47033.56|0.04|60|34725|34725|1177
0|ALGERIA|37|0|50038.12|0.01|37|34725|34725|1177
18|CHINA|75|18|6138.52|0.1|75|34725|34725|1177
5|ETHIOPIA|2|5|26362.38|0.0|2|43459|43459|808
11|IRAQ|5|11|33781.37|0.06|5|11457|11457|1144
18|CHINA|11|18|19232.4|0.01|11|11457|11457|1144
14|KENYA|47|14|63818.5|0.1|47|11457|11457|1144
21|VIETNAM|35|21|45540.62|0.08|35|11457|11457|1144
21|VIETNAM|35|21|26582.6|0.07|35|11457|11457|1144
14|KENYA|76|14|14225.54|0.1|76|11457|11457|1144
19|ROMANIA|62|19|79203.42|0.09|62|36834|36834|1111
22|RUSSIA|65|22|46345.76|0.06|65|36834|36834|1111
17|PERU|59|17|55708.5|0.06|59|18948|18948|1078
22|RUSSIA|25|22|2738.92|0.04|25|18948|18948|1078
3|CANADA|13|3|41519.8|0.0|13|18948|18948|1078
5|ETHIOPIA|78|5|27510.3|0.09|78|18948|18948|1078
5|ETHIOPIA|63|5|24866.8|0.01|63|18948|18948|1078
18|CHINA|72|18|5702.08|0.02|72|40134|40134|1199
17|PERU|59|17|9284.75|0.0|59|40134|40134|1199
16|MOZAMBIQUE|30|16|20910.26|0.02|30|40134|40134|1199
24|UNITED STATES|55|24|31083.5|0.0|55|42213|42213|907
16|MOZAMBIQUE|58|16|35579.61|0.03|58|42213|42213|907
19|ROMANIA|52|19|5030.5|0.07|52|42213|42213|907
16|MOZAMBIQUE|30|16|5481.84|0.07|30|42213|42213|907
7|GERMANY|44|7|18531.76|0.03|44|29828|29828|709
23|UNITED KINGDOM|32|23|23255.53|0.0|32|10149|10149|22
4|EGYPT|22|4|33708.0|0.1|22|14945|14945|55
4|EGYPT|69|4|42594.64|0.08|69|14945|14945|55
15|MOROCCO|14|15|37559.07|0.05|14|14945|14945|55
10|IRAN|34|10|2676.86|0.09|34|14945|14945|55
12|JAPAN|43|12|40400.08|0.01|43|14945|14945|55
14|KENYA|76|14|27301.96|0.05|76|14945|14945|55
14|KENYA|47|14|5956.45|0.07|47|43875|43875|1177
3|CANADA|13|3|70875.36|0.04|13|43875|43875|1177
4|EGYPT|67|4|5794.16|0.0|67|43875|43875|1177
16|MOZAMBIQUE|18|16|46619.74|0.07|18|43875|43875|1177
0|ALGERIA|28|0|56640.68|0.09|28|43875|43875|1177
4|EGYPT|38|4|29786.4|0.05|38|43875|43875|1177
18|CHINA|41|18|45026.85|0.03|41|43875|43875|1177
16|MOZAMBIQUE|73|16|77217.6|0.1|73|23525|23525|808
22|RUSSIA|25|22|29118.9|0.02|25|42401|42401|1144
17|PERU|57|17|17262.36|0.04|57|42401|42401|1144
0|ALGERIA|28|0|33813.45|0.09|28|42401|42401|1144
18|CHINA|11|18|33764.58|0.08|11|3296|3296|1177
0|ALGERIA|37|0|7123.68|0.02|37|3296|3296|1177
14|KENYA|47|14|21014.56|0.06|47|3296|3296|1177
21|VIETNAM|35|21|39888.63|0.02|35|3296|3296|1177
21|VIETNAM|80|21|36855.33|0.09|80|9313|9313|1078
24|UNITED STATES|55|24|21825.98|0.05|55|9313|9313|1078
6|FRANCE|70|6|79954.77|0.01|70|9313|9313|1078
10|IRAN|9|10|50135.78|0.01|9|9313|9313|1078
4|EGYPT|38|4|22680.16|0.1|38|9313|9313|1078
19|ROMANIA|52|19|31353.12|0.01|52|9313|9313|1078
23|UNITED KINGDOM|7|23|31879.98|0.02|7|903|903|88
8|INDIA|15|8|12099.96|0.09|15|903|903|88
16|MOZAMBIQUE|58|16|16098.29|0.07|58|903|903|88
3|CANADA|13|3|34022.45|0.06|13|903|903|88
10|IRAN|34|10|38218.77|0.04|34|903|903|88
24|UNITED STATES|10|24|1229.32|0.04|10|903|903|88
18|CHINA|41|18|43855.04|0.04|41|44518|44518|77
5|ETHIOPIA|63|5|40612.88|0.01|63|44518|44518|77
17|PERU|8|17|57018.06|0.05|8|7014|7014|55
8|INDIA|61|8|38386.32|0.06|61|7014|7014|55
22|RUSSIA|65|22|42504.92|0.0|65|7014|7014|55
18|CHINA|75|18|35366.4|0.02|75|7014|7014|55
7|GERMANY|77|7|2811.09|0.01|77|47906|47906|1045
0|ALGERIA|37|0|36174.27|0.07|37|47906|47906|1045
4|EGYPT|67|4|12051.26|0.06|67|47906|47906|1045
5|ETHIOPIA|63|5|26570.16|0.07|63|47906|47906|1045
7|GERMANY|77|7|12428.65|0.01|77|24807|24807|1045
24|UNITED STATES|55|24|24455.01|0.0|55|30659|30659|88
7|GERMANY|44|7|21537.75|0.04|44|30659|30659|88
16|MOZAMBIQUE|31|16|11472.4|0.0|31|20869|20869|1144
17|PERU|1|17|5738.12|0.08|1|30978|30978|929
9|INDONESIA|51|9|38260.82|0.0|51|30978|30978|929
7|GERMANY|77|7|4291.59|0.04|77|30978|30978|929
19|ROMANIA|62|19|3463.66|0.06|62|46914|46914|88
7|GERMANY|44|7|12754.04|0.07|44|46914|46914|88
18|CHINA|72|18|34618.38|0.04|72|46914|46914|88
1|ARGENTINA|71|1|37421.31|0.04|71|46914|46914|88
8|INDIA|39|8|4072.44|0.05|39|46914|46914|88
23|UNITED KINGDOM|7|23|45724.0|0.04|7|24804|24804|1199
14|KENYA|6|14|54097.4|0.0|6|24804|24804|1199
21|VIETNAM|35|21|66575.97|0.04|35|21219|21219|1078
3|CANADA|13|3|48958.44|0.06|13|21219|21219|1078
23|UNITED KINGDOM|32|23|8012.58|0.03|32|21219|21219|1078
23|UNITED KINGDOM|32|23|6168.72|0.04|32|21219|21219|1078
24|UNITED STATES|64|24|12593.5|0.02|64|21219|21219|1078
1|ARGENTINA|3|1|42670.25|0.07|3|21219|21219|1078
14|KENYA|76|14|51500.23|0.08|76|40865|40865|11
22|RUSSIA|16|22|65588.03|0.04|16|40865|40865|11
18|CHINA|41|18|10779.52|0.05|41|40865|40865|11
8|INDIA|15|8|34937.25|0.08|15|2406|2406|55
4|EGYPT|38|4|30084.12|0.05|38|2406|2406|55
20|SAUDI ARABIA|74|20|20694.24|0.07|74|2406|2406|55
16|MOZAMBIQUE|30|16|36113.44|0.07|30|2406|2406|55
8|INDIA|60|8|17967.32|0.01|60|3814|3814|929
15|MOROCCO|14|15|44579.88|0.06|14|3814|3814|929
0|ALGERIA|24|0|6615.28|0.02|24|3814|3814|929
9|INDONESIA|45|9|11424.6|0.1|45|3814|3814|929
22|RUSSIA|42|22|28430.4|0.04|42|3814|3814|929
16|MOZAMBIQUE|31|16|26262.75|0.03|31|3814|3814|929
18|CHINA|75|18|73256.55|0.09|75|3814|3814|929
7|GERMANY|44|7|40458.72|0.08|44|17383|17383|1199
7|GERMANY|44|7|45200.0|0.07|44|17383|17383|1199
21|VIETNAM|35|21|41723.88|0.01|35|17383|17383|1199
5|ETHIOPIA|78|5|12643.6|0.08|78|17383|17383|1199
16|MOZAMBIQUE|18|16|22919.7|0.07|18|17383|17383|1199
22|RUSSIA|42|22|68574.66|0.08|42|17383|17383|1199
17|PERU|1|17|8541.12|0.05|1|5443|5443|1045
8|INDIA|60|8|18485.74|0.02|60|5443|5443|1045
4|EGYPT|69|4|29481.75|0.05|69|5443|5443|1045
8|INDIA|12|8|57391.23|0.03|12|5443|5443|1045
23|UNITED KINGDOM|66|23|5430.0|0.08|66|1472|1472|1199
15|MOROCCO|4|15|24909.3|0.03|4|1472|1472|1199
8|INDIA|39|8|34489.8|0.04|39|1472|1472|1199
15|MOROCCO|4|15|34021.12|0.09|4|9447|9447|929
16|MOZAMBIQUE|31|16|79977.85|0.08|31|9447|9447|929
16|MOZAMBIQUE|73|16|46545.6|0.1|73|4355|4355|22
4|EGYPT|38|4|80266.6|0.09|38|4355|4355|22
18|CHINA|75|18|57262.0|0.1|75|4355|4355|22
8|INDIA|61|8|56687.18|0.03|61|11939|11939|1067
5|ETHIOPIA|78|5|25261.28|0.07|78|11939|11939|1067
17|PERU|8|17|17061.33|0.07|8|4388|4388|77
15|MOROCCO|4|15|43894.48|0.05|4|4388|4388|77
8|INDIA|39|8|42615.6|0.02|39|4388|4388|77
17|PERU|1|17|29732.0|0.06|1|19971|19971|88
9|INDONESIA|50|9|54937.34|0.08|50|19971|19971|88
6|FRANCE|70|6|35389.28|0.0|70|19971|19971|88
0|ALGERIA|37|0|75879.6|0.0|37|19971|19971|88
8|INDIA|15|8|33917.1|0.0|15|19971|19971|88
4|EGYPT|38|4|13851.0|0.03|38|19971|19971|88
14|KENYA|47|14|45712.64|0.09|47|18211|18211|88
24|UNITED STATES|19|24|48844.44|0.09|19|18211|18211|88
24|UNITED STATES|10|24|32724.0|0.05|10|18211|18211|88
12|JAPAN|54|12|29978.2|0.09|54|18211|18211|88
19|ROMANIA|17|19|26218.89|0.03|17|18211|18211|88
4|EGYPT|38|4|1342.44|0.0|38|18211|18211|88
7|GERMANY|53|7|32311.23|0.01|53|18211|18211|88
9|INDONESIA|50|9|35490.0|0.04|50|27683|27683|55
1|ARGENTINA|71|1|3797.98|0.0|71|27683|27683|55
5|ETHIOPIA|2|5|15676.8|0.0|2|27683|27683|55
8|INDIA|61|8|1177.27|0.06|61|28641|28641|1177
13|JORDAN|36|13|51085.02|0.09|36|28641|28641|1177
7|GERMANY|77|7|32616.76|0.01|77|14693|14693|55
1|ARGENTINA|71|1|75703.37|0.06|71|14693|14693|55
10|IRAN|9|10|23913.44|0.07|9|14693|14693|55
23|UNITED KINGDOM|32|23|52256.0|0.1|32|14693|14693|55
5|ETHIOPIA|63|5|43105.19|0.01|63|14693|14693|55
21|VIETNAM|26|21|4300.59|0.04|26|29763|29763|929
22|RUSSIA|25|22|8333.8|0.06|25|29763|29763|929
14|KENYA|79|14|18780.6|0.1|79|26144|26144|44
4|EGYPT|67|4|12837.51|0.02|67|26144|26144|44
12|JAPAN|54|12|59463.2|0.01|54|26144|26144|44
22|RUSSIA|42|22|8066.64|0.1|42|26144|26144|44
16|MOZAMBIQUE|30|16|12685.5|0.04|30|26144|26144|44
5|ETHIOPIA|63|5|23969.22|0.09|63|26144|26144|44
4|EGYPT|67|4|31589.81|0.01|67|42050|42050|1078
4|EGYPT|67|4|23229.82|0.03|67|27332|27332|88
14|KENYA|47|14|49876.8|0.02|47|38662|38662|88
15|MOROCCO|4|15|35059.44|0.04|4|38662|38662|88
4|EGYPT|38|4|40469.52|0.07|38|38662|38662|88
17|PERU|1|17|21355.62|0.04|1|40290|40290|55
18|CHINA|72|18|4120.52|0.03|72|40290|40290|55
9|INDONESIA|23|9|7448.24|0.08|23|40290|40290|55
8|INDIA|61|8|69454.32|0.05|61|16102|16102|55
1|ARGENTINA|3|1|47957.34|0.09|3|16102|16102|55
8|INDIA|15|8|51456.99|0.02|15|39554|39554|1166
16|MOZAMBIQUE|18|16|62778.3|0.1|18|39554|39554|1166
1|ARGENTINA|29|1|21715.76|0.01|29|39554|39554|1166
5|ETHIOPIA|63|5|2734.92|0.01|63|39554|39554|1166
9|INDONESIA|51|9|39597.58|0.1|51|35143|35143|1199
22|RUSSIA|16|22|7932.61|0.04|16|35143|35143|1199
16|MOZAMBIQUE|58|16|16693.71|0.02|58|28323|28323|1078
22|RUSSIA|65|22|30693.6|0.09|65|28323|28323|1078
18|CHINA|27|18|75889.8|0.02|27|28323|28323|1078
7|GERMANY|33|7|55489.8|0.01|33|482|482|1001
8|INDIA|60|8|32002.88|0.0|60|482|482|1001
1|ARGENTINA|71|1|29081.97|0.04|71|482|482|1001
14|KENYA|48|14|11748.48|0.02|48|482|482|1001
1|ARGENTINA|29|1|1872.97|0.05|29|482|482|1001
5|ETHIOPIA|63|5|43105.19|0.04|63|482|482|1001
5|ETHIOPIA|63|5|7082.55|0.03|63|34055|34055|1133
0|ALGERIA|24|0|24291.45|0.04|24|27202|27202|1001
23|UNITED KINGDOM|7|23|18620.6|0.05|7|37025|37025|1111
23|UNITED KINGDOM|66|23|38611.71|0.03|66|37025|37025|1111
19|ROMANIA|52|19|72706.95|0.05|52|37025|37025|1111
16|MOZAMBIQUE|30|16|17082.72|0.04|30|33571|33571|709
15|MOROCCO|4|15|9430.4|0.02|4|15267|15267|1045
10|IRAN|9|10|75399.2|0.04|9|18689|18689|808
9|INDONESIA|23|9|32270.7|0.03|23|18689|18689|808
19|ROMANIA|17|19|44546.26|0.07|17|18689|18689|808
17|PERU|8|17|62859.21|0.08|8|41250|41250|55
14|KENYA|6|14|30357.04|0.04|6|41250|41250|55
22|RUSSIA|65|22|60365.86|0.07|65|41250|41250|55
0|ALGERIA|28|0|60823.93|0.08|28|41250|41250|55
19|ROMANIA|52|19|32034.5|0.08|52|41250|41250|55
24|UNITED STATES|64|24|33763.54|0.04|64|42273|42273|22
8|INDIA|60|8|23028.66|0.09|60|24321|24321|55
21|VIETNAM|26|21|26078.5|0.02|26|24321|24321|55
12|JAPAN|43|12|6451.02|0.08|43|24321|24321|55
7|GERMANY|77|7|26403.75|0.05|77|44352|44352|1199
17|PERU|57|17|11523.33|0.04|57|44352|44352|1199
14|KENYA|6|14|52695.44|0.06|6|25223|25223|709
19|ROMANIA|62|19|24506.18|0.07|62|25223|25223|709
8|INDIA|61|8|23414.27|0.08|61|25223|25223|709
14|KENYA|48|14|40112.1|0.0|48|25223|25223|709
0|ALGERIA|24|0|35710.36|0.04|24|25223|25223|709
12|JAPAN|43|12|4901.19|0.0|43|25223|25223|709
24|UNITED STATES|64|24|8710.38|0.07|64|24002|24002|1034
16|MOZAMBIQUE|30|16|35114.48|0.06|30|18788|18788|1166
21|VIETNAM|26|21|43384.15|0.0|26|12035|12035|808
4|EGYPT|38|4|33220.38|0.06|38|12035|12035|808
20|SAUDI ARABIA|74|20|37105.25|0.08|74|12035|12035|808
5|ETHIOPIA|2|5|9670.36|0.04|2|12035|12035|808
21|VIETNAM|80|21|76619.34|0.04|80|22210|22210|907
8|INDIA|61|8|70586.46|0.0|61|22210|22210|907
4|EGYPT|69|4|6982.45|0.01|69|22210|22210|907
14|KENYA|79|14|59744.27|0.04|79|22210|22210|907
22|RUSSIA|42|22|4745.04|0.03|42|22210|22210|907
8|INDIA|15|8|43056.24|0.02|15|25345|25345|1166
16|MOZAMBIQUE|18|16|9170.1|0.0|18|25345|25345|1166
8|INDIA|39|8|13955.85|0.06|39|14532|14532|1001
21|VIETNAM|80|21|35653.92|0.05|80|35366|35366|1012
17|PERU|1|17|42686.4|0.03|1|35366|35366|1012
21|VIETNAM|26|21|51535.88|0.06|26|35366|35366|1012
14|KENYA|79|14|56941.2|0.01|79|35366|35366|1012
14|KENYA|76|14|26786.43|0.03|76|35366|35366|1012
18|CHINA|41|18|13686.48|0.07|41|35366|35366|1012
24|UNITED STATES|55|24|44651.32|0.02|55|19911|19911|1177
8|INDIA|60|8|8619.31|0.03|60|19911|19911|1177
22|RUSSIA|16|22|34536.8|0.02|16|19911|19911|1177
16|MOZAMBIQUE|31|16|27786.24|0.08|31|19911|19911|1177
16|MOZAMBIQUE|30|16|18883.15|0.1|30|19911|19911|1177
19|ROMANIA|52|19|43337.19|0.01|52|19911|19911|1177
16|MOZAMBIQUE|30|16|32631.38|0.1|30|19911|19911|1177
23|UNITED KINGDOM|7|23|33245.91|0.02|7|34310|34310|1067
22|RUSSIA|65|22|11280.15|0.04|65|34310|34310|1067
16|MOZAMBIQUE|73|16|1093.19|0.05|73|33574|33574|1111
24|UNITED STATES|55|24|30483.35|0.05|55|33574|33574|1111
8|INDIA|60|8|37532.04|0.07|60|33574|33574|1111
3|CANADA|20|3|54111.09|0.0|20|33574|33574|1111
5|ETHIOPIA|63|5|83437.2|0.05|63|33574|33574|1111
9|INDONESIA|51|9|27609.6|0.01|51|12102|12102|1012
4|EGYPT|22|4|41228.16|0.07|22|12102|12102|1012
8|INDIA|15|8|51659.1|0.06|15|12102|12102|1012
12|JAPAN|43|12|26252.38|0.07|43|12102|12102|1012
5|ETHIOPIA|63|5|32710.04|0.05|63|12102|12102|1012
16|MOZAMBIQUE|73|16|80956.92|0.09|73|27975|27975|907
7|GERMANY|33|7|11771.87|0.01|33|27975|27975|907
5|ETHIOPIA|63|5|40004.0|0.02|63|27975|27975|907
