18|CHINA|27|18|29252.97|0.06|27|44993|44993|193|193|23
22|RUSSIA|42|22|48618.96|0.05|42|1125|1125|193|193|23
24|UNITED STATES|64|24|24098.4|0.1|64|1125|1125|193|193|23
23|UNITED KINGDOM|7|23|39192.05|0.03|7|3457|3457|193|193|23
9|INDONESIA|50|9|74334.12|0.05|50|3457|3457|193|193|23
10|IRAN|9|10|21792.0|0.07|9|3457|3457|193|193|23
14|KENYA|47|14|11117.97|0.04|47|3457|3457|193|193|23
22|RUSSIA|65|22|47301.75|0.08|65|3457|3457|193|193|23
22|RUSSIA|16|22|12361.02|0.07|16|3457|3457|193|193|23
24|UNITED STATES|49|24|38474.48|0.06|49|3457|3457|193|193|23
23|UNITED KINGDOM|7|23|37892.44|0.01|7|20068|20068|193|193|23
4|EGYPT|67|4|43951.04|0.1|67|20068|20068|193|193|23
8|INDIA|12|8|31002.87|0.08|12|20068|20068|193|193|23
10|IRAN|34|10|17045.91|0.05|34|20068|20068|193|193|23
7|GERMANY|77|7|38977.85|0.06|77|36227|36227|193|193|23
0|ALGERIA|37|0|43726.72|0.02|37|36227|36227|193|193|23
14|KENYA|47|14|83848.32|0.07|47|36227|36227|193|193|23
24|UNITED STATES|10|24|63331.68|0.1|10|36227|36227|193|193|23
17|PERU|8|17|40693.0|0.08|8|32227|32227|193|193|23
23|UNITED KINGDOM|7|23|56935.2|0.08|7|32227|32227|193|193|23
17|PERU|1|17|19039.28|0.01|1|32227|32227|193|193|23
11|IRAQ|5|11|49826.28|0.08|5|32227|32227|193|193|23
21|VIETNAM|68|21|45151.47|0.06|68|32227|32227|193|193|23
24|UNITED STATES|49|24|38976.84|0.08|49|32227|32227|193|193|23
7|GERMANY|53|7|46694.31|0.07|53|32227|32227|193|193|23
9|INDONESIA|51|9|14421.82|0.08|51|13922|13922|193|193|23
19|ROMANIA|62|19|32643.84|0.09|62|13922|13922|193|193|23
1|ARGENTINA|71|1|45750.5|0.03|71|13922|13922|193|193|23
10|IRAN|9|10|72933.67|0.09|9|13922|13922|193|193|23
16|MOZAMBIQUE|58|16|40522.03|0.01|58|13922|13922|193|193|23
15|MOROCCO|4|15|77571.9|0.02|4|13922|13922|193|193|23
18|CHINA|75|18|19821.8|0.0|75|13922|13922|193|193|23
22|RUSSIA|25|22|29864.16|0.03|25|33604|33604|193|193|23
16|MOZAMBIQUE|56|16|12914.04|0.09|56|33604|33604|193|193|23
24|UNITED STATES|10|24|43327.2|0.06|10|33604|33604|193|193|23
24|UNITED STATES|19|24|2644.84|0.08|19|6243|6243|193|193|23
14|KENYA|48|14|14471.73|0.01|48|47492|47492|193|193|23
21|VIETNAM|68|21|10081.0|0.02|68|47492|47492|193|193|23
9|INDONESIA|45|9|22521.8|0.08|45|47492|47492|193|193|23
23|UNITED KINGDOM|32|23|54154.42|0.0|32|47492|47492|193|193|23
12|JAPAN|43|12|42157.12|0.1|43|47492|47492|193|193|23
19|ROMANIA|17|19|20580.42|0.07|17|47492|47492|193|193|23
16|MOZAMBIQUE|30|16|39859.68|0.06|30|47492|47492|193|193|23
11|IRAQ|5|11|32009.5|0.04|5|35360|35360|193|193|23
0|ALGERIA|37|0|55342.48|0.09|37|35360|35360|193|193|23
13|JORDAN|36|13|34644.96|0.0|36|35360|35360|193|193|23
17|PERU|57|17|27329.96|0.07|57|35360|35360|193|193|23
0|ALGERIA|24|0|52842.15|0.07|24|35360|35360|193|193|23
21|VIETNAM|35|21|48195.34|0.08|35|35360|35360|193|193|23
5|ETHIOPIA|2|5|30436.56|0.07|2|35360|35360|193|193|23
17|PERU|8|17|64923.25|0.0|8|44481|44481|193|193|23
3|CANADA|13|3|48352.9|0.09|13|44481|44481|193|193|23
10|IRAN|34|10|2268.46|0.02|34|44481|44481|193|193|23
12|JAPAN|43|12|1502.6|0.0|43|44481|44481|193|193|23
14|KENYA|76|14|40952.94|0.03|76|44481|44481|193|193|23
22|RUSSIA|42|22|12894.28|0.06|42|44481|44481|193|193|23
5|ETHIOPIA|63|5|17518.38|0.08|63|44481|44481|193|193|23
4|EGYPT|69|4|23240.8|0.0|69|13122|13122|193|193|23
24|UNITED STATES|10|24|12365.12|0.09|10|13122|13122|193|193|23
24|UNITED STATES|46|24|36008.06|0.05|46|19846|19846|193|193|23
1|ARGENTINA|29|1|46298.02|0.1|29|19846|19846|193|193|23
1|ARGENTINA|3|1|47222.17|0.0|3|19846|19846|193|193|23
14|KENYA|79|14|1378.47|0.09|79|2886|2886|860|860|12
23|UNITED KINGDOM|32|23|52153.86|0.02|32|2886|2886|860|860|12
19|ROMANIA|17|19|43287.84|0.03|17|2886|2886|860|860|12
1|ARGENTINA|71|1|21528.12|0.01|71|30816|30816|860|860|12
15|MOROCCO|14|15|19604.76|0.05|14|13829|13829|860|860|12
12|JAPAN|43|12|30739.28|0.0|43|13829|13829|860|860|12
14|KENYA|76|14|74829.5|0.0|76|13829|13829|860|860|12
6|FRANCE|70|6|32029.56|0.08|70|1988|1988|860|860|12
21|VIETNAM|26|21|28302.02|0.08|26|1988|1988|860|860|12
18|CHINA|27|18|10651.44|0.06|27|1988|1988|860|860|12
7|GERMANY|53|7|14298.12|0.08|53|1988|1988|860|860|12
24|UNITED STATES|64|24|52904.16|0.09|64|1988|1988|860|860|12
18|CHINA|41|18|39692.12|0.08|41|1988|1988|860|860|12
22|RUSSIA|65|22|33519.64|0.04|65|22784|22784|277|277|23
8|INDIA|39|8|3549.84|0.04|39|22784|22784|277|277|23
19|ROMANIA|17|19|32058.03|0.0|17|22784|22784|277|277|23
5|ETHIOPIA|63|5|42412.92|0.07|63|22784|22784|277|277|23
3|CANADA|13|3|69163.79|0.03|13|11300|11300|277|277|23
1|ARGENTINA|71|1|41612.48|0.01|71|960|960|277|277|23
23|UNITED KINGDOM|7|23|7750.4|0.06|7|5605|5605|277|277|23
3|CANADA|13|3|3838.11|0.01|13|5605|5605|277|277|23
22|RUSSIA|65|22|60274.35|0.0|65|5605|5605|277|277|23
24|UNITED STATES|49|24|35650.28|0.08|49|5605|5605|277|277|23
16|MOZAMBIQUE|31|16|79734.5|0.08|31|5605|5605|277|277|23
7|GERMANY|53|7|56961.84|0.0|53|5605|5605|277|277|23
9|INDONESIA|50|9|26685.75|0.0|50|24512|24512|277|277|23
6|FRANCE|70|6|34056.9|0.02|70|24512|24512|277|277|23
5|ETHIOPIA|78|5|35892.22|0.05|78|24512|24512|277|277|23
21|VIETNAM|35|21|16054.92|0.0|35|43616|43616|277|277|23
1|ARGENTINA|3|1|53588.88|0.05|3|43616|43616|277|277|23
17|PERU|1|17|75716.08|0.07|1|23617|23617|277|277|23
22|RUSSIA|40|22|65601.66|0.01|40|23617|23617|277|277|23
9|INDONESIA|50|9|56204.28|0.02|50|23617|23617|277|277|23
22|RUSSIA|25|22|28370.94|0.08|25|23617|23617|277|277|23
8|INDIA|39|8|34467.57|0.1|39|23617|23617|277|277|23
7|GERMANY|77|7|33211.2|0.07|77|19462|19462|277|277|23
18|CHINA|72|18|27583.95|0.08|72|19462|19462|277|277|23
6|FRANCE|70|6|34361.75|0.09|70|19462|19462|277|277|23
13|JORDAN|36|13|16557.5|0.09|36|19462|19462|277|277|23
21|VIETNAM|68|21|18091.8|0.01|68|19462|19462|277|277|23
21|VIETNAM|80|21|35841.39|0.07|80|37991|37991|277|277|23
22|RUSSIA|40|22|36326.22|0.08|40|37991|37991|277|277|23
8|INDIA|12|8|2704.9|0.03|12|37991|37991|277|277|23
5|ETHIOPIA|78|5|53449.81|0.0|78|39622|39622|277|277|23
12|JAPAN|43|12|32459.0|0.03|43|20452|20452|794|794|23
24|UNITED STATES|10|24|4596.96|0.05|10|20452|20452|794|794|23
14|KENYA|6|14|53276.1|0.09|6|2850|2850|794|794|23
22|RUSSIA|25|22|5954.32|0.04|25|2850|2850|794|794|23
8|INDIA|39|8|85202.67|0.09|39|2850|2850|794|794|23
8|INDIA|12|8|57613.92|0.08|12|45377|45377|794|794|23
19|ROMANIA|17|19|37000.8|0.02|17|45377|45377|794|794|23
18|CHINA|75|18|62166.6|0.08|75|45377|45377|794|794|23
16|MOZAMBIQUE|30|16|42682.64|0.09|30|45377|45377|794|794|23
14|KENYA|76|14|61769.16|0.04|76|2119|2119|497|497|23
21|VIETNAM|26|21|41949.66|0.09|26|6208|6208|497|497|23
17|PERU|1|17|20745.44|0.1|1|20102|20102|497|497|23
16|MOZAMBIQUE|73|16|11652.4|0.0|73|20102|20102|497|497|23
21|VIETNAM|26|21|8879.35|0.05|26|20102|20102|497|497|23
14|KENYA|79|14|17497.59|0.08|79|20102|20102|497|497|23
24|UNITED STATES|19|24|10921.9|0.08|19|25922|25922|497|497|23
23|UNITED KINGDOM|66|23|34237.2|0.04|66|19557|19557|497|497|23
17|PERU|59|17|27370.26|0.09|59|19557|19557|497|497|23
22|RUSSIA|25|22|20253.96|0.01|25|19557|19557|497|497|23
0|ALGERIA|24|0|53878.05|0.01|24|19557|19557|497|497|23
10|IRAN|34|10|51379.93|0.06|34|19557|19557|497|497|23
18|CHINA|27|18|41883.6|0.07|27|19557|19557|497|497|23
7|GERMANY|53|7|56424.72|0.01|53|19557|19557|497|497|23
14|KENYA|6|14|18805.4|0.09|6|16642|16642|497|497|23
4|EGYPT|38|4|11606.65|0.1|38|16642|16642|497|497|23
16|MOZAMBIQUE|31|16|4750.25|0.07|31|16642|16642|497|497|23
5|ETHIOPIA|63|5|14102.88|0.02|63|16642|16642|497|497|23
14|KENYA|6|14|35707.22|0.07|6|29891|29891|377|377|23
10|IRAN|34|10|58328.01|0.07|34|29891|29891|377|377|23
0|ALGERIA|28|0|47670.06|0.08|28|29891|29891|377|377|23
11|IRAQ|5|11|5085.48|0.01|5|47043|47043|377|377|23
0|ALGERIA|28|0|18812.52|0.02|28|47043|47043|377|377|23
19|ROMANIA|62|19|30553.66|0.1|62|38468|38468|377|377|23
16|MOZAMBIQUE|31|16|5826.42|0.04|31|38468|38468|377|377|23
14|KENYA|47|14|64660.64|0.07|47|37190|37190|113|113|12
4|EGYPT|69|4|41388.84|0.08|69|37190|37190|113|113|12
4|EGYPT|38|4|16269.85|0.0|38|37190|37190|113|113|12
19|ROMANIA|52|19|25695.83|0.07|52|37190|37190|113|113|12
18|CHINA|72|18|2833.02|0.02|72|162|162|113|113|12
14|KENYA|6|14|50114.13|0.02|6|28260|28260|982|982|23
11|IRAQ|5|11|20022.0|0.03|5|28260|28260|982|982|23
23|UNITED KINGDOM|66|23|35162.5|0.01|66|28260|28260|982|982|23
1|ARGENTINA|71|1|33560.72|0.03|71|28260|28260|982|982|23
0|ALGERIA|24|0|25516.08|0.03|24|28260|28260|982|982|23
24|UNITED STATES|10|24|17716.38|0.07|10|28260|28260|982|982|23
5|ETHIOPIA|2|5|1234.33|0.09|2|28260|28260|982|982|23
8|INDIA|60|8|46964.17|0.0|60|34368|34368|982|982|23
24|UNITED STATES|46|24|21563.75|0.09|46|34368|34368|982|982|23
19|ROMANIA|62|19|13335.41|0.02|62|7392|7392|982|982|23
14|KENYA|47|14|17028.72|0.02|47|7392|7392|982|982|23
0|ALGERIA|24|0|27369.2|0.0|24|7392|7392|982|982|23
0|ALGERIA|24|0|32836.86|0.1|24|7392|7392|982|982|23
24|UNITED STATES|19|24|75049.87|0.06|19|7392|7392|982|982|23
17|PERU|8|17|35888.7|0.06|8|27715|27715|982|982|23
7|GERMANY|33|7|72893.28|0.05|33|27715|27715|982|982|23
10|IRAN|9|10|22956.66|0.08|9|27715|27715|982|982|23
21|VIETNAM|35|21|29931.8|0.06|35|27715|27715|982|982|23
15|MOROCCO|4|15|3312.6|0.08|4|27715|27715|982|982|23
12|JAPAN|54|12|55889.9|0.0|54|27715|27715|982|982|23
18|CHINA|27|18|36143.86|0.06|27|27715|27715|982|982|23
17|PERU|8|17|9775.62|0.01|8|4960|4960|982|982|23
0|ALGERIA|37|0|13430.16|0.07|37|4960|4960|982|982|23
14|KENYA|79|14|52892.7|0.08|79|4960|4960|982|982|23
16|MOZAMBIQUE|56|16|25955.3|0.0|56|4960|4960|982|982|23
15|MOROCCO|4|15|7532.1|0.03|4|4960|4960|982|982|23
22|RUSSIA|42|22|39299.92|0.1|42|4960|4960|982|982|23
3|CANADA|20|3|37336.68|0.01|20|4960|4960|982|982|23
24|UNITED STATES|46|24|46418.88|0.03|46|13953|13953|311|311|23
4|EGYPT|67|4|39830.63|0.02|67|13953|13953|311|311|23
22|RUSSIA|65|22|67103.54|0.05|65|13953|13953|311|311|23
22|RUSSIA|65|22|50768.46|0.09|65|13953|13953|311|311|23
17|PERU|8|17|23272.2|0.08|8|21350|21350|311|311|23
0|ALGERIA|24|0|9762.56|0.01|24|21125|21125|245|245|12
24|UNITED STATES|46|24|37192.32|0.05|46|21125|21125|245|245|12
8|INDIA|39|8|1500.59|0.06|39|21125|21125|245|245|12
16|MOZAMBIQUE|31|16|14006.8|0.1|31|21125|21125|245|245|12
6|FRANCE|70|6|23849.28|0.08|70|3495|3495|245|245|12
24|UNITED STATES|49|24|30680.88|0.05|49|3495|3495|245|245|12
5|ETHIOPIA|2|5|22384.2|0.1|2|3495|3495|245|245|12
23|UNITED KINGDOM|66|23|14276.47|0.02|66|41217|41217|245|245|12
14|KENYA|79|14|29431.68|0.0|79|41217|41217|245|245|12
7|GERMANY|33|7|43343.11|0.02|33|46983|46983|245|245|12
8|INDIA|61|8|2904.18|0.01|61|46983|46983|245|245|12
15|MOROCCO|4|15|2616.8|0.09|4|46983|46983|245|245|12
18|CHINA|11|18|60508.86|0.02|11|7843|7843|320|320|12
9|INDONESIA|50|9|53747.05|0.1|50|7843|7843|320|320|12
8|INDIA|12|8|9761.43|0.01|12|7843|7843|320|320|12
24|UNITED STATES|64|24|7264.0|0.02|64|7843|7843|320|320|12
19|ROMANIA|52|19|35137.8|0.04|52|7843|7843|320|320|12
5|ETHIOPIA|63|5|16427.85|0.01|63|7843|7843|320|320|12
23|UNITED KINGDOM|32|23|17430.6|0.01|32|40868|40868|320|320|12
18|CHINA|41|18|20285.93|0.01|41|40868|40868|320|320|12
1|ARGENTINA|71|1|33763.54|0.07|71|3555|3555|364|364|23
0|ALGERIA|37|0|17784.57|0.0|37|3555|3555|364|364|23
4|EGYPT|69|4|22929.3|0.03|69|3555|3555|364|364|23
24|UNITED STATES|10|24|30933.25|0.09|10|3555|3555|364|364|23
0|ALGERIA|28|0|8136.0|0.07|28|3555|3555|364|364|23
4|EGYPT|38|4|13489.52|0.05|38|3555|3555|364|364|23
5|ETHIOPIA|2|5|36933.93|0.04|2|3555|3555|364|364|23
21|VIETNAM|80|21|13261.43|0.06|80|13669|13669|364|364|23
14|KENYA|48|14|72596.4|0.03|48|13669|13669|364|364|23
8|INDIA|15|8|19012.48|0.06|15|13669|13669|364|364|23
14|KENYA|48|14|14295.2|0.08|48|13669|13669|364|364|23
1|ARGENTINA|29|1|24732.84|0.07|29|13669|13669|364|364|23
3|CANADA|20|3|7841.47|0.04|20|13669|13669|364|364|23
1|ARGENTINA|3|1|47058.88|0.05|3|13669|13669|364|364|23
21|VIETNAM|80|21|33107.28|0.01|80|2849|2849|364|364|23
4|EGYPT|69|4|43516.5|0.06|69|2849|2849|364|364|23
0|ALGERIA|24|0|33576.3|0.1|24|2849|2849|364|364|23
4|EGYPT|67|4|18115.68|0.09|67|2849|2849|364|364|23
19|ROMANIA|52|19|54463.11|0.1|52|2849|2849|364|364|23
16|MOZAMBIQUE|30|16|64052.64|0.05|30|2849|2849|364|364|23
4|EGYPT|69|4|43546.4|0.1|69|35680|35680|364|364|23
16|MOZAMBIQUE|30|16|12749.52|0.04|30|35680|35680|364|364|23
7|GERMANY|44|7|5801.3|0.1|44|36675|36675|364|364|23
17|PERU|59|17|68152.68|0.1|59|36675|36675|364|364|23
24|UNITED STATES|46|24|26909.28|0.01|46|36675|36675|364|364|23
2|BRAZIL|21|2|37600.5|0.07|21|36675|36675|364|364|23
7|GERMANY|33|7|59231.21|0.03|33|46565|46565|364|364|23
13|JORDAN|36|13|37156.68|0.03|36|46565|46565|364|364|23
22|RUSSIA|25|22|60796.68|0.04|25|46565|46565|364|364|23
16|MOZAMBIQUE|56|16|46791.74|0.08|56|46565|46565|364|364|23
9|INDONESIA|23|9|46333.78|0.03|23|46565|46565|364|364|23
23|UNITED KINGDOM|32|23|59904.24|0.08|32|46565|46565|364|364|23
19|ROMANIA|52|19|9399.85|0.09|52|46565|46565|364|364|23
14|KENYA|48|14|3655.84|0.04|48|21760|21760|364|364|23
0|ALGERIA|37|0|50832.6|0.05|37|21760|21760|364|364|23
9|INDONESIA|51|9|2964.24|0.0|51|34080|34080|496|496|12
22|RUSSIA|40|22|65779.56|0.03|40|34080|34080|496|496|12
2|BRAZIL|21|2|62346.13|0.05|21|34080|34080|496|496|12
22|RUSSIA|65|22|65094.3|0.07|65|34080|34080|496|496|12
22|RUSSIA|16|22|30036.5|0.03|16|34080|34080|496|496|12
19|ROMANIA|52|19|57746.04|0.03|52|34080|34080|496|496|12
18|CHINA|41|18|26545.12|0.1|41|34080|34080|496|496|12
9|INDONESIA|51|9|42111.39|0.07|51|10597|10597|496|496|12
21|VIETNAM|68|21|10607.16|0.06|68|10597|10597|496|496|12
8|INDIA|12|8|27867.51|0.01|12|10597|10597|496|496|12
16|MOZAMBIQUE|58|16|7720.48|0.07|58|8934|8934|496|496|12
1|ARGENTINA|29|1|17855.11|0.02|29|8934|8934|496|496|12
22|RUSSIA|65|22|33624.18|0.08|65|8934|8934|496|496|12
0|ALGERIA|28|0|68613.14|0.02|28|8934|8934|496|496|12
7|GERMANY|33|7|38911.34|0.04|33|9604|9604|496|496|12
17|PERU|1|17|68382.68|0.1|1|6215|6215|496|496|12
3|CANADA|13|3|68330.01|0.1|13|6215|6215|496|496|12
24|UNITED STATES|49|24|23372.57|0.08|49|6215|6215|496|496|12
4|EGYPT|38|4|51806.5|0.08|38|6215|6215|496|496|12
18|CHINA|11|18|12589.68|0.02|11|6084|6084|496|496|12
24|UNITED STATES|19|24|26532.9|0.09|19|6084|6084|496|496|12
23|UNITED KINGDOM|66|23|49408.92|0.04|66|26215|26215|496|496|12
10|IRAN|9|10|17632.38|0.07|9|26215|26215|496|496|12
21|VIETNAM|68|21|42646.4|0.1|68|26215|26215|496|496|12
0|ALGERIA|28|0|65409.52|0.02|28|26215|26215|496|496|12
16|MOZAMBIQUE|31|16|10101.1|0.07|31|26215|26215|496|496|12
14|KENYA|6|14|35663.0|0.04|6|36546|36546|680|680|12
24|UNITED STATES|55|24|21283.99|0.04|55|36546|36546|680|680|12
8|INDIA|61|8|15845.94|0.02|61|36546|36546|680|680|12
6|FRANCE|70|6|40267.2|0.03|70|36546|36546|680|680|12
23|UNITED KINGDOM|32|23|50839.25|0.0|32|36546|36546|680|680|12
0|ALGERIA|28|0|61138.74|0.09|28|36546|36546|680|680|12
7|GERMANY|53|7|17959.35|0.07|53|36546|36546|680|680|12
23|UNITED KINGDOM|7|23|48274.64|0.01|7|6369|6369|680|680|12
23|UNITED KINGDOM|7|23|36726.12|0.07|7|6369|6369|680|680|12
8|INDIA|39|8|47553.09|0.09|39|6369|6369|680|680|12
16|MOZAMBIQUE|30|16|33989.12|0.05|30|6369|6369|680|680|12
8|INDIA|61|8|7003.4|0.02|61|44579|44579|680|680|12
18|CHINA|72|18|2048.24|0.04|72|44579|44579|680|680|12
6|FRANCE|70|6|39840.39|0.01|70|44579|44579|680|680|12
10|IRAN|34|10|27606.0|0.03|34|44579|44579|680|680|12
23|UNITED KINGDOM|32|23|14581.05|0.05|32|44579|44579|680|680|12
18|CHINA|75|18|10274.33|0.1|75|44579|44579|680|680|12
5|ETHIOPIA|2|5|61414.15|0.09|2|44579|44579|680|680|12
17|PERU|1|17|47787.48|0.08|1|31936|31936|680|680|12
7|GERMANY|77|7|51040.39|0.03|77|31936|31936|680|680|12
8|INDIA|61|8|55228.34|0.08|61|31936|31936|680|680|12
17|PERU|57|17|41388.84|0.07|57|31936|31936|680|680|12
24|UNITED STATES|19|24|69280.98|0.03|19|31936|31936|680|680|12
0|ALGERIA|28|0|12036.87|0.1|28|31936|31936|680|680|12
0|ALGERIA|28|0|11496.54|0.05|28|31936|31936|680|680|12
7|GERMANY|33|7|47331.2|0.07|33|23427|23427|394|394|23
18|CHINA|11|18|35043.26|0.02|11|23427|23427|394|394|23
2|BRAZIL|21|2|16658.24|0.05|21|23427|23427|394|394|23
18|CHINA|41|18|3769.96|0.0|41|23427|23427|394|394|23
23|UNITED KINGDOM|7|23|74046.72|0.04|7|34758|34758|394|394|23
19|ROMANIA|62|19|36794.12|0.03|62|34758|34758|394|394|23
8|INDIA|60|8|30369.43|0.05|60|34758|34758|394|394|23
24|UNITED STATES|46|24|5710.08|0.07|46|34758|34758|394|394|23
14|KENYA|79|14|40932.46|0.01|79|34758|34758|394|394|23
4|EGYPT|67|4|18944.04|0.09|67|34758|34758|394|394|23
1|ARGENTINA|29|1|26818.69|0.04|29|34758|34758|394|394|23
18|CHINA|11|18|55829.67|0.03|11|44130|44130|394|394|23
7|GERMANY|33|7|35127.18|0.01|33|44130|44130|394|394|23
8|INDIA|60|8|61986.22|0.09|60|44130|44130|394|394|23
10|IRAN|9|10|53943.96|0.1|9|44130|44130|394|394|23
8|INDIA|15|8|21178.32|0.0|15|44130|44130|394|394|23
1|ARGENTINA|29|1|73451.28|0.07|29|44130|44130|394|394|23
1|ARGENTINA|3|1|32945.7|0.01|3|44130|44130|394|394|23
21|VIETNAM|80|21|17729.04|0.1|80|34243|34243|394|394|23
8|INDIA|15|8|68228.6|0.1|15|34243|34243|394|394|23
21|VIETNAM|26|21|50707.02|0.0|26|34243|34243|394|394|23
14|KENYA|76|14|50884.06|0.04|76|34243|34243|394|394|23
23|UNITED KINGDOM|32|23|17223.6|0.1|32|34243|34243|394|394|23
8|INDIA|39|8|17757.04|0.1|39|34243|34243|394|394|23
11|IRAQ|5|11|27803.52|0.06|5|47424|47424|472|472|12
22|RUSSIA|40|22|22415.52|0.06|40|47424|47424|472|472|12
4|EGYPT|69|4|64160.04|0.09|69|47424|47424|472|472|12
9|INDONESIA|45|9|4402.68|0.0|45|47424|47424|472|472|12
4|EGYPT|67|4|49633.28|0.01|67|47424|47424|472|472|12
1|ARGENTINA|71|1|4584.96|0.02|71|15777|15777|472|472|12
16|MOZAMBIQUE|31|16|5672.97|0.08|31|15777|15777|472|472|12
19|ROMANIA|62|19|53033.19|0.0|62|11235|11235|472|472|12
8|INDIA|15|8|55342.48|0.05|15|11235|11235|472|472|12
13|JORDAN|36|13|15511.95|0.08|36|11235|11235|472|472|12
21|VIETNAM|68|21|48659.24|0.01|68|11235|11235|472|472|12
21|VIETNAM|68|21|50255.0|0.1|68|11235|11235|472|472|12
9|INDONESIA|45|9|10658.52|0.08|45|11235|11235|472|472|12
16|MOZAMBIQUE|31|16|52329.12|0.01|31|11235|11235|472|472|12
17|PERU|1|17|29095.64|0.06|1|44257|44257|472|472|12
9|INDONESIA|51|9|45776.96|0.01|51|44257|44257|472|472|12
16|MOZAMBIQUE|73|16|16853.07|0.05|73|44257|44257|472|472|12
18|CHINA|11|18|45559.61|0.1|11|44257|44257|472|472|12
0|ALGERIA|37|0|35534.28|0.07|37|44257|44257|472|472|12
5|ETHIOPIA|78|5|45850.5|0.05|78|44257|44257|472|472|12
16|MOZAMBIQUE|31|16|26500.8|0.02|31|44257|44257|472|472|12
22|RUSSIA|25|22|9586.32|0.02|25|15845|15845|472|472|12
1|ARGENTINA|71|1|89252.53|0.01|71|10821|10821|472|472|12
17|PERU|57|17|49156.14|0.05|57|10821|10821|472|472|12
24|UNITED STATES|19|24|55535.8|0.09|19|10821|10821|472|472|12
21|VIETNAM|68|21|25716.08|0.09|68|16803|16803|472|472|12
9|INDONESIA|45|9|43328.58|0.08|45|16803|16803|472|472|12
14|KENYA|6|14|47406.25|0.0|6|4770|4770|472|472|12
11|IRAQ|5|11|34507.2|0.09|5|4770|4770|472|472|12
8|INDIA|39|8|23785.6|0.05|39|24805|24805|472|472|12
22|RUSSIA|16|22|61856.79|0.01|16|24805|24805|472|472|12
17|PERU|8|17|34156.0|0.07|8|1186|1186|472|472|12
21|VIETNAM|68|21|17926.92|0.07|68|1186|1186|472|472|12
2|BRAZIL|21|2|25760.56|0.08|21|1186|1186|472|472|12
24|UNITED STATES|49|24|47218.68|0.06|49|1186|1186|472|472|12
14|KENYA|6|14|43078.2|0.04|6|22181|22181|472|472|12
19|ROMANIA|62|19|41056.74|0.01|62|22181|22181|472|472|12
24|UNITED STATES|19|24|65446.08|0.08|19|22181|22181|472|472|12
5|ETHIOPIA|2|5|47038.32|0.06|2|22181|22181|472|472|12
7|GERMANY|77|7|25803.36|0.04|77|9799|9799|370|370|12
22|RUSSIA|25|22|14463.6|0.02|25|9799|9799|370|370|12
0|ALGERIA|24|0|13388.22|0.06|24|9799|9799|370|370|12
3|CANADA|13|3|4745.12|0.06|13|9799|9799|370|370|12
14|KENYA|76|14|44296.0|0.08|76|9799|9799|370|370|12
22|RUSSIA|16|22|21620.69|0.02|16|9799|9799|370|370|12
21|VIETNAM|26|21|30913.92|0.1|26|27783|27783|370|370|12
24|UNITED STATES|10|24|18412.14|0.02|10|27783|27783|370|370|12
19|ROMANIA|17|19|23081.08|0.08|17|27783|27783|370|370|12
9|INDONESIA|23|9|10514.34|0.01|23|23781|23781|370|370|12
15|MOROCCO|4|15|13313.56|0.07|4|23781|23781|370|370|12
2|BRAZIL|21|2|1920.12|0.01|21|23781|23781|370|370|12
7|GERMANY|53|7|30536.88|0.0|53|23781|23781|370|370|12
10|IRAN|9|10|13566.63|0.1|9|9060|9060|370|370|12
0|ALGERIA|37|0|11892.8|0.04|37|9060|9060|370|370|12
24|UNITED STATES|10|24|11400.48|0.06|10|9060|9060|370|370|12
22|RUSSIA|40|22|91530.04|0.07|40|9159|9159|908|908|12
4|EGYPT|22|4|5210.7|0.09|22|9159|9159|908|908|12
9|INDONESIA|45|9|14743.52|0.06|45|9159|9159|908|908|12
23|UNITED KINGDOM|32|23|30974.34|0.03|32|9159|9159|908|908|12
6|FRANCE|70|6|1898.08|0.05|70|9798|9798|908|908|12
1|ARGENTINA|3|1|36998.8|0.03|3|9798|9798|908|908|12
21|VIETNAM|35|21|82737.5|0.04|35|21669|21669|908|908|12
8|INDIA|12|8|12550.41|0.04|12|21669|21669|908|908|12
22|RUSSIA|65|22|11933.6|0.06|65|21669|21669|908|908|12
5|ETHIOPIA|2|5|3225.51|0.09|2|21669|21669|908|908|12
7|GERMANY|44|7|46251.76|0.07|44|3428|3428|68|68|12
8|INDIA|61|8|64432.9|0.02|61|3428|3428|68|68|12
5|ETHIOPIA|63|5|5934.32|0.0|63|3428|3428|68|68|12
9|INDONESIA|51|9|63793.94|0.04|51|9221|9221|68|68|12
24|UNITED STATES|10|24|47775.66|0.09|10|9221|9221|68|68|12
23|UNITED KINGDOM|32|23|53811.31|0.08|32|9221|9221|68|68|12
18|CHINA|27|18|60608.5|0.0|27|9221|9221|68|68|12
1|ARGENTINA|71|1|970.07|0.01|71|29409|29409|68|68|12
10|IRAN|9|10|49577.85|0.03|9|29409|29409|68|68|12
0|ALGERIA|24|0|22442.64|0.07|24|29409|29409|68|68|12
1|ARGENTINA|3|1|6111.6|0.01|3|29409|29409|68|68|12
14|KENYA|6|14|31659.0|0.06|6|28805|28805|68|68|12
19|ROMANIA|17|19|15631.47|0.03|17|28805|28805|68|68|12
4|EGYPT|38|4|10581.5|0.08|38|28805|28805|68|68|12
20|SAUDI ARABIA|74|20|47195.4|0.06|74|28805|28805|68|68|12
20|SAUDI ARABIA|74|20|41205.36|0.01|74|28805|28805|68|68|12
19|ROMANIA|62|19|54238.38|0.06|62|4097|4097|68|68|12
1|ARGENTINA|29|1|74429.0|0.04|29|4097|4097|68|68|12
12|JAPAN|54|12|68382.68|0.1|54|4097|4097|68|68|12
22|RUSSIA|40|22|40951.68|0.04|40|24771|24771|68|68|12
4|EGYPT|22|4|74079.0|0.1|22|24771|24771|68|68|12
3|CANADA|13|3|54606.75|0.06|13|24771|24771|68|68|12
17|PERU|1|17|31789.51|0.03|1|37731|37731|68|68|12
21|VIETNAM|26|21|47523.17|0.07|26|37731|37731|68|68|12
22|RUSSIA|25|22|50536.61|0.01|25|37731|37731|68|68|12
8|INDIA|39|8|34245.72|0.08|39|37731|37731|68|68|12
24|UNITED STATES|49|24|21655.2|0.1|49|46149|46149|929|929|23
16|MOZAMBIQUE|31|16|14635.6|0.08|31|46149|46149|929|929|23
17|PERU|1|17|5738.12|0.08|1|30978|30978|929|929|23
9|INDONESIA|51|9|38260.82|0.0|51|30978|30978|929|929|23
7|GERMANY|77|7|4291.59|0.04|77|30978|30978|929|929|23
8|INDIA|60|8|17967.32|0.01|60|3814|3814|929|929|23
15|MOROCCO|14|15|44579.88|0.06|14|3814|3814|929|929|23
0|ALGERIA|24|0|6615.28|0.02|24|3814|3814|929|929|23
9|INDONESIA|45|9|11424.6|0.1|45|3814|3814|929|929|23
22|RUSSIA|42|22|28430.4|0.04|42|3814|3814|929|929|23
16|MOZAMBIQUE|31|16|26262.75|0.03|31|3814|3814|929|929|23
18|CHINA|75|18|73256.55|0.09|75|3814|3814|929|929|23
15|MOROCCO|4|15|34021.12|0.09|4|9447|9447|929|929|23
16|MOZAMBIQUE|31|16|79977.85|0.08|31|9447|9447|929|929|23
21|VIETNAM|26|21|4300.59|0.04|26|29763|29763|929|929|23
22|RUSSIA|25|22|8333.8|0.06|25|29763|29763|929|929|23
23|UNITED KINGDOM|66|23|13040.3|0.07|66|13986|13986|1067|1067|23
21|VIETNAM|35|21|36769.87|0.1|35|13986|13986|1067|1067|23
8|INDIA|12|8|10667.52|0.0|12|13986|13986|1067|1067|23
18|CHINA|27|18|35653.92|0.03|27|13986|13986|1067|1067|23
17|PERU|1|17|1486.58|0.04|1|13414|13414|1067|1067|23
6|FRANCE|70|6|39522.7|0.02|70|13414|13414|1067|1067|23
14|KENYA|47|14|33606.6|0.07|47|13414|13414|1067|1067|23
4|EGYPT|69|4|43923.15|0.05|69|13414|13414|1067|1067|23
15|MOROCCO|4|15|9430.4|0.01|4|13414|13414|1067|1067|23
8|INDIA|61|8|56687.18|0.03|61|11939|11939|1067|1067|23
5|ETHIOPIA|78|5|25261.28|0.07|78|11939|11939|1067|1067|23
23|UNITED KINGDOM|7|23|33245.91|0.02|7|34310|34310|1067|1067|23
22|RUSSIA|65|22|11280.15|0.04|65|34310|34310|1067|1067|23
11|IRAQ|5|11|7855.54|0.03|5|4704|4704|11|11|23
23|UNITED KINGDOM|66|23|21344.68|0.04|66|4704|4704|11|11|23
21|VIETNAM|26|21|61842.0|0.02|26|4704|4704|11|11|23
15|MOROCCO|14|15|41225.77|0.01|14|9927|9927|11|11|23
16|MOZAMBIQUE|58|16|14847.6|0.07|58|9927|9927|11|11|23
15|MOROCCO|4|15|67277.76|0.09|4|9927|9927|11|11|23
0|ALGERIA|28|0|39001.0|0.01|28|9927|9927|11|11|23
18|CHINA|27|18|15541.38|0.07|27|9927|9927|11|11|23
18|CHINA|27|18|54329.28|0.07|27|9927|9927|11|11|23
14|KENYA|76|14|51500.23|0.08|76|40865|40865|11|11|23
22|RUSSIA|16|22|65588.03|0.04|16|40865|40865|11|11|23
18|CHINA|41|18|10779.52|0.05|41|40865|40865|11|11|23
4|EGYPT|69|4|22600.14|0.07|69|34789|34789|38|38|12
15|MOROCCO|14|15|23958.22|0.1|14|34789|34789|38|38|12
23|UNITED KINGDOM|32|23|71596.32|0.03|32|34789|34789|38|38|12
8|INDIA|39|8|34181.82|0.03|39|34789|34789|38|38|12
1|ARGENTINA|3|1|9736.32|0.0|3|34789|34789|38|38|12
8|INDIA|60|8|28130.83|0.09|60|15111|15111|38|38|12
15|MOROCCO|4|15|52724.7|0.09|4|15111|15111|38|38|12
22|RUSSIA|65|22|12532.78|0.07|65|15111|15111|38|38|12
20|SAUDI ARABIA|74|20|41553.33|0.09|74|15111|15111|38|38|12
4|EGYPT|69|4|13274.4|0.04|69|25376|25376|38|38|12
21|VIETNAM|35|21|59055.84|0.09|35|25376|25376|38|38|12
16|MOZAMBIQUE|18|16|13248.43|0.01|18|25376|25376|38|38|12
4|EGYPT|69|4|10153.85|0.02|69|15621|15621|38|38|12
24|UNITED STATES|46|24|63298.88|0.0|46|15621|15621|38|38|12
9|INDONESIA|23|9|22196.94|0.03|23|15621|15621|38|38|12
22|RUSSIA|16|22|27954.42|0.08|16|15621|15621|38|38|12
3|CANADA|20|3|57414.39|0.01|20|15621|15621|38|38|12
19|ROMANIA|62|19|45464.16|0.1|62|21089|21089|38|38|12
1|ARGENTINA|71|1|51456.0|0.05|71|21089|21089|38|38|12
15|MOROCCO|14|15|49017.15|0.07|14|21089|21089|38|38|12
22|RUSSIA|25|22|3874.17|0.1|25|21089|21089|38|38|12
16|MOZAMBIQUE|18|16|58413.35|0.07|18|21089|21089|38|38|12
16|MOZAMBIQUE|30|16|12248.88|0.08|30|21089|21089|38|38|12
7|GERMANY|44|7|40643.46|0.0|44|44960|44960|1006|1006|12
6|FRANCE|70|6|21803.6|0.03|70|44960|44960|1006|1006|12
14|KENYA|79|14|9845.5|0.02|79|44960|44960|1006|1006|12
9|INDONESIA|45|9|27141.88|0.03|45|44960|44960|1006|1006|12
8|INDIA|12|8|22513.79|0.07|12|44960|44960|1006|1006|12
24|UNITED STATES|19|24|59439.84|0.1|19|44960|44960|1006|1006|12
4|EGYPT|38|4|15042.06|0.1|38|44960|44960|1006|1006|12
7|GERMANY|44|7|24543.74|0.03|44|20960|20960|1006|1006|12
24|UNITED STATES|55|24|32058.03|0.06|55|20960|20960|1006|1006|12
1|ARGENTINA|71|1|13754.88|0.09|71|20960|20960|1006|1006|12
16|MOZAMBIQUE|58|16|7379.05|0.1|58|20960|20960|1006|1006|12
21|VIETNAM|26|21|76716.96|0.07|26|44896|44896|1006|1006|12
21|VIETNAM|35|21|59151.53|0.07|35|44896|44896|1006|1006|12
24|UNITED STATES|46|24|48801.48|0.05|46|44896|44896|1006|1006|12
4|EGYPT|67|4|35226.76|0.0|67|44514|44514|1006|1006|12
0|ALGERIA|28|0|48214.44|0.04|28|25639|25639|1006|1006|12
22|RUSSIA|16|22|37014.73|0.01|16|25639|25639|1006|1006|12
4|EGYPT|22|4|8901.48|0.01|22|32930|32930|1006|1006|12
15|MOROCCO|14|15|16621.92|0.07|14|32930|32930|1006|1006|12
19|ROMANIA|17|19|5444.73|0.03|17|32930|32930|1006|1006|12
0|ALGERIA|28|0|18037.32|0.03|28|32930|32930|1006|1006|12
22|RUSSIA|42|22|79664.18|0.0|42|32930|32930|1006|1006|12
21|VIETNAM|26|21|46565.05|0.03|26|8164|8164|1006|1006|12
6|FRANCE|70|6|13875.26|0.1|70|18148|18148|1006|1006|12
0|ALGERIA|37|0|37558.04|0.02|37|32450|32450|1006|1006|12
21|VIETNAM|35|21|41130.45|0.0|35|32450|32450|1006|1006|12
5|ETHIOPIA|2|5|54959.4|0.05|2|32450|32450|1006|1006|12
2|BRAZIL|21|2|33913.44|0.06|21|14724|14724|1117|1117|23
24|UNITED STATES|49|24|1846.94|0.04|49|47109|47109|1117|1117|23
24|UNITED STATES|64|24|77609.84|0.09|64|47109|47109|1117|1117|23
7|GERMANY|53|7|65725.2|0.01|53|47109|47109|1117|1117|23
24|UNITED STATES|64|24|54521.6|0.04|64|47109|47109|1117|1117|23
19|ROMANIA|52|19|19131.21|0.09|52|47109|47109|1117|1117|23
5|ETHIOPIA|63|5|45472.62|0.03|63|47109|47109|1117|1117|23
9|INDONESIA|50|9|14331.48|0.02|50|11815|11815|1117|1117|23
8|INDIA|15|8|33069.3|0.02|15|11815|11815|1117|1117|23
15|MOROCCO|4|15|34252.96|0.02|4|11815|11815|1117|1117|23
22|RUSSIA|16|22|38117.8|0.04|16|11815|11815|1117|1117|23
4|EGYPT|38|4|46818.32|0.03|38|11815|11815|1117|1117|23
23|UNITED KINGDOM|66|23|2715.0|0.05|66|40803|40803|1117|1117|23
15|MOROCCO|14|15|18695.1|0.01|14|40803|40803|1117|1117|23
3|CANADA|13|3|5906.28|0.06|13|40803|40803|1117|1117|23
8|INDIA|12|8|8198.76|0.0|12|40803|40803|1117|1117|23
16|MOZAMBIQUE|73|16|5295.75|0.06|73|16258|16258|1117|1117|23
24|UNITED STATES|55|24|54969.91|0.04|55|16258|16258|1117|1117|23
17|PERU|57|17|2110.3|0.08|57|16258|16258|1117|1117|23
11|IRAQ|5|11|16048.68|0.09|5|28325|28325|1117|1117|23
13|JORDAN|36|13|7814.4|0.07|36|28325|28325|1117|1117|23
10|IRAN|34|10|39634.28|0.04|34|28325|28325|1117|1117|23
18|CHINA|41|18|31173.9|0.07|41|28325|28325|1117|1117|23
7|GERMANY|77|7|8505.28|0.05|77|35521|35521|1117|1117|23
7|GERMANY|77|7|79508.7|0.02|77|35521|35521|1117|1117|23
21|VIETNAM|68|21|71076.0|0.0|68|35521|35521|1117|1117|23
14|KENYA|79|14|25041.06|0.06|79|35521|35521|1117|1117|23
7|GERMANY|33|7|34656.38|0.06|33|37505|37505|1037|1037|23
7|GERMANY|77|7|3936.32|0.1|77|37505|37505|1037|1037|23
0|ALGERIA|24|0|27299.97|0.0|24|37505|37505|1037|1037|23
18|CHINA|75|18|31161.36|0.04|75|37505|37505|1037|1037|23
22|RUSSIA|42|22|7322.8|0.06|42|37505|37505|1037|1037|23
16|MOZAMBIQUE|31|16|73821.49|0.06|31|37505|37505|1037|1037|23
7|GERMANY|53|7|49653.6|0.05|53|26246|26246|1037|1037|23
1|ARGENTINA|3|1|32291.0|0.05|3|26246|26246|1037|1037|23
14|KENYA|6|14|32375.0|0.04|6|24964|24964|25|25|12
10|IRAN|9|10|61416.0|0.03|9|24964|24964|25|25|12
14|KENYA|79|14|18752.02|0.05|79|24964|24964|25|25|12
16|MOZAMBIQUE|56|16|1864.06|0.08|56|24964|24964|25|25|12
24|UNITED STATES|19|24|42795.6|0.05|19|24964|24964|25|25|12
8|INDIA|15|8|42129.36|0.09|15|8577|8577|25|25|12
4|EGYPT|69|4|62034.72|0.03|69|8577|8577|25|25|12
16|MOZAMBIQUE|73|16|74869.2|0.03|73|16674|16674|25|25|12
7|GERMANY|44|7|60485.01|0.09|44|16674|16674|25|25|12
16|MOZAMBIQUE|18|16|18692.16|0.01|18|16674|16674|25|25|12
0|ALGERIA|28|0|45197.5|0.05|28|16674|16674|25|25|12
8|INDIA|39|8|37610.04|0.07|39|16674|16674|25|25|12
0|ALGERIA|28|0|10355.12|0.04|28|16674|16674|25|25|12
16|MOZAMBIQUE|31|16|3030.33|0.09|31|16674|16674|25|25|12
7|GERMANY|33|7|12573.5|0.1|33|38599|38599|25|25|12
24|UNITED STATES|19|24|18179.68|0.03|19|38599|38599|25|25|12
0|ALGERIA|28|0|65120.0|0.01|28|38599|38599|25|25|12
16|MOZAMBIQUE|18|16|62484.86|0.0|18|47488|47488|25|25|12
23|UNITED KINGDOM|7|23|40266.48|0.08|7|27936|27936|98|98|12
7|GERMANY|33|7|41293.34|0.1|33|27936|27936|98|98|12
7|GERMANY|33|7|33553.08|0.03|33|27936|27936|98|98|12
10|IRAN|9|10|2296.48|0.08|9|27936|27936|98|98|12
0|ALGERIA|24|0|10469.34|0.08|24|27936|27936|98|98|12
22|RUSSIA|42|22|39603.86|0.0|42|27936|27936|98|98|12
1|ARGENTINA|3|1|24752.0|0.03|3|27936|27936|98|98|12
7|GERMANY|44|7|1304.4|0.1|44|29729|29729|98|98|12
22|RUSSIA|25|22|58781.16|0.06|25|29729|29729|98|98|12
14|KENYA|47|14|7728.48|0.04|47|29729|29729|98|98|12
24|UNITED STATES|19|24|24938.4|0.08|19|29729|29729|98|98|12
15|MOROCCO|4|15|2084.28|0.08|4|29729|29729|98|98|12
19|ROMANIA|17|19|28306.03|0.0|17|29729|29729|98|98|12
0|ALGERIA|28|0|8937.48|0.0|28|29729|29729|98|98|12
16|MOZAMBIQUE|73|16|33083.64|0.03|73|3200|3200|98|98|12
19|ROMANIA|62|19|31091.64|0.1|62|3200|3200|98|98|12
9|INDONESIA|45|9|12542.64|0.1|45|3200|3200|98|98|12
4|EGYPT|67|4|32409.75|0.1|67|3200|3200|98|98|12
18|CHINA|75|18|34165.44|0.01|75|3200|3200|98|98|12
5|ETHIOPIA|63|5|23737.28|0.05|63|3200|3200|98|98|12
21|VIETNAM|68|21|2512.7|0.06|68|46818|46818|65|65|23
22|RUSSIA|40|22|60929.28|0.03|40|11040|11040|65|65|23
8|INDIA|61|8|74510.38|0.04|61|11040|11040|65|65|23
14|KENYA|48|14|26457.31|0.07|48|11040|11040|65|65|23
9|INDONESIA|45|9|20623.68|0.03|45|11040|11040|65|65|23
18|CHINA|11|18|60124.26|0.04|11|23267|23267|65|65|23
6|FRANCE|70|6|28619.36|0.0|70|23267|23267|65|65|23
17|PERU|59|17|67597.06|0.06|59|23267|23267|65|65|23
9|INDONESIA|23|9|20047.85|0.06|23|23267|23267|65|65|23
16|MOZAMBIQUE|56|16|8871.42|0.08|56|23267|23267|65|65|23
1|ARGENTINA|29|1|93648.5|0.1|29|23267|23267|65|65|23
17|PERU|1|17|27749.92|0.04|1|12961|12961|916|916|23
17|PERU|59|17|14986.35|0.04|59|12961|12961|916|916|23
21|VIETNAM|68|21|44123.16|0.02|68|12961|12961|916|916|23
16|MOZAMBIQUE|56|16|33375.2|0.07|56|12961|12961|916|916|23
23|UNITED KINGDOM|7|23|26328.2|0.01|7|24963|24963|916|916|23
9|INDONESIA|51|9|33531.75|0.02|51|24963|24963|916|916|23
3|CANADA|13|3|22488.72|0.08|13|24963|24963|916|916|23
15|MOROCCO|4|15|59964.96|0.03|4|24963|24963|916|916|23
24|UNITED STATES|49|24|19781.6|0.03|49|24963|24963|916|916|23
3|CANADA|20|3|27570.3|0.03|20|24963|24963|916|916|23
8|INDIA|60|8|42874.87|0.04|60|43015|43015|916|916|23
21|VIETNAM|68|21|26529.0|0.1|68|43015|43015|916|916|23
16|MOZAMBIQUE|18|16|2236.42|0.04|18|43015|43015|916|916|23
12|JAPAN|54|12|13971.12|0.1|54|43015|43015|916|916|23
22|RUSSIA|16|22|13725.15|0.05|16|43015|43015|916|916|23
24|UNITED STATES|64|24|16508.19|0.0|64|43015|43015|916|916|23
7|GERMANY|77|7|6817.38|0.06|77|40837|40837|916|916|23
22|RUSSIA|42|22|82796.85|0.01|42|40837|40837|916|916|23
22|RUSSIA|16|22|24365.22|0.02|16|45702|45702|916|916|23
18|CHINA|41|18|55010.0|0.07|41|45702|45702|916|916|23
18|CHINA|41|18|13036.86|0.03|41|45702|45702|916|916|23
9|INDONESIA|51|9|13126.95|0.01|51|33955|33955|916|916|23
18|CHINA|11|18|44968.85|0.03|11|33955|33955|916|916|23
1|ARGENTINA|71|1|82706.85|0.02|71|33955|33955|916|916|23
16|MOZAMBIQUE|58|16|46255.3|0.06|58|33955|33955|916|916|23
16|MOZAMBIQUE|56|16|18661.89|0.03|56|33955|33955|916|916|23
22|RUSSIA|42|22|53382.6|0.09|42|33955|33955|916|916|23
17|PERU|59|17|46315.5|0.09|59|4320|4320|916|916|23
23|UNITED KINGDOM|7|23|46927.4|0.03|7|25926|25926|916|916|23
18|CHINA|11|18|57010.09|0.06|11|25926|25926|916|916|23
17|PERU|59|17|23521.68|0.0|59|25926|25926|916|916|23
4|EGYPT|69|4|61565.6|0.03|69|25926|25926|916|916|23
23|UNITED KINGDOM|32|23|65429.16|0.08|32|25926|25926|916|916|23
18|CHINA|75|18|25487.36|0.1|75|25926|25926|916|916|23
8|INDIA|61|8|12669.3|0.04|61|13153|13153|916|916|23
4|EGYPT|69|4|52765.5|0.05|69|26432|26432|916|916|23
16|MOZAMBIQUE|18|16|38841.25|0.05|18|26432|26432|916|916|23
12|JAPAN|54|12|5906.28|0.03|54|26432|26432|916|916|23
20|SAUDI ARABIA|74|20|52507.49|0.0|74|26432|26432|916|916|23
5|ETHIOPIA|63|5|2358.54|0.04|63|26432|26432|916|916|23
17|PERU|8|17|23646.76|0.01|8|45248|45248|1186|1186|23
7|GERMANY|77|7|16022.05|0.01|77|45248|45248|1186|1186|23
16|MOZAMBIQUE|58|16|37671.84|0.04|58|45248|45248|1186|1186|23
5|ETHIOPIA|78|5|13196.43|0.08|78|45248|45248|1186|1186|23
15|MOROCCO|4|15|11316.48|0.0|4|45248|45248|1186|1186|23
9|INDONESIA|50|9|39239.05|0.06|50|31942|31942|1186|1186|23
10|IRAN|34|10|45600.1|0.08|34|31942|31942|1186|1186|23
14|KENYA|6|14|74411.89|0.02|6|24966|24966|1186|1186|23
16|MOZAMBIQUE|73|16|16820.64|0.05|73|24966|24966|1186|1186|23
17|PERU|59|17|10603.36|0.09|59|24966|24966|1186|1186|23
14|KENYA|48|14|48898.92|0.0|48|24966|24966|1186|1186|23
12|JAPAN|43|12|7526.19|0.05|43|24966|24966|1186|1186|23
8|INDIA|39|8|27098.19|0.04|39|24966|24966|1186|1186|23
16|MOZAMBIQUE|30|16|1333.43|0.1|30|24966|24966|1186|1186|23
22|RUSSIA|40|22|40764.4|0.05|40|15268|15268|1186|1186|23
23|UNITED KINGDOM|7|23|38419.23|0.02|7|22850|22850|31|31|23
8|INDIA|12|8|47380.7|0.06|12|22850|22850|31|31|23
15|MOROCCO|4|15|30272.94|0.05|4|22850|22850|31|31|23
19|ROMANIA|17|19|63428.16|0.09|17|22850|22850|31|31|23
22|RUSSIA|16|22|14205.29|0.07|16|22850|22850|31|31|23
7|GERMANY|44|7|4120.41|0.0|44|47747|47747|31|31|23
4|EGYPT|22|4|14523.6|0.07|22|47747|47747|31|31|23
18|CHINA|75|18|13742.88|0.01|75|47747|47747|31|31|23
9|INDONESIA|51|9|21878.25|0.09|51|20737|20737|31|31|23
16|MOZAMBIQUE|58|16|14055.45|0.09|58|20737|20737|31|31|23
15|MOROCCO|14|15|25118.69|0.08|14|20737|20737|31|31|23
14|KENYA|79|14|37512.64|0.08|79|20737|20737|31|31|23
8|INDIA|12|8|39443.47|0.07|12|20737|20737|31|31|23
22|RUSSIA|65|22|38056.5|0.05|65|20737|20737|31|31|23
4|EGYPT|38|4|12333.3|0.01|38|20737|20737|31|31|23
9|INDONESIA|51|9|76147.41|0.01|51|2980|2980|31|31|23
9|INDONESIA|51|9|25867.35|0.08|51|2980|2980|31|31|23
8|INDIA|61|8|53811.31|0.03|61|2980|2980|31|31|23
16|MOZAMBIQUE|58|16|46899.36|0.04|58|2980|2980|31|31|23
18|CHINA|75|18|2382.58|0.09|75|2980|2980|31|31|23
7|GERMANY|33|7|32554.65|0.0|33|27684|27684|31|31|23
13|JORDAN|36|13|43920.48|0.04|36|27684|27684|31|31|23
5|ETHIOPIA|63|5|47211.3|0.02|63|27684|27684|31|31|23
18|CHINA|41|18|18640.52|0.03|41|27684|27684|31|31|23
10|IRAN|9|10|30367.06|0.04|9|29731|29731|31|31|23
16|MOZAMBIQUE|58|16|49365.82|0.05|58|29731|29731|31|31|23
4|EGYPT|69|4|29379.46|0.09|69|29731|29731|31|31|23
23|UNITED KINGDOM|7|23|9626.4|0.09|7|26566|26566|31|31|23
22|RUSSIA|25|22|36867.42|0.03|25|26566|26566|31|31|23
20|SAUDI ARABIA|74|20|44926.64|0.08|74|26566|26566|31|31|23
1|ARGENTINA|29|1|1974.16|0.05|29|17734|17734|31|31|23
8|INDIA|61|8|5453.84|0.02|61|29638|29638|806|806|12
13|JORDAN|36|13|51030.36|0.05|36|29638|29638|806|806|12
15|MOROCCO|4|15|39479.37|0.04|4|29638|29638|806|806|12
0|ALGERIA|28|0|11991.87|0.02|28|29638|29638|806|806|12
1|ARGENTINA|3|1|13358.52|0.06|3|29638|29638|806|806|12
18|CHINA|11|18|33481.08|0.06|11|45506|45506|806|806|12
0|ALGERIA|24|0|22669.92|0.03|24|45506|45506|806|806|12
4|EGYPT|67|4|5540.82|0.0|67|45506|45506|806|806|12
24|UNITED STATES|10|24|20314.04|0.05|10|45506|45506|806|806|12
18|CHINA|75|18|20251.93|0.06|75|45506|45506|806|806|12
22|RUSSIA|40|22|62458.44|0.06|40|47075|47075|806|806|12
14|KENYA|48|14|56409.85|0.07|48|47075|47075|806|806|12
9|INDONESIA|45|9|32275.34|0.03|45|47075|47075|806|806|12
18|CHINA|27|18|30299.94|0.1|27|47075|47075|806|806|12
19|ROMANIA|52|19|16208.1|0.09|52|47075|47075|806|806|12
14|KENYA|6|14|54266.52|0.09|6|31554|31554|938|938|12
11|IRAQ|5|11|2698.88|0.08|5|31554|31554|938|938|12
21|VIETNAM|26|21|48674.9|0.09|26|31554|31554|938|938|12
21|VIETNAM|35|21|53358.0|0.03|35|31554|31554|938|938|12
5|ETHIOPIA|63|5|19845.0|0.04|63|31554|31554|938|938|12
23|UNITED KINGDOM|66|23|19186.58|0.1|66|42531|42531|1009|1009|12
3|CANADA|13|3|9530.5|0.02|13|42531|42531|1009|1009|12
24|UNITED STATES|46|24|54343.75|0.03|46|42531|42531|1009|1009|12
9|INDONESIA|23|9|17433.9|0.1|23|42531|42531|1009|1009|12
5|ETHIOPIA|2|5|35590.72|0.04|2|42531|42531|1009|1009|12
1|ARGENTINA|3|1|51756.5|0.07|3|42531|42531|1009|1009|12
1|ARGENTINA|3|1|8649.44|0.08|3|42531|42531|1009|1009|12
7|GERMANY|33|7|88970.53|0.02|33|6754|6754|1009|1009|12
12|JAPAN|43|12|50768.46|0.0|43|6754|6754|1009|1009|12
9|INDONESIA|51|9|1203.3|0.01|51|15747|15747|1009|1009|12
4|EGYPT|22|4|38086.3|0.08|22|15747|15747|1009|1009|12
9|INDONESIA|50|9|73125.28|0.09|50|15747|15747|1009|1009|12
16|MOZAMBIQUE|58|16|35410.85|0.0|58|15747|15747|1009|1009|12
12|JAPAN|43|12|13658.76|0.1|43|15747|15747|1009|1009|12
1|ARGENTINA|71|1|39093.6|0.08|71|805|805|1009|1009|12
14|KENYA|79|14|39250.05|0.07|79|805|805|1009|1009|12
9|INDONESIA|23|9|37114.5|0.07|23|805|805|1009|1009|12
7|GERMANY|53|7|15268.44|0.01|53|805|805|1009|1009|12
0|ALGERIA|28|0|15989.16|0.03|28|7940|7940|1009|1009|12
10|IRAN|9|10|17888.8|0.09|9|12130|12130|1009|1009|12
0|ALGERIA|24|0|88547.06|0.01|24|12130|12130|1009|1009|12
4|EGYPT|67|4|9614.29|0.05|67|12130|12130|1009|1009|12
24|UNITED STATES|49|24|16165.16|0.05|49|12130|12130|1009|1009|12
18|CHINA|41|18|58126.6|0.07|41|12130|12130|1009|1009|12
7|GERMANY|33|7|53924.42|0.09|33|22021|22021|1009|1009|12
9|INDONESIA|45|9|26571.31|0.04|45|22021|22021|1009|1009|12
15|MOROCCO|4|15|991.09|0.07|4|22021|22021|1009|1009|12
12|JAPAN|43|12|7513.0|0.1|43|22021|22021|1009|1009|12
15|MOROCCO|14|15|66368.05|0.08|14|35873|35873|1009|1009|12
8|INDIA|12|8|2170.36|0.0|12|28614|28614|934|934|12
8|INDIA|12|8|45840.96|0.08|12|28614|28614|934|934|12
4|EGYPT|38|4|26253.9|0.03|38|28614|28614|934|934|12
3|CANADA|20|3|59154.22|0.02|20|28614|28614|934|934|12
23|UNITED KINGDOM|66|23|24982.14|0.02|66|3300|3300|934|934|12
0|ALGERIA|24|0|2796.09|0.07|24|3300|3300|934|934|12
9|INDONESIA|23|9|31757.88|0.02|23|42752|42752|934|934|12
15|MOROCCO|4|15|5405.7|0.06|4|42752|42752|934|934|12
4|EGYPT|38|4|50977.65|0.03|38|42752|42752|934|934|12
17|PERU|57|17|60629.17|0.03|57|47271|47271|934|934|12
18|CHINA|72|18|25683.84|0.06|72|46660|46660|934|934|12
3|CANADA|13|3|40028.1|0.08|13|46660|46660|934|934|12
22|RUSSIA|65|22|36832.32|0.01|65|46660|46660|934|934|12
16|MOZAMBIQUE|30|16|938.03|0.07|30|46660|46660|934|934|12
22|RUSSIA|40|22|92315.02|0.02|40|26304|26304|901|901|12
24|UNITED STATES|46|24|63468.0|0.06|46|26304|26304|901|901|12
22|RUSSIA|65|22|37188.7|0.02|65|26304|26304|901|901|12
19|ROMANIA|17|19|53228.52|0.03|17|26304|26304|901|901|12
16|MOZAMBIQUE|31|16|39403.2|0.09|31|26304|26304|901|901|12
5|ETHIOPIA|2|5|13890.3|0.06|2|26304|26304|901|901|12
14|KENYA|6|14|53743.05|0.0|6|35457|35457|901|901|12
14|KENYA|48|14|13620.0|0.1|48|35457|35457|901|901|12
24|UNITED STATES|46|24|31324.2|0.03|46|35457|35457|901|901|12
1|ARGENTINA|29|1|46484.95|0.07|29|35457|35457|901|901|12
4|EGYPT|38|4|78622.72|0.09|38|35457|35457|901|901|12
1|ARGENTINA|71|1|3912.28|0.06|71|9638|9638|901|901|12
17|PERU|59|17|8889.48|0.03|59|9638|9638|901|901|12
2|BRAZIL|21|2|59776.32|0.06|21|9638|9638|901|901|12
8|INDIA|39|8|16587.5|0.0|39|9638|9638|901|901|12
8|INDIA|61|8|45175.68|0.1|61|8898|8898|901|901|12
23|UNITED KINGDOM|32|23|36289.15|0.1|32|8898|8898|901|901|12
17|PERU|1|17|11460.6|0.0|1|24482|24482|901|901|12
19|ROMANIA|62|19|57741.6|0.0|62|16386|16386|901|901|12
7|GERMANY|44|7|28319.7|0.05|44|14467|14467|901|901|12
23|UNITED KINGDOM|32|23|57129.16|0.01|32|14467|14467|901|901|12
3|CANADA|20|3|20485.92|0.0|20|14467|14467|901|901|12
16|MOZAMBIQUE|31|16|35870.16|0.02|31|14467|14467|901|901|12
17|PERU|1|17|23625.6|0.09|1|24006|24006|967|967|23
18|CHINA|27|18|44597.4|0.05|27|24006|24006|967|967|23
22|RUSSIA|42|22|42645.33|0.03|42|24006|24006|967|967|23
24|UNITED STATES|55|24|27721.9|0.03|55|41255|41255|967|967|23
16|MOZAMBIQUE|31|16|37129.95|0.05|31|41255|41255|967|967|23
20|SAUDI ARABIA|74|20|3216.51|0.1|74|41255|41255|967|967|23
24|UNITED STATES|55|24|44655.68|0.01|55|12578|12578|967|967|23
23|UNITED KINGDOM|66|23|30019.62|0.01|66|12578|12578|967|967|23
15|MOROCCO|14|15|20613.67|0.08|14|12578|12578|967|967|23
4|EGYPT|22|4|29733.0|0.08|22|2883|2883|967|967|23
22|RUSSIA|25|22|66340.97|0.05|25|2883|2883|967|967|23
13|JORDAN|36|13|51191.73|0.0|36|2883|2883|967|967|23
21|VIETNAM|68|21|38657.94|0.0|68|2883|2883|967|967|23
21|VIETNAM|35|21|52471.8|0.07|35|2883|2883|967|967|23
9|INDONESIA|50|9|25728.0|0.08|50|24704|24704|967|967|23
1|ARGENTINA|71|1|67153.03|0.1|71|2791|2791|967|967|23
14|KENYA|48|14|13902.64|0.02|48|2791|2791|967|967|23
17|PERU|57|17|29385.98|0.06|57|2791|2791|967|967|23
0|ALGERIA|24|0|5614.0|0.1|24|2791|2791|967|967|23
20|SAUDI ARABIA|74|20|27581.76|0.04|74|2791|2791|967|967|23
21|VIETNAM|80|21|21502.95|0.03|80|13382|13382|967|967|23
8|INDIA|61|8|36056.61|0.02|61|13382|13382|967|967|23
8|INDIA|60|8|959.05|0.09|60|13382|13382|967|967|23
14|KENYA|79|14|48426.06|0.05|79|18401|18401|967|967|23
24|UNITED STATES|64|24|23025.3|0.01|64|18401|18401|967|967|23
1|ARGENTINA|71|1|33285.75|0.1|71|27972|27972|967|967|23
17|PERU|59|17|26894.43|0.01|59|27972|27972|967|967|23
14|KENYA|79|14|1432.53|0.02|79|27972|27972|967|967|23
2|BRAZIL|21|2|52304.28|0.02|21|27972|27972|967|967|23
22|RUSSIA|16|22|21083.0|0.02|16|27972|27972|967|967|23
18|CHINA|75|18|42083.55|0.06|75|27972|27972|967|967|23
24|UNITED STATES|19|24|52164.9|0.0|19|33187|33187|967|967|23
1|ARGENTINA|3|1|58833.0|0.09|3|33187|33187|967|967|23
18|CHINA|11|18|5610.18|0.05|11|12997|12997|416|416|12
0|ALGERIA|24|0|7287.75|0.05|24|12997|12997|416|416|12
1|ARGENTINA|3|1|6601.28|0.04|3|12997|12997|416|416|12
3|CANADA|20|3|63621.51|0.05|20|41537|41537|416|416|12
23|UNITED KINGDOM|7|23|50784.34|0.06|7|5186|5186|416|416|12
7|GERMANY|44|7|41800.2|0.03|44|5186|5186|416|416|12
10|IRAN|9|10|50490.32|0.09|9|5186|5186|416|416|12
9|INDONESIA|45|9|54482.75|0.0|45|5186|5186|416|416|12
9|INDONESIA|23|9|65321.52|0.0|23|5186|5186|416|416|12
18|CHINA|75|18|12917.68|0.1|75|5186|5186|416|416|12
5|ETHIOPIA|2|5|29123.92|0.09|2|5186|5186|416|416|12
18|CHINA|11|18|2554.74|0.08|11|12199|12199|416|416|12
7|GERMANY|44|7|22662.64|0.06|44|12199|12199|416|416|12
8|INDIA|60|8|2943.24|0.03|60|12199|12199|416|416|12
21|VIETNAM|26|21|59495.08|0.05|26|12199|12199|416|416|12
14|KENYA|47|14|68624.5|0.08|47|12325|12325|778|778|23
21|VIETNAM|35|21|55262.83|0.08|35|46117|46117|778|778|23
24|UNITED STATES|49|24|27725.45|0.04|49|46117|46117|778|778|23
7|GERMANY|77|7|77180.27|0.1|77|768|768|778|778|23
23|UNITED KINGDOM|66|23|42417.54|0.01|66|768|768|778|778|23
10|IRAN|9|10|28441.2|0.06|9|768|768|778|778|23
14|KENYA|48|14|57273.84|0.06|48|768|768|778|778|23
9|INDONESIA|23|9|40559.03|0.1|23|768|768|778|778|23
2|BRAZIL|21|2|59801.39|0.06|21|768|768|778|778|23
24|UNITED STATES|64|24|2086.28|0.0|64|768|768|778|778|23
23|UNITED KINGDOM|66|23|29326.88|0.01|66|3393|3393|778|778|23
0|ALGERIA|37|0|70538.88|0.06|37|3393|3393|778|778|23
17|PERU|59|17|49040.54|0.07|59|3393|3393|778|778|23
17|PERU|59|17|41794.25|0.07|59|3393|3393|778|778|23
15|MOROCCO|14|15|23723.33|0.04|14|3393|3393|778|778|23
0|ALGERIA|24|0|83599.56|0.08|24|3393|3393|778|778|23
7|GERMANY|77|7|63680.98|0.09|77|43812|43812|778|778|23
23|UNITED KINGDOM|66|23|49151.9|0.01|66|43812|43812|778|778|23
21|VIETNAM|35|21|5204.49|0.09|35|43812|43812|778|778|23
8|INDIA|12|8|33705.54|0.0|12|43812|43812|778|778|23
8|INDIA|12|8|5990.36|0.1|12|47142|47142|778|778|23
3|CANADA|20|3|51931.44|0.01|20|47142|47142|778|778|23
3|CANADA|20|3|40378.29|0.02|20|47142|47142|778|778|23
4|EGYPT|69|4|38781.18|0.04|69|26145|26145|778|778|23
3|CANADA|13|3|40522.68|0.04|13|26145|26145|778|778|23
1|ARGENTINA|29|1|31859.02|0.1|29|26145|26145|778|778|23
23|UNITED KINGDOM|32|23|34055.82|0.05|32|26145|26145|778|778|23
23|UNITED KINGDOM|66|23|36219.6|0.07|66|14562|14562|778|778|23
8|INDIA|61|8|17256.87|0.1|61|14562|14562|778|778|23
21|VIETNAM|35|21|53358.0|0.08|35|14562|14562|778|778|23
24|UNITED STATES|64|24|15135.38|0.01|64|14562|14562|778|778|23
3|CANADA|13|3|35047.8|0.0|13|44673|44673|778|778|23
9|INDONESIA|45|9|1268.36|0.01|45|44673|44673|778|778|23
24|UNITED STATES|10|24|8156.82|0.03|10|44673|44673|778|778|23
22|RUSSIA|40|22|9102.73|0.09|40|30022|30022|217|217|23
4|EGYPT|67|4|15929.04|0.08|67|30022|30022|217|217|23
15|MOROCCO|4|15|8547.12|0.06|4|30022|30022|217|217|23
15|MOROCCO|4|15|59489.64|0.07|4|30022|30022|217|217|23
22|RUSSIA|16|22|13757.58|0.02|16|30022|30022|217|217|23
19|ROMANIA|52|19|2733.03|0.07|52|30022|30022|217|217|23
8|INDIA|60|8|15186.1|0.04|60|45986|45986|217|217|23
18|CHINA|27|18|16918.2|0.03|27|45986|45986|217|217|23
22|RUSSIA|16|22|43353.19|0.05|16|11777|11777|217|217|23
11|IRAQ|5|11|1256.35|0.07|5|9158|9158|217|217|23
13|JORDAN|36|13|44047.04|0.06|36|9158|9158|217|217|23
22|RUSSIA|42|22|40831.89|0.1|42|9158|9158|217|217|23
4|EGYPT|22|4|3720.08|0.01|22|1219|1219|217|217|23
1|ARGENTINA|3|1|5742.3|0.08|3|1219|1219|217|217|23
4|EGYPT|22|4|19270.58|0.06|22|12194|12194|217|217|23
24|UNITED STATES|19|24|37064.0|0.02|19|12194|12194|217|217|23
16|MOZAMBIQUE|58|16|8406.27|0.08|58|12481|12481|217|217|23
14|KENYA|47|14|22157.52|0.02|47|12481|12481|217|217|23
20|SAUDI ARABIA|74|20|21482.69|0.04|74|12481|12481|217|217|23
1|ARGENTINA|3|1|42848.08|0.09|3|12481|12481|217|217|23
7|GERMANY|77|7|38836.16|0.08|77|27233|27233|217|217|23
8|INDIA|60|8|34405.44|0.09|60|27233|27233|217|217|23
10|IRAN|9|10|57121.2|0.06|9|27233|27233|217|217|23
15|MOROCCO|14|15|9404.08|0.06|14|27233|27233|217|217|23
5|ETHIOPIA|63|5|64119.0|0.04|63|27233|27233|217|217|23
16|MOZAMBIQUE|56|16|40724.28|0.05|56|38214|38214|217|217|23
7|GERMANY|53|7|63083.83|0.0|53|38214|38214|217|217|23
16|MOZAMBIQUE|30|16|33300.3|0.03|30|9507|9507|415|415|23
22|RUSSIA|40|22|51299.66|0.07|40|5765|5765|415|415|23
17|PERU|59|17|25836.93|0.05|59|5765|5765|415|415|23
9|INDONESIA|45|9|37115.99|0.0|45|5765|5765|415|415|23
9|INDONESIA|23|9|61890.24|0.09|23|5765|5765|415|415|23
12|JAPAN|54|12|31251.1|0.05|54|5765|5765|415|415|23
14|KENYA|48|14|33092.16|0.0|48|33728|33728|415|415|23
21|VIETNAM|80|21|11804.87|0.01|80|32614|32614|415|415|23
3|CANADA|13|3|26236.84|0.03|13|32614|32614|415|415|23
16|MOZAMBIQUE|18|16|19260.54|0.05|18|32614|32614|415|415|23
12|JAPAN|54|12|46803.36|0.0|54|32614|32614|415|415|23
8|INDIA|39|8|80824.92|0.01|39|32614|32614|415|415|23
22|RUSSIA|16|22|8604.45|0.04|16|32614|32614|415|415|23
17|PERU|8|17|31755.32|0.08|8|14054|14054|415|415|23
17|PERU|1|17|19101.0|0.06|1|14054|14054|415|415|23
16|MOZAMBIQUE|73|16|41356.48|0.02|73|14054|14054|415|415|23
13|JORDAN|36|13|50214.0|0.09|36|14054|14054|415|415|23
18|CHINA|75|18|20939.23|0.05|75|14054|14054|415|415|23
5|ETHIOPIA|63|5|46787.06|0.06|63|14054|14054|415|415|23
5|ETHIOPIA|2|5|55184.4|0.1|2|14054|14054|415|415|23
8|INDIA|61|8|38087.48|0.05|61|10085|10085|415|415|23
14|KENYA|47|14|51364.6|0.08|47|10085|10085|415|415|23
24|UNITED STATES|46|24|48792.81|0.07|46|10085|10085|415|415|23
0|ALGERIA|28|0|26431.72|0.01|28|10085|10085|415|415|23
4|EGYPT|38|4|49420.47|0.06|38|10085|10085|415|415|23
17|PERU|1|17|52106.88|0.02|1|47751|47751|415|415|23
0|ALGERIA|37|0|29215.44|0.1|37|47751|47751|415|415|23
9|INDONESIA|23|9|55889.9|0.08|23|47751|47751|415|415|23
1|ARGENTINA|29|1|2418.6|0.08|29|47751|47751|415|415|23
23|UNITED KINGDOM|32|23|3135.32|0.0|32|47751|47751|415|415|23
8|INDIA|39|8|49788.2|0.05|39|47751|47751|415|415|23
18|CHINA|27|18|10099.98|0.1|27|47751|47751|415|415|23
3|CANADA|20|3|36966.93|0.08|20|9607|9607|514|514|23
7|GERMANY|44|7|34670.16|0.08|44|31847|31847|514|514|23
22|RUSSIA|25|22|56549.4|0.0|25|31847|31847|514|514|23
21|VIETNAM|68|21|20265.56|0.03|68|31847|31847|514|514|23
1|ARGENTINA|29|1|36519.3|0.04|29|31847|31847|514|514|23
12|JAPAN|43|12|42044.8|0.06|43|31847|31847|514|514|23
24|UNITED STATES|64|24|8673.44|0.04|64|31847|31847|514|514|23
5|ETHIOPIA|63|5|75138.43|0.1|63|31847|31847|514|514|23
14|KENYA|6|14|36056.61|0.0|6|35716|35716|514|514|23
23|UNITED KINGDOM|66|23|22504.4|0.04|66|6562|6562|514|514|23
8|INDIA|60|8|50147.13|0.0|60|6562|6562|514|514|23
15|MOROCCO|14|15|9090.99|0.09|14|6562|6562|514|514|23
10|IRAN|34|10|34620.74|0.04|34|6562|6562|514|514|23
24|UNITED STATES|49|24|25715.55|0.06|49|6562|6562|514|514|23
1|ARGENTINA|3|1|57121.2|0.1|3|6562|6562|514|514|23
21|VIETNAM|26|21|27507.48|0.06|26|9216|9216|514|514|23
0|ALGERIA|24|0|41454.58|0.0|24|9216|9216|514|514|23
16|MOZAMBIQUE|30|16|43911.81|0.0|30|9216|9216|514|514|23
8|INDIA|15|8|51456.99|0.05|15|24131|24131|514|514|23
22|RUSSIA|42|22|46609.5|0.08|42|24131|24131|514|514|23
7|GERMANY|33|7|66818.84|0.01|33|15684|15684|514|514|23
21|VIETNAM|26|21|77907.9|0.02|26|15684|15684|514|514|23
10|IRAN|34|10|52159.77|0.07|34|15684|15684|514|514|23
4|EGYPT|38|4|49638.24|0.04|38|15684|15684|514|514|23
14|KENYA|6|14|39312.3|0.04|6|38852|38852|514|514|23
6|FRANCE|70|6|28086.24|0.0|70|38852|38852|514|514|23
5|ETHIOPIA|63|5|62836.62|0.02|63|38852|38852|514|514|23
7|GERMANY|44|7|54188.72|0.1|44|45376|45376|514|514|23
9|INDONESIA|50|9|39818.86|0.07|50|45376|45376|514|514|23
10|IRAN|9|10|51799.86|0.09|9|45376|45376|514|514|23
8|INDIA|12|8|6943.5|0.0|12|45376|45376|514|514|23
16|MOZAMBIQUE|18|16|18686.34|0.03|18|45376|45376|514|514|23
14|KENYA|76|14|14643.72|0.03|76|45376|45376|514|514|23
23|UNITED KINGDOM|32|23|35388.85|0.07|32|45376|45376|514|514|23
14|KENYA|6|14|32220.32|0.03|6|11584|11584|514|514|23
3|CANADA|13|3|32002.88|0.09|13|11584|11584|514|514|23
19|ROMANIA|17|19|36263.75|0.01|17|11584|11584|514|514|23
7|GERMANY|77|7|41919.78|0.06|77|7876|7876|1081|1081|12
7|GERMANY|77|7|42633.25|0.1|77|7876|7876|1081|1081|12
9|INDONESIA|50|9|16474.02|0.07|50|40961|40961|1081|1081|12
18|CHINA|27|18|27077.21|0.04|27|40961|40961|1081|1081|12
19|ROMANIA|17|19|39928.02|0.04|17|7111|7111|1081|1081|12
3|CANADA|13|3|44146.76|0.06|13|18054|18054|1081|1081|12
24|UNITED STATES|10|24|80912.92|0.03|10|24100|24100|1081|1081|12
20|SAUDI ARABIA|74|20|59132.37|0.03|74|28711|28711|1081|1081|12
17|PERU|8|17|9620.6|0.05|8|15105|15105|1081|1081|12
9|INDONESIA|51|9|33676.54|0.07|51|25028|25028|349|349|23
1|ARGENTINA|71|1|4685.08|0.04|71|25028|25028|349|349|23
24|UNITED STATES|10|24|20256.6|0.08|10|25028|25028|349|349|23
12|JAPAN|43|12|35852.62|0.09|43|25028|25028|349|349|23
22|RUSSIA|16|22|62226.0|0.07|16|25028|25028|349|349|23
23|UNITED KINGDOM|66|23|43110.82|0.06|66|740|740|349|349|23
1|ARGENTINA|71|1|20020.22|0.1|71|740|740|349|349|23
18|CHINA|41|18|49788.2|0.0|41|740|740|349|349|23
14|KENYA|6|14|32962.86|0.02|6|24357|24357|349|349|23
7|GERMANY|33|7|59948.24|0.01|33|24357|24357|349|349|23
10|IRAN|9|10|36603.6|0.07|9|24357|24357|349|349|23
2|BRAZIL|21|2|2961.16|0.06|21|24357|24357|349|349|23
22|RUSSIA|40|22|33911.64|0.1|40|22533|22533|349|349|23
4|EGYPT|22|4|4991.28|0.06|22|22533|22533|349|349|23
6|FRANCE|70|6|28799.62|0.05|70|22533|22533|349|349|23
17|PERU|59|17|59800.9|0.07|59|22533|22533|349|349|23
7|GERMANY|53|7|30134.77|0.01|53|22533|22533|349|349|23
15|MOROCCO|14|15|40222.84|0.03|14|38439|38439|349|349|23
2|BRAZIL|21|2|6961.56|0.05|21|38439|38439|349|349|23
1|ARGENTINA|3|1|38709.44|0.08|3|38439|38439|349|349|23
17|PERU|1|17|41625.0|0.05|1|10887|10887|349|349|23
18|CHINA|27|18|60139.35|0.04|27|40355|40355|349|349|23
11|IRAQ|5|11|50083.88|0.03|5|9121|9121|349|349|23
20|SAUDI ARABIA|74|20|30783.6|0.02|74|9121|9121|349|349|23
17|PERU|1|17|68283.15|0.1|1|5729|5729|349|349|23
4|EGYPT|38|4|5193.56|0.02|38|20161|20161|349|349|23
22|RUSSIA|42|22|39114.24|0.01|42|20161|20161|349|349|23
4|EGYPT|69|4|40303.2|0.03|69|15874|15874|349|349|23
13|JORDAN|36|13|42309.72|0.03|36|15874|15874|349|349|23
17|PERU|1|17|30125.13|0.07|1|17382|17382|338|338|23
23|UNITED KINGDOM|66|23|58713.69|0.05|66|17382|17382|338|338|23
3|CANADA|20|3|7007.5|0.03|20|17382|17382|338|338|23
18|CHINA|41|18|68432.4|0.02|41|17382|17382|338|338|23
21|VIETNAM|26|21|93498.0|0.03|26|25158|25158|338|338|23
16|MOZAMBIQUE|18|16|46406.88|0.09|18|25158|25158|338|338|23
24|UNITED STATES|49|24|55410.0|0.09|49|25158|25158|338|338|23
1|ARGENTINA|3|1|12469.32|0.1|3|25158|25158|338|338|23
9|INDONESIA|23|9|7407.8|0.04|23|16678|16678|338|338|23
1|ARGENTINA|29|1|12045.87|0.0|29|16678|16678|338|338|23
14|KENYA|79|14|2958.24|0.01|79|11332|11332|338|338|23
23|UNITED KINGDOM|32|23|6532.0|0.08|32|11332|11332|338|338|23
12|JAPAN|43|12|15016.5|0.05|43|11332|11332|338|338|23
14|KENYA|6|14|17336.62|0.06|6|5349|5349|536|536|12
1|ARGENTINA|29|1|5568.12|0.1|29|5349|5349|536|536|12
22|RUSSIA|42|22|21702.56|0.06|42|5349|5349|536|536|12
17|PERU|1|17|64047.2|0.08|1|30276|30276|799|799|12
8|INDIA|60|8|39550.29|0.08|60|30276|30276|799|799|12
21|VIETNAM|68|21|4225.5|0.04|68|30276|30276|799|799|12
8|INDIA|12|8|38760.92|0.1|12|30276|30276|799|799|12
18|CHINA|41|18|51300.99|0.01|41|30276|30276|799|799|12
17|PERU|57|17|30182.5|0.01|57|22017|22017|799|799|12
16|MOZAMBIQUE|18|16|53299.61|0.08|18|22017|22017|799|799|12
16|MOZAMBIQUE|30|16|40250.84|0.07|30|35558|35558|799|799|12
11|IRAQ|5|11|22183.68|0.03|5|33219|33219|799|799|12
19|ROMANIA|62|19|15316.2|0.08|62|33219|33219|799|799|12
1|ARGENTINA|29|1|44998.05|0.08|29|33219|33219|799|799|12
23|UNITED KINGDOM|32|23|59449.94|0.06|32|33219|33219|799|799|12
22|RUSSIA|65|22|10846.88|0.03|65|33219|33219|799|799|12
19|ROMANIA|17|19|33160.5|0.05|17|33219|33219|799|799|12
22|RUSSIA|16|22|36032.01|0.04|16|10626|10626|799|799|12
24|UNITED STATES|10|24|27228.9|0.07|10|15681|15681|799|799|12
24|UNITED STATES|10|24|50521.32|0.02|10|15681|15681|799|799|12
20|SAUDI ARABIA|74|20|43150.08|0.09|74|15681|15681|799|799|12
14|KENYA|47|14|8345.12|0.07|47|12482|12482|799|799|12
0|ALGERIA|24|0|81175.5|0.1|24|12482|12482|799|799|12
8|INDIA|12|8|73637.6|0.05|12|12482|12482|799|799|12
16|MOZAMBIQUE|18|16|10351.3|0.03|18|12482|12482|799|799|12
16|MOZAMBIQUE|31|16|50505.5|0.1|31|12482|12482|799|799|12
24|UNITED STATES|46|24|23791.33|0.08|46|41670|41670|799|799|12
2|BRAZIL|21|2|17878.8|0.07|21|41670|41670|799|799|12
18|CHINA|75|18|9818.56|0.05|75|41670|41670|799|799|12
18|CHINA|41|18|57939.92|0.0|41|41670|41670|799|799|12
4|EGYPT|69|4|65184.3|0.08|69|4769|4769|964|964|12
0|ALGERIA|24|0|18788.32|0.08|24|4769|4769|964|964|12
9|INDONESIA|45|9|26908.35|0.07|45|4769|4769|964|964|12
9|INDONESIA|23|9|47753.0|0.06|23|4769|4769|964|964|12
2|BRAZIL|21|2|45805.32|0.1|21|4769|4769|964|964|12
17|PERU|8|17|49589.75|0.04|8|1763|1763|964|964|12
17|PERU|8|17|13964.21|0.03|8|1763|1763|964|964|12
17|PERU|1|17|60829.12|0.04|1|1763|1763|964|964|12
17|PERU|57|17|17507.04|0.06|57|1763|1763|964|964|12
16|MOZAMBIQUE|18|16|3114.39|0.05|18|1763|1763|964|964|12
6|FRANCE|70|6|25899.16|0.02|70|8229|8229|964|964|12
17|PERU|59|17|4900.35|0.09|59|8229|8229|964|964|12
22|RUSSIA|25|22|47781.43|0.1|25|8229|8229|964|964|12
5|ETHIOPIA|78|5|29533.68|0.06|78|8229|8229|964|964|12
9|INDONESIA|51|9|69574.5|0.05|51|16519|16519|964|964|12
8|INDIA|60|8|26384.38|0.04|60|16519|16519|964|964|12
14|KENYA|47|14|31427.44|0.0|47|16519|16519|964|964|12
14|KENYA|48|14|21252.46|0.08|48|6560|6560|964|964|12
14|KENYA|76|14|53838.72|0.02|76|6560|6560|964|964|12
24|UNITED STATES|49|24|30906.0|0.07|49|6560|6560|964|964|12
4|EGYPT|38|4|46232.31|0.0|38|6560|6560|964|964|12
16|MOZAMBIQUE|31|16|44380.98|0.05|31|6560|6560|964|964|12
18|CHINA|41|18|57852.8|0.1|41|6560|6560|964|964|12
5|ETHIOPIA|63|5|62572.05|0.1|63|6560|6560|964|964|12
22|RUSSIA|40|22|60665.5|0.06|40|36835|36835|964|964|12
23|UNITED KINGDOM|66|23|1218.31|0.05|66|36835|36835|964|964|12
10|IRAN|34|10|5546.0|0.07|34|36835|36835|964|964|12
22|RUSSIA|16|22|69351.79|0.02|16|36835|36835|964|964|12
4|EGYPT|38|4|42921.2|0.0|38|33473|33473|964|964|12
16|MOZAMBIQUE|56|16|43727.6|0.03|56|10023|10023|964|964|12
21|VIETNAM|26|21|11468.24|0.09|26|43013|43013|205|205|12
3|CANADA|13|3|50544.9|0.06|13|43013|43013|205|205|12
3|CANADA|13|3|24591.18|0.0|13|43013|43013|205|205|12
7|GERMANY|53|7|61666.5|0.05|53|43013|43013|205|205|12
24|UNITED STATES|64|24|9430.4|0.08|64|43013|43013|205|205|12
16|MOZAMBIQUE|30|16|5189.46|0.01|30|43013|43013|205|205|12
1|ARGENTINA|3|1|39122.16|0.08|3|43013|43013|205|205|12
21|VIETNAM|80|21|16460.28|0.07|80|36996|36996|205|205|12
8|INDIA|39|8|1986.18|0.05|39|31783|31783|205|205|12
1|ARGENTINA|71|1|5580.18|0.08|71|3522|3522|205|205|12
21|VIETNAM|80|21|9677.36|0.08|80|14848|14848|205|205|12
9|INDONESIA|51|9|52876.62|0.02|51|14848|14848|205|205|12
8|INDIA|60|8|4705.08|0.0|60|14848|14848|205|205|12
22|RUSSIA|25|22|5115.6|0.1|25|14848|14848|205|205|12
18|CHINA|72|18|5435.9|0.08|72|41857|41857|205|205|12
21|VIETNAM|26|21|6276.84|0.09|26|41857|41857|205|205|12
4|EGYPT|69|4|13434.4|0.08|69|41857|41857|205|205|12
14|KENYA|79|14|33228.72|0.02|79|41857|41857|205|205|12
12|JAPAN|54|12|58856.73|0.04|54|41857|41857|205|205|12
17|PERU|1|17|32760.0|0.05|1|4709|4709|205|205|12
13|JORDAN|36|13|27379.75|0.03|36|4709|4709|205|205|12
14|KENYA|6|14|40272.93|0.1|6|46657|46657|469|469|12
19|ROMANIA|62|19|22513.79|0.08|62|46657|46657|469|469|12
7|GERMANY|44|7|24267.84|0.08|44|46657|46657|469|469|12
24|UNITED STATES|55|24|60584.4|0.04|55|46657|46657|469|469|12
8|INDIA|12|8|9538.32|0.0|12|46657|46657|469|469|12
16|MOZAMBIQUE|18|16|16253.27|0.06|18|46657|46657|469|469|12
19|ROMANIA|62|19|14757.99|0.04|62|40641|40641|469|469|12
22|RUSSIA|40|22|4881.24|0.09|40|40641|40641|469|469|12
21|VIETNAM|26|21|39318.84|0.06|26|40641|40641|469|469|12
19|ROMANIA|17|19|27140.19|0.07|17|40641|40641|469|469|12
4|EGYPT|22|4|5135.43|0.08|22|33671|33671|469|469|12
17|PERU|59|17|28896.0|0.06|59|33671|33671|469|469|12
24|UNITED STATES|19|24|31942.49|0.05|19|33671|33671|469|469|12
24|UNITED STATES|49|24|10861.8|0.04|49|33671|33671|469|469|12
17|PERU|1|17|17186.72|0.07|1|24545|24545|937|937|23
0|ALGERIA|24|0|34357.62|0.08|24|24545|24545|937|937|23
4|EGYPT|67|4|45451.56|0.03|67|24545|24545|937|937|23
19|ROMANIA|17|19|58938.73|0.08|17|24545|24545|937|937|23
5|ETHIOPIA|2|5|62481.6|0.05|2|24545|24545|937|937|23
7|GERMANY|44|7|4092.48|0.1|44|8037|8037|937|937|23
7|GERMANY|77|7|41331.36|0.03|77|8037|8037|937|937|23
9|INDONESIA|50|9|43632.0|0.02|50|8037|8037|937|937|23
22|RUSSIA|42|22|40818.46|0.08|42|8037|8037|937|937|23
18|CHINA|11|18|37637.34|0.1|11|16100|16100|937|937|23
7|GERMANY|44|7|42577.57|0.09|44|16100|16100|937|937|23
21|VIETNAM|26|21|30104.13|0.0|26|16100|16100|937|937|23
21|VIETNAM|35|21|70781.49|0.05|35|16100|16100|937|937|23
9|INDONESIA|45|9|25778.25|0.03|45|16100|16100|937|937|23
22|RUSSIA|16|22|7411.98|0.07|16|16100|16100|937|937|23
1|ARGENTINA|3|1|25029.54|0.08|3|16100|16100|937|937|23
9|INDONESIA|51|9|36719.48|0.08|51|35488|35488|937|937|23
9|INDONESIA|51|9|73758.24|0.05|51|35488|35488|937|937|23
8|INDIA|61|8|46910.23|0.0|61|35488|35488|937|937|23
6|FRANCE|70|6|12673.8|0.04|70|35488|35488|937|937|23
24|UNITED STATES|49|24|25984.56|0.0|49|35488|35488|937|937|23
18|CHINA|27|18|64369.0|0.09|27|35488|35488|937|937|23
8|INDIA|61|8|62067.0|0.05|61|2114|2114|629|629|12
4|EGYPT|38|4|35944.48|0.02|38|2114|2114|629|629|12
19|ROMANIA|52|19|29907.25|0.07|52|2114|2114|629|629|12
4|EGYPT|22|4|18019.8|0.06|22|24160|24160|629|629|12
0|ALGERIA|24|0|65378.6|0.0|24|24160|24160|629|629|12
22|RUSSIA|65|22|22420.42|0.0|65|32673|32673|815|815|12
14|KENYA|47|14|15486.77|0.06|47|10564|10564|815|815|12
16|MOZAMBIQUE|18|16|3631.82|0.02|18|10564|10564|815|815|12
18|CHINA|27|18|28113.36|0.04|27|10564|10564|815|815|12
16|MOZAMBIQUE|31|16|24251.75|0.0|31|10564|10564|815|815|12
19|ROMANIA|62|19|6342.0|0.04|62|3492|3492|815|815|12
7|GERMANY|77|7|88029.59|0.09|77|3492|3492|815|815|12
14|KENYA|79|14|32315.1|0.02|79|3492|3492|815|815|12
23|UNITED KINGDOM|7|23|9592.14|0.1|7|45156|45156|815|815|12
18|CHINA|72|18|48997.36|0.06|72|45156|45156|815|815|12
24|UNITED STATES|46|24|36134.4|0.05|46|45156|45156|815|815|12
2|BRAZIL|21|2|18564.16|0.03|21|45156|45156|815|815|12
14|KENYA|76|14|3576.87|0.04|76|45156|45156|815|815|12
13|JORDAN|36|13|54338.88|0.06|36|41797|41797|605|605|23
16|MOZAMBIQUE|56|16|78562.8|0.06|56|41797|41797|605|605|23
0|ALGERIA|37|0|42320.72|0.01|37|12834|12834|605|605|23
14|KENYA|47|14|47225.69|0.06|47|12834|12834|605|605|23
14|KENYA|76|14|31791.02|0.01|76|12834|12834|605|605|23
19|ROMANIA|17|19|22253.94|0.04|17|12834|12834|605|605|23
5|ETHIOPIA|63|5|29375.92|0.06|63|12834|12834|605|605|23
24|UNITED STATES|10|24|53890.81|0.09|10|11397|11397|605|605|23
5|ETHIOPIA|2|5|69561.53|0.1|2|34439|34439|836|836|12
13|JORDAN|36|13|11862.8|0.1|36|35941|35941|748|748|23
9|INDONESIA|51|9|60969.32|0.04|51|14979|14979|748|748|23
22|RUSSIA|40|22|23695.05|0.0|40|14979|14979|748|748|23
22|RUSSIA|40|22|7492.95|0.1|40|33700|33700|748|748|23
21|VIETNAM|68|21|28983.02|0.01|68|33700|33700|748|748|23
16|MOZAMBIQUE|56|16|54202.56|0.03|56|33700|33700|748|748|23
8|INDIA|60|8|44620.84|0.05|60|2690|2690|748|748|23
1|ARGENTINA|71|1|53536.7|0.05|71|2690|2690|748|748|23
10|IRAN|9|10|65420.0|0.03|9|2690|2690|748|748|23
0|ALGERIA|37|0|17490.6|0.04|37|2690|2690|748|748|23
0|ALGERIA|37|0|85364.55|0.02|37|2690|2690|748|748|23
14|KENYA|47|14|47480.4|0.01|47|2690|2690|748|748|23
3|CANADA|20|3|4219.5|0.07|20|2690|2690|748|748|23
23|UNITED KINGDOM|7|23|33050.96|0.06|7|14567|14567|847|847|23
13|JORDAN|36|13|6132.72|0.08|36|14567|14567|847|847|23
22|RUSSIA|42|22|29519.35|0.07|42|14567|14567|847|847|23
16|MOZAMBIQUE|31|16|28013.6|0.03|31|14567|14567|847|847|23
16|MOZAMBIQUE|30|16|48859.36|0.03|30|14567|14567|847|847|23
4|EGYPT|22|4|22920.66|0.07|22|4194|4194|847|847|23
7|GERMANY|33|7|47059.8|0.05|33|24229|24229|847|847|23
24|UNITED STATES|55|24|51798.72|0.05|55|24229|24229|847|847|23
16|MOZAMBIQUE|56|16|19928.59|0.0|56|24229|24229|847|847|23
19|ROMANIA|17|19|79034.0|0.07|17|24229|24229|847|847|23
16|MOZAMBIQUE|31|16|47241.09|0.05|31|24229|24229|847|847|23
18|CHINA|75|18|53592.62|0.04|75|20736|20736|847|847|23
17|PERU|1|17|20161.26|0.09|1|12836|12836|847|847|23
7|GERMANY|77|7|41185.32|0.06|77|12836|12836|847|847|23
8|INDIA|61|8|1367.46|0.04|61|12836|12836|847|847|23
4|EGYPT|69|4|82022.4|0.07|69|12836|12836|847|847|23
9|INDONESIA|23|9|29854.86|0.04|23|12836|12836|847|847|23
5|ETHIOPIA|63|5|45192.18|0.03|63|12836|12836|847|847|23
5|ETHIOPIA|63|5|19058.9|0.01|63|12836|12836|847|847|23
17|PERU|59|17|61256.13|0.07|59|44484|44484|847|847|23
17|PERU|59|17|73355.74|0.04|59|44484|44484|847|847|23
13|JORDAN|36|13|83889.36|0.07|36|44484|44484|847|847|23
24|UNITED STATES|46|24|17001.53|0.01|46|44484|44484|847|847|23
21|VIETNAM|35|21|73777.88|0.08|35|44484|44484|847|847|23
2|BRAZIL|21|2|11451.33|0.06|21|44484|44484|847|847|23
19|ROMANIA|17|19|15617.12|0.0|17|44484|44484|847|847|23
16|MOZAMBIQUE|58|16|2994.27|0.1|58|19713|19713|847|847|23
1|ARGENTINA|29|1|30080.4|0.0|29|19713|19713|847|847|23
7|GERMANY|33|7|24336.4|0.03|33|14852|14852|847|847|23
20|SAUDI ARABIA|74|20|9289.17|0.05|74|14852|14852|847|847|23
14|KENYA|6|14|30833.6|0.04|6|32288|32288|886|886|12
18|CHINA|72|18|28393.03|0.08|72|32288|32288|886|886|12
24|UNITED STATES|46|24|51630.32|0.02|46|32288|32288|886|886|12
22|RUSSIA|65|22|47898.17|0.04|65|32288|32288|886|886|12
3|CANADA|20|3|57859.62|0.04|20|32288|32288|886|886|12
19|ROMANIA|52|19|11112.1|0.04|52|32288|32288|886|886|12
9|INDONESIA|23|9|73249.44|0.08|23|39748|39748|886|886|12
10|IRAN|9|10|23169.6|0.0|9|39968|39968|886|886|12
16|MOZAMBIQUE|56|16|44507.88|0.04|56|39968|39968|886|886|12
23|UNITED KINGDOM|32|23|12819.04|0.01|32|39968|39968|886|886|12
24|UNITED STATES|64|24|57932.1|0.04|64|39968|39968|886|886|12
20|SAUDI ARABIA|74|20|3546.84|0.07|74|39968|39968|886|886|12
18|CHINA|41|18|86429.71|0.09|41|39968|39968|886|886|12
13|JORDAN|36|13|18139.5|0.09|36|5570|5570|886|886|12
10|IRAN|34|10|43892.36|0.08|34|5570|5570|886|886|12
14|KENYA|76|14|39888.63|0.02|76|5570|5570|886|886|12
9|INDONESIA|51|9|81460.02|0.0|51|16096|16096|886|886|12
23|UNITED KINGDOM|66|23|44117.97|0.03|66|16096|16096|886|886|12
18|CHINA|72|18|69879.34|0.08|72|16096|16096|886|886|12
17|PERU|59|17|13181.04|0.03|59|16096|16096|886|886|12
8|INDIA|12|8|23705.6|0.01|12|16096|16096|886|886|12
9|INDONESIA|23|9|40779.84|0.1|23|16096|16096|886|886|12
18|CHINA|11|18|9946.72|0.06|11|27298|27298|886|886|12
15|MOROCCO|14|15|10686.34|0.08|14|27298|27298|886|886|12
9|INDONESIA|45|9|26433.12|0.03|45|27298|27298|886|886|12
18|CHINA|75|18|27522.16|0.05|75|27298|27298|886|886|12
1|ARGENTINA|3|1|5229.6|0.03|3|27298|27298|886|886|12
21|VIETNAM|26|21|7242.7|0.07|26|22023|22023|886|886|12
17|PERU|8|17|27810.6|0.03|8|24070|24070|985|985|23
17|PERU|8|17|1864.06|0.08|8|24070|24070|985|985|23
6|FRANCE|70|6|8689.38|0.03|70|24070|24070|985|985|23
14|KENYA|48|14|21275.32|0.0|48|24070|24070|985|985|23
8|INDIA|12|8|4116.48|0.03|12|24070|24070|985|985|23
2|BRAZIL|21|2|42909.12|0.01|21|24070|24070|985|985|23
19|ROMANIA|52|19|17479.26|0.07|52|24070|24070|985|985|23
9|INDONESIA|23|9|56008.8|0.09|23|2469|2469|985|985|23
17|PERU|59|17|5545.92|0.1|59|7494|7494|985|985|23
14|KENYA|47|14|58142.48|0.07|47|7494|7494|985|985|23
16|MOZAMBIQUE|73|16|60930.33|0.03|73|25095|25095|985|985|23
16|MOZAMBIQUE|58|16|15662.1|0.1|58|25095|25095|985|985|23
13|JORDAN|36|13|63081.62|0.01|36|25095|25095|985|985|23
9|INDONESIA|45|9|26939.56|0.03|45|25095|25095|985|985|23
22|RUSSIA|65|22|46662.74|0.07|65|25095|25095|985|985|23
5|ETHIOPIA|2|5|20702.88|0.06|2|25095|25095|985|985|23
9|INDONESIA|51|9|78803.52|0.09|51|19138|19138|985|985|23
23|UNITED KINGDOM|66|23|35401.38|0.02|66|19138|19138|985|985|23
16|MOZAMBIQUE|58|16|7583.05|0.01|58|19138|19138|985|985|23
17|PERU|57|17|15881.04|0.06|57|19138|19138|985|985|23
24|UNITED STATES|19|24|14998.06|0.07|19|19138|19138|985|985|23
16|MOZAMBIQUE|73|16|14102.88|0.04|73|12068|12068|985|985|23
0|ALGERIA|37|0|12389.12|0.09|37|12068|12068|985|985|23
1|ARGENTINA|71|1|37832.73|0.0|71|44068|44068|985|985|23
0|ALGERIA|24|0|71497.44|0.02|24|44068|44068|985|985|23
9|INDONESIA|45|9|56588.73|0.05|45|44068|44068|985|985|23
18|CHINA|41|18|31747.98|0.02|41|44068|44068|985|985|23
17|PERU|1|17|7183.74|0.03|1|12323|12323|742|742|12
1|ARGENTINA|71|1|58932.3|0.09|71|12323|12323|742|742|12
0|ALGERIA|37|0|35841.1|0.0|37|12323|12323|742|742|12
9|INDONESIA|45|9|18055.2|0.0|45|12323|12323|742|742|12
2|BRAZIL|21|2|1849.94|0.04|21|12323|12323|742|742|12
18|CHINA|41|18|5361.76|0.02|41|12323|12323|742|742|12
6|FRANCE|70|6|6294.84|0.07|70|35238|35238|742|742|12
13|JORDAN|36|13|63101.5|0.05|36|35238|35238|742|742|12
3|CANADA|13|3|19717.28|0.03|13|35238|35238|742|742|12
4|EGYPT|67|4|42745.36|0.04|67|35238|35238|742|742|12
12|JAPAN|54|12|8064.8|0.02|54|35238|35238|742|742|12
18|CHINA|41|18|38872.76|0.09|41|35238|35238|742|742|12
21|VIETNAM|80|21|29154.78|0.04|80|42885|42885|742|742|12
0|ALGERIA|24|0|14451.6|0.03|24|42885|42885|742|742|12
16|MOZAMBIQUE|58|16|23025.0|0.02|58|9059|9059|742|742|12
16|MOZAMBIQUE|58|16|27197.52|0.05|58|9059|9059|742|742|12
16|MOZAMBIQUE|58|16|56161.0|0.06|58|9059|9059|742|742|12
24|UNITED STATES|19|24|7970.52|0.0|19|9059|9059|742|742|12
18|CHINA|27|18|46942.59|0.1|27|9059|9059|742|742|12
15|MOROCCO|14|15|75343.38|0.1|14|16032|16032|742|742|12
16|MOZAMBIQUE|58|16|62247.74|0.05|58|16032|16032|742|742|12
16|MOZAMBIQUE|18|16|31441.22|0.09|18|16032|16032|742|742|12
21|VIETNAM|26|21|27939.03|0.06|26|14592|14592|742|742|12
14|KENYA|47|14|26489.12|0.0|47|14592|14592|742|742|12
12|JAPAN|43|12|65156.4|0.08|43|14592|14592|742|742|12
23|UNITED KINGDOM|66|23|1447.54|0.01|66|16993|16993|742|742|12
13|JORDAN|36|13|54338.88|0.01|36|16993|16993|742|742|12
17|PERU|57|17|26769.4|0.06|57|16993|16993|742|742|12
22|RUSSIA|65|22|34168.34|0.03|65|16993|16993|742|742|12
3|CANADA|20|3|14704.16|0.0|20|16993|16993|742|742|12
20|SAUDI ARABIA|74|20|9394.16|0.05|74|16993|16993|742|742|12
18|CHINA|41|18|26989.88|0.02|41|16993|16993|742|742|12
18|CHINA|11|18|21436.18|0.02|11|23301|23301|830|830|23
9|INDONESIA|23|9|45800.44|0.0|23|23301|23301|830|830|23
0|ALGERIA|28|0|40770.96|0.09|28|23301|23301|830|830|23
8|INDIA|61|8|74079.0|0.06|61|38118|38118|830|830|23
8|INDIA|12|8|5245.64|0.04|12|38118|38118|830|830|23
11|IRAQ|5|11|41796.88|0.09|5|13665|13665|830|830|23
16|MOZAMBIQUE|73|16|22616.16|0.02|73|13665|13665|830|830|23
9|INDONESIA|51|9|31813.8|0.04|51|13665|13665|830|830|23
7|GERMANY|77|7|13764.7|0.06|77|13665|13665|830|830|23
4|EGYPT|69|4|37210.2|0.01|69|13665|13665|830|830|23
14|KENYA|79|14|5061.44|0.04|79|13665|13665|830|830|23
23|UNITED KINGDOM|66|23|32945.7|0.09|66|27073|27073|830|830|23
21|VIETNAM|80|21|18759.7|0.07|80|31425|31425|830|830|23
8|INDIA|60|8|25508.08|0.03|60|31425|31425|830|830|23
12|JAPAN|54|12|28370.94|0.09|54|31425|31425|830|830|23
18|CHINA|11|18|63598.47|0.07|11|4801|4801|698|698|23
4|EGYPT|67|4|50818.39|0.1|67|4801|4801|698|698|23
14|KENYA|76|14|7103.48|0.04|76|4801|4801|698|698|23
22|RUSSIA|65|22|37474.8|0.03|65|4801|4801|698|698|23
11|IRAQ|5|11|31962.32|0.07|5|42368|42368|698|698|23
22|RUSSIA|40|22|49427.04|0.05|40|42368|42368|698|698|23
9|INDONESIA|45|9|23365.99|0.1|45|42368|42368|698|698|23
7|GERMANY|77|7|27858.41|0.09|77|35555|35555|961|961|12
4|EGYPT|22|4|30033.0|0.03|22|35555|35555|961|961|12
14|KENYA|76|14|11226.06|0.1|76|35555|35555|961|961|12
16|MOZAMBIQUE|30|16|55196.9|0.08|30|35555|35555|961|961|12
21|VIETNAM|80|21|23570.16|0.09|80|47459|47459|961|961|12
10|IRAN|9|10|42986.08|0.06|9|47459|47459|961|961|12
0|ALGERIA|37|0|37930.8|0.05|37|47459|47459|961|961|12
23|UNITED KINGDOM|7|23|46977.56|0.07|7|9702|9702|961|961|12
17|PERU|1|17|13959.26|0.05|1|9702|9702|961|961|12
9|INDONESIA|51|9|8919.81|0.09|51|9702|9702|961|961|12
7|GERMANY|77|7|28091.88|0.09|77|9702|9702|961|961|12
21|VIETNAM|26|21|5996.45|0.08|26|9702|9702|961|961|12
23|UNITED KINGDOM|32|23|42484.88|0.06|32|9702|9702|961|961|12
24|UNITED STATES|10|24|19043.57|0.04|10|9702|9702|961|961|12
7|GERMANY|33|7|31138.24|0.07|33|2882|2882|961|961|12
8|INDIA|61|8|41029.47|0.06|61|2882|2882|961|961|12
22|RUSSIA|16|22|42849.53|0.1|16|2882|2882|961|961|12
7|GERMANY|53|7|74856.43|0.06|53|2882|2882|961|961|12
19|ROMANIA|52|19|13034.42|0.09|52|2882|2882|961|961|12
5|ETHIOPIA|2|5|36879.6|0.0|2|2882|2882|961|961|12
9|INDONESIA|51|9|55533.8|0.03|51|47618|47618|961|961|12
4|EGYPT|22|4|47170.92|0.08|22|47618|47618|961|961|12
24|UNITED STATES|19|24|30958.25|0.05|19|47618|47618|961|961|12
24|UNITED STATES|19|24|34705.26|0.06|19|47618|47618|961|961|12
1|ARGENTINA|29|1|50479.96|0.04|29|47618|47618|961|961|12
14|KENYA|6|14|32182.03|0.01|6|29153|29153|961|961|12
4|EGYPT|67|4|55289.22|0.0|67|29153|29153|961|961|12
5|ETHIOPIA|63|5|14430.9|0.09|63|29153|29153|961|961|12
24|UNITED STATES|55|24|6523.08|0.06|55|19456|19456|961|961|12
1|ARGENTINA|71|1|38951.7|0.02|71|19456|19456|961|961|12
24|UNITED STATES|46|24|68773.5|0.02|46|19456|19456|961|961|12
9|INDONESIA|45|9|75560.54|0.08|45|19456|19456|961|961|12
14|KENYA|76|14|24127.35|0.03|76|19456|19456|961|961|12
18|CHINA|41|18|40780.46|0.05|41|19456|19456|961|961|12
17|PERU|8|17|18830.52|0.05|8|18951|18951|961|961|12
8|INDIA|61|8|27309.48|0.0|61|18951|18951|961|961|12
21|VIETNAM|35|21|63066.5|0.03|35|18951|18951|961|961|12
16|MOZAMBIQUE|56|16|18974.7|0.09|56|18951|18951|961|961|12
3|CANADA|20|3|43193.47|0.05|20|18951|18951|961|961|12
19|ROMANIA|62|19|53764.62|0.03|62|16160|16160|466|466|12
9|INDONESIA|51|9|6771.16|0.04|51|20996|20996|466|466|12
24|UNITED STATES|55|24|65904.3|0.08|55|20996|20996|466|466|12
18|CHINA|75|18|3402.69|0.03|75|20996|20996|466|466|12
17|PERU|8|17|27809.6|0.07|8|47808|47808|466|466|12
16|MOZAMBIQUE|58|16|39453.05|0.0|58|47808|47808|466|466|12
24|UNITED STATES|64|24|32924.98|0.09|64|47808|47808|466|466|12
9|INDONESIA|45|9|44284.12|0.04|45|17346|17346|466|466|12
24|UNITED STATES|46|24|54169.76|0.06|46|36454|36454|466|466|12
5|ETHIOPIA|78|5|24446.4|0.1|78|36454|36454|466|466|12
12|JAPAN|54|12|28190.36|0.09|54|36454|36454|466|466|12
8|INDIA|39|8|37545.48|0.0|39|36454|36454|466|466|12
19|ROMANIA|17|19|11396.16|0.03|17|36454|36454|466|466|12
5|ETHIOPIA|2|5|19124.28|0.09|2|36454|36454|466|466|12
8|INDIA|60|8|28330.75|0.04|60|31175|31175|466|466|12
22|RUSSIA|40|22|27722.41|0.02|40|39745|39745|466|466|12
8|INDIA|60|8|25324.6|0.02|60|39745|39745|466|466|12
1|ARGENTINA|71|1|35715.24|0.06|71|39745|39745|466|466|12
8|INDIA|15|8|18492.76|0.01|15|39745|39745|466|466|12
9|INDONESIA|23|9|34957.2|0.09|23|39745|39745|466|466|12
5|ETHIOPIA|63|5|79724.04|0.03|63|39745|39745|466|466|12
