15|MOROCCO|4|15|21056.23|0.04|4|29824|29824|1108
18|CHINA|75|18|24669.41|0.07|75|29824|29824|1108
14|KENYA|6|14|61429.78|0.0|6|24258|24258|1108
17|PERU|1|17|53838.72|0.03|1|24258|24258|1108
19|ROMANIA|62|19|40843.8|0.08|62|24258|24258|1108
8|INDIA|15|8|52147.44|0.03|15|24258|24258|1108
14|KENYA|79|14|59364.0|0.03|79|24258|24258|1108
22|RUSSIA|16|22|35102.52|0.02|16|24258|24258|1108
1|ARGENTINA|3|1|12823.51|0.1|3|24258|24258|1108
16|MOZAMBIQUE|56|16|14067.24|0.05|56|1766|1766|1108
24|UNITED STATES|49|24|1815.91|0.02|49|38080|38080|190
18|CHINA|11|18|15248.52|0.09|11|27845|27845|1108
13|JORDAN|36|13|3355.54|0.08|36|27845|27845|1108
22|RUSSIA|42|22|14307.48|0.04|42|27845|27845|1108
20|SAUDI ARABIA|74|20|74218.32|0.01|74|27845|27845|1108
5|ETHIOPIA|63|5|30773.64|0.09|63|27845|27845|1108
23|UNITED KINGDOM|66|23|19186.58|0.1|66|42531|42531|1009
3|CANADA|13|3|9530.5|0.02|13|42531|42531|1009
24|UNITED STATES|46|24|54343.75|0.03|46|42531|42531|1009
9|INDONESIA|23|9|17433.9|0.1|23|42531|42531|1009
5|ETHIOPIA|2|5|35590.72|0.04|2|42531|42531|1009
1|ARGENTINA|3|1|51756.5|0.07|3|42531|42531|1009
1|ARGENTINA|3|1|8649.44|0.08|3|42531|42531|1009
24|UNITED STATES|55|24|14038.8|0.01|55|25316|25316|1108
17|PERU|8|17|36110.61|0.0|8|15427|15427|19
4|EGYPT|67|4|45938.36|0.03|67|15427|15427|19
16|MOZAMBIQUE|30|16|45300.0|0.1|30|15427|15427|19
7|GERMANY|33|7|88970.53|0.02|33|6754|6754|1009
12|JAPAN|43|12|50768.46|0.0|43|6754|6754|1009
24|UNITED STATES|46|24|37151.7|0.0|46|32708|32708|19
0|ALGERIA|28|0|57436.48|0.02|28|32708|32708|19
3|CANADA|20|3|36192.78|0.08|20|32708|32708|19
21|VIETNAM|80|21|4147.44|0.03|80|613|613|1108
10|IRAN|9|10|27569.24|0.06|9|613|613|1108
4|EGYPT|69|4|9165.72|0.05|69|613|613|1108
21|VIETNAM|68|21|8177.82|0.02|68|613|613|1108
23|UNITED KINGDOM|7|23|17715.2|0.05|7|27748|27748|19
19|ROMANIA|62|19|35967.24|0.02|62|27748|27748|19
8|INDIA|61|8|56414.1|0.01|61|27748|27748|19
0|ALGERIA|37|0|70058.4|0.0|37|27748|27748|19
12|JAPAN|43|12|22343.84|0.01|43|27748|27748|19
18|CHINA|41|18|24668.46|0.1|41|27748|27748|19
9|INDONESIA|51|9|1203.3|0.01|51|15747|15747|1009
4|EGYPT|22|4|38086.3|0.08|22|15747|15747|1009
9|INDONESIA|50|9|73125.28|0.09|50|15747|15747|1009
16|MOZAMBIQUE|58|16|35410.85|0.0|58|15747|15747|1009
12|JAPAN|43|12|13658.76|0.1|43|15747|15747|1009
22|RUSSIA|40|22|39017.72|0.05|40|25318|25318|190
18|CHINA|11|18|44760.24|0.09|11|25318|25318|190
7|GERMANY|77|7|34758.15|0.05|77|25318|25318|190
4|EGYPT|38|4|31433.75|0.06|38|25318|25318|190
22|RUSSIA|16|22|59022.8|0.04|16|25318|25318|190
7|GERMANY|77|7|43993.41|0.02|77|30944|30944|190
8|INDIA|15|8|26429.05|0.09|15|30944|30944|190
21|VIETNAM|26|21|4456.74|0.08|26|30944|30944|190
9|INDONESIA|23|9|7543.0|0.0|23|30944|30944|190
22|RUSSIA|65|22|52088.64|0.07|65|30944|30944|190
0|ALGERIA|28|0|19957.44|0.08|28|30944|30944|190
19|ROMANIA|52|19|22088.55|0.03|52|30944|30944|190
1|ARGENTINA|71|1|39093.6|0.08|71|805|805|1009
14|KENYA|79|14|39250.05|0.07|79|805|805|1009
9|INDONESIA|23|9|37114.5|0.07|23|805|805|1009
7|GERMANY|53|7|15268.44|0.01|53|805|805|1009
17|PERU|1|17|19384.08|0.01|1|3781|3781|1108
8|INDIA|61|8|54658.5|0.1|61|3781|3781|1108
22|RUSSIA|25|22|23485.76|0.09|25|3781|3781|1108
12|JAPAN|54|12|17208.6|0.05|54|3781|3781|1108
18|CHINA|27|18|48292.8|0.02|27|3781|3781|1108
18|CHINA|11|18|15080.38|0.07|11|42338|42338|19
14|KENYA|79|14|57520.86|0.02|79|42338|42338|19
24|UNITED STATES|46|24|52744.24|0.07|46|42338|42338|19
17|PERU|57|17|8734.2|0.04|57|40864|40864|19
22|RUSSIA|65|22|31207.22|0.03|65|40864|40864|19
24|UNITED STATES|10|24|22439.52|0.09|10|40864|40864|19
22|RUSSIA|42|22|61212.8|0.04|42|40864|40864|19
18|CHINA|41|18|5760.36|0.07|41|40864|40864|19
18|CHINA|41|18|30773.64|0.1|41|40864|40864|19
20|SAUDI ARABIA|74|20|37921.6|0.08|74|40864|40864|19
21|VIETNAM|80|21|33244.92|0.09|80|20646|20646|1108
22|RUSSIA|40|22|26289.9|0.08|40|20646|20646|1108
6|FRANCE|70|6|38273.76|0.1|70|20646|20646|1108
17|PERU|57|17|63697.62|0.09|57|20646|20646|1108
9|INDONESIA|45|9|39342.3|0.05|45|20646|20646|1108
23|UNITED KINGDOM|66|23|11392.3|0.08|66|7331|7331|190
18|CHINA|11|18|27243.26|0.0|11|7331|7331|190
14|KENYA|47|14|24982.52|0.09|47|7331|7331|190
22|RUSSIA|25|22|17750.98|0.02|25|7331|7331|190
22|RUSSIA|42|22|54410.48|0.0|42|7331|7331|190
5|ETHIOPIA|63|5|32306.34|0.01|63|7331|7331|190
0|ALGERIA|28|0|15989.16|0.03|28|7940|7940|1009
22|RUSSIA|40|22|17098.0|0.02|40|45381|45381|190
18|CHINA|72|18|15496.68|0.04|72|45381|45381|190
9|INDONESIA|45|9|57702.04|0.03|45|45381|45381|190
18|CHINA|41|18|45435.06|0.1|41|45381|45381|190
20|SAUDI ARABIA|74|20|75147.87|0.1|74|45381|45381|190
10|IRAN|9|10|17888.8|0.09|9|12130|12130|1009
0|ALGERIA|24|0|88547.06|0.01|24|12130|12130|1009
4|EGYPT|67|4|9614.29|0.05|67|12130|12130|1009
24|UNITED STATES|49|24|16165.16|0.05|49|12130|12130|1009
18|CHINA|41|18|58126.6|0.07|41|12130|12130|1009
18|CHINA|11|18|32551.05|0.04|11|14881|14881|19
21|VIETNAM|26|21|46740.05|0.07|26|14881|14881|19
22|RUSSIA|16|22|32096.27|0.0|16|14881|14881|19
7|GERMANY|77|7|17971.08|0.1|77|36133|36133|19
16|MOZAMBIQUE|58|16|17373.75|0.04|58|36133|36133|19
19|ROMANIA|52|19|52901.55|0.03|52|36133|36133|19
11|IRAQ|5|11|19728.93|0.07|5|23142|23142|19
7|GERMANY|44|7|43029.36|0.06|44|23142|23142|19
9|INDONESIA|23|9|17321.59|0.1|23|23142|23142|19
0|ALGERIA|28|0|32418.5|0.07|28|23142|23142|19
18|CHINA|27|18|46040.4|0.01|27|23142|23142|19
7|GERMANY|33|7|53924.42|0.09|33|22021|22021|1009
9|INDONESIA|45|9|26571.31|0.04|45|22021|22021|1009
15|MOROCCO|4|15|991.09|0.07|4|22021|22021|1009
12|JAPAN|43|12|7513.0|0.1|43|22021|22021|1009
18|CHINA|72|18|72236.26|0.09|72|17478|17478|190
5|ETHIOPIA|2|5|69773.8|0.07|2|17478|17478|190
12|JAPAN|43|12|44160.12|0.04|43|550|550|190
22|RUSSIA|40|22|27365.52|0.05|40|24871|24871|190
7|GERMANY|33|7|4705.98|0.08|33|24871|24871|190
8|INDIA|61|8|5622.18|0.1|61|24871|24871|190
1|ARGENTINA|71|1|46921.17|0.03|71|24871|24871|190
24|UNITED STATES|19|24|64328.46|0.09|19|24871|24871|190
14|KENYA|76|14|66263.04|0.0|76|24871|24871|190
18|CHINA|75|18|66630.4|0.03|75|24871|24871|190
21|VIETNAM|80|21|44098.12|0.08|80|43110|43110|1108
18|CHINA|11|18|21254.31|0.02|11|43110|43110|1108
10|IRAN|9|10|11826.87|0.02|9|43110|43110|1108
4|EGYPT|69|4|24266.2|0.08|69|43110|43110|1108
24|UNITED STATES|10|24|16697.88|0.0|10|43110|43110|1108
1|ARGENTINA|3|1|44291.88|0.01|3|43110|43110|1108
14|KENYA|6|14|20614.32|0.04|6|354|354|1108
23|UNITED KINGDOM|66|23|68273.0|0.08|66|354|354|1108
13|JORDAN|36|13|50021.28|0.03|36|354|354|1108
4|EGYPT|69|4|34861.2|0.01|69|354|354|1108
14|KENYA|79|14|13132.42|0.01|79|354|354|1108
22|RUSSIA|65|22|12283.95|0.06|65|354|354|1108
2|BRAZIL|21|2|18149.46|0.08|21|354|354|1108
15|MOROCCO|14|15|66368.05|0.08|14|35873|35873|1009
