2759
17153
1318
17472
290
29440
10080
26151
19111
24193
19012
26272
36260
44070
38020
24391
37382
17571
18275
15360
27361
26690
16295
26085
18693
39043
28032
38273
34082
18022
29220
1956
17120
38471
29473
5828
47392
39142
47271
13094
25381
27394
17351
25282
6917
27460
47491
14051
1219
16064
28098
39362
35270
36293
12390
17670
2726
24160
3617
28197
28582
29154
44290
35171
36194
4519
47073
17890
28450
3749
1989
2913
29891
15074
34181
5927
1703
29572
33191
4706
18242
28131
17285
16262
19782
39010
45093
4805
15041
29121
14183
38086
2627
38691
18561
28263
15393
29088
39780
17186
5509
1604
29187
27042
19265
7907
36480
19232
26052
33092
16581
2946
18880
2979
38053
21190
39494
37063
22081
2308
23170
35072
14084
18374
19364
1637
19683
19298
27493
4739
19463
46083
1538
25095
45060
3716
16130
45280
27141
39175
39395
28483
27075
17252
