53368.32|0.05|37669
4459.74|0.09|25569
29368.29|0.03|40034
12148.88|0.04|22885
947.04|0.05|11973
12782.14|0.03|24007
16303.85|0.0|23424
24732.84|0.02|26405
25848.55|0.07|43202
34726.82|0.01|46755
26904.25|0.09|8195
42795.6|0.05|24964
44935.74|0.02|45347
37671.84|0.04|45248
13196.43|0.08|45248
22641.57|0.03|10884
2072.26|0.01|36448
2915.1|0.03|10499
77137.27|0.06|16901
43959.96|0.08|10466
32594.76|0.04|37603
6961.56|0.05|38439
44828.85|0.01|11269
42274.46|0.02|24227
12393.3|0.06|29958
30965.0|0.08|33830
8093.55|0.05|40034
34350.33|0.06|28902
4556.92|0.07|40100
9470.4|0.1|38659
3161.36|0.1|22951
59584.32|0.05|20322
17322.48|0.09|26724
20161.26|0.01|10499
22910.07|0.06|4290
14043.4|0.05|22115
31515.3|0.08|21796
66367.11|0.1|46656
51464.16|0.04|13601
48453.0|0.09|11874
32163.2|0.08|9185
67189.98|0.05|15108
54498.29|0.07|35557
22330.13|0.07|46788
46712.82|0.05|41189
60352.8|0.0|42982
19228.58|0.06|9185
69395.6|0.05|30211
13106.28|0.01|31652
2390.58|0.04|26339
48132.15|0.07|10851
48309.07|0.06|21664
4189.47|0.1|29958
16022.4|0.05|38912
42871.08|0.06|22434
39091.14|0.04|24645
34461.75|0.04|37218
19945.59|0.02|37603
31533.6|0.08|21510
56410.94|0.1|17825
27629.9|0.07|11236
48685.89|0.06|12039
10241.33|0.09|32037
67790.52|0.08|45732
17282.88|0.09|42597
37840.6|0.02|31168
17659.44|0.08|39649
8647.31|0.03|40551
10289.16|0.1|14756
10812.48|0.05|35744
34354.2|0.0|5093
25833.94|0.08|21862
54112.84|0.07|32994
51050.72|0.0|32741
33705.18|0.0|47426
18271.5|0.07|31685
53758.5|0.0|33632
8262.09|0.09|37317
24797.91|0.09|27813
54826.8|0.09|13799
27476.4|0.09|21796
13795.08|0.09|30343
26340.52|0.02|37218
5355.85|0.03|12864
81269.14|0.08|43972
10586.43|0.05|40199
7153.74|0.02|8261
15016.5|0.04|28902
1188.28|0.1|44775
12421.42|0.05|27329
44973.28|0.03|40067
29263.29|0.1|45347
34820.08|0.02|26306
14439.6|0.03|9383
30036.5|0.05|43554
5741.2|0.04|20135
59439.84|0.09|20641
82674.68|0.0|43521
50168.82|0.09|10499
48060.87|0.08|44258
31641.3|0.06|40551
13250.4|0.0|36448
24567.68|0.01|34787
48021.87|0.1|11302
6944.63|0.08|34721
51105.6|0.08|38912
73037.76|0.02|32741
50348.55|0.08|22368
10571.36|0.1|41376
3425.62|0.01|34754
2094.28|0.1|11973
30320.17|0.03|9350
45163.3|0.05|39814
44897.25|0.05|34116
29306.75|0.08|45413
85018.3|0.03|22500
53304.32|0.04|23105
37433.04|0.09|15878
12004.72|0.09|25767
44174.76|0.03|12710
2320.5|0.07|15878
17551.26|0.01|43301
13860.08|0.03|26119
41578.51|0.07|40199
41018.5|0.04|32774
14238.96|0.09|43653
31732.29|0.0|32037
35917.8|0.07|32961
89494.0|0.0|10884
55114.46|0.1|45127
12523.5|0.06|40386
10514.34|0.09|12743
50769.9|0.04|30981
40406.52|0.0|33445
18532.58|0.07|14503
56251.2|0.08|11874
43649.19|0.07|13799
35317.2|0.06|42212
43895.16|0.02|36932
26245.89|0.01|11302
7610.26|0.02|38406
32375.0|0.04|24964
52419.86|0.1|33797
5928.48|0.01|33478
53833.05|0.07|258
47155.52|0.09|24612
40832.28|0.08|10631
26752.39|0.06|32741
6469.02|0.06|22368
9754.43|0.01|35425
23096.36|0.07|12259
51012.72|0.05|30497
16831.36|0.03|13568
2979.27|0.08|20322
70386.73|0.06|11654
7808.56|0.1|44423
35262.42|0.07|11236
38344.56|0.06|32356
66448.84|0.02|32356
24244.48|0.04|47844
62502.65|0.04|12864
14006.8|0.0|258
35237.5|0.07|32323
51997.11|0.0|14338
56884.57|0.07|896
67591.2|0.05|34402
22521.8|0.01|36932
12493.68|0.0|10499
22914.99|0.05|24007
51633.35|0.06|33478
48597.03|0.01|27527
15301.65|0.09|24007
3573.87|0.05|47943
14224.47|0.07|36998
27034.98|0.01|775
5676.24|0.01|43488
9762.56|0.01|21125
40402.56|0.09|20003
15585.12|0.1|44423
37461.6|0.02|34501
43754.48|0.06|46403
35882.57|0.06|44643
7532.1|0.07|24579
46524.16|0.07|47844
49225.54|0.06|13216
15476.4|0.1|11456
23725.6|0.07|20069
11162.1|0.08|43488
42272.44|0.1|24711
8865.6|0.01|10884
1553.65|0.05|10884
37462.59|0.1|21664
31965.66|0.0|23105
38204.88|0.0|34721
78973.26|0.01|34567
30899.12|0.05|31872
32418.54|0.05|26306
69283.35|0.0|41189
52183.36|0.08|21543
47707.2|0.04|14437
36373.96|0.02|31333
37120.8|0.03|36800
45587.36|0.01|31652
8006.58|0.01|46656
23521.68|0.03|23842
21623.6|0.08|31751
2374.56|0.02|47943
49217.74|0.07|5
41492.55|0.06|39814
25872.34|0.06|11236
15712.56|0.0|27527
17434.76|0.02|22500
47860.32|0.08|27329
75931.8|0.0|43488
5155.65|0.01|21543
29047.93|0.02|43488
19418.08|0.0|44995
54072.72|0.02|8195
42966.62|0.02|44225
5037.4|0.05|20322
60780.93|0.01|14756
41203.96|0.04|30310
32914.04|0.0|41255
20109.78|0.04|10851
33950.89|0.02|22885
65682.03|0.08|20740
40980.2|0.09|31333
58758.92|0.09|34688
34542.99|0.03|35139
44815.68|0.05|31872
10339.12|0.0|36866
58068.92|0.04|34017
67187.44|0.03|8162
55543.84|0.05|40672
53626.08|0.07|23842
37392.02|0.04|45732
10048.71|0.1|45413
1426.52|0.08|13348
42283.02|0.07|21763
10505.55|0.1|13348
57352.23|0.07|46436
19691.0|0.08|577
1142.24|0.03|10785
32832.36|0.04|6182
62546.88|0.0|36646
49336.56|0.01|33797
32003.2|0.04|13601
14000.85|0.03|30343
38175.89|0.02|22885
77032.0|0.04|41123
34029.45|0.1|22434
57922.04|0.09|896
27598.45|0.01|45127
70104.73|0.04|36448
32492.34|0.04|31168
72940.42|0.04|46535
15042.06|0.0|30310
32178.72|0.04|5060
51318.4|0.03|43972
17118.6|0.03|17858
62719.16|0.0|33764
29367.16|0.09|13920
16022.05|0.01|45248
66304.14|0.02|29958
3840.24|0.06|10851
10685.52|0.0|47712
11272.2|0.07|6182
36819.6|0.07|37537
9394.16|0.06|40485
11892.8|0.01|37317
31141.88|0.08|6050
13821.08|0.09|12259
60300.24|0.07|45413
35462.88|0.03|44742
64496.25|0.08|46755
50060.64|0.08|13348
33769.08|0.06|29826
2748.03|0.08|11137
56820.4|0.08|21796
44297.1|0.03|39649
45619.0|0.06|24865
9011.66|0.04|25569
58142.0|0.0|20003
19281.91|0.09|27813
38591.0|0.08|20674
44238.6|0.0|26977
27029.0|0.04|962
19287.09|0.01|13700
33955.8|0.08|47712
32405.1|0.09|10499
10784.61|0.01|8294
44136.4|0.05|43169
27001.04|0.07|30343
87998.61|0.04|31652
40675.69|0.03|11335
14535.9|0.06|40001
10665.34|0.0|32455
15136.5|0.08|20069
69670.26|0.05|24865
38040.5|0.04|44258
19136.88|0.0|10851
68022.5|0.03|9350
34485.11|0.04|36998
48724.2|0.01|962
52688.76|0.03|44995
51668.12|0.0|11236
40353.21|0.1|46337
68624.5|0.08|12325
81686.4|0.09|742
5806.3|0.04|43620
34888.08|0.09|25767
32863.67|0.01|37669
56175.3|0.1|30981
26495.31|0.07|11137
21036.8|0.08|44225
81413.56|0.06|12039
42003.51|0.09|26724
42903.08|0.03|29408
30483.3|0.05|28902
29705.4|0.1|5060
35645.94|0.1|34017
36185.06|0.03|26306
29374.88|0.02|45765
3513.81|0.05|24711
38505.6|0.02|9152
17418.6|0.03|20773
51560.16|0.06|9031
55378.69|0.04|29826
28410.4|0.02|27109
6146.52|0.09|30112
63637.47|0.1|37603
44656.38|0.03|12710
48177.87|0.1|38725
2826.12|0.09|43972
35408.1|0.08|11973
28367.08|0.02|11137
51309.86|0.01|14855
32177.31|0.02|47844
22398.12|0.0|27813
27526.24|0.06|21862
30326.94|0.06|32455
11394.04|0.09|43301
43983.04|0.1|23622
30736.0|0.03|34402
20796.44|0.08|42212
35213.5|0.01|14437
29785.54|0.0|31652
17574.59|0.08|8261
9568.14|0.07|32356
5170.65|0.05|32455
57349.6|0.02|28902
44894.52|0.08|36965
20181.6|0.03|43653
2632.82|0.03|24865
29407.68|0.02|13601
12253.44|0.01|32455
43726.9|0.08|26405
14108.94|0.07|20003
58835.4|0.02|23776
42476.98|0.06|13766
49150.92|0.06|14437
37433.41|0.08|32103
53758.5|0.1|46403
23356.41|0.06|30981
9920.9|0.01|35139
32544.0|0.03|37218
50931.2|0.0|11335
1540.64|0.01|26405
36471.6|0.01|21862
20952.26|0.05|36646
50559.02|0.01|13920
5321.68|0.01|11335
28848.6|0.1|31553
60579.05|0.06|25767
18809.8|0.01|20740
38353.77|0.09|38659
2976.27|0.06|32675
67565.4|0.1|43972
36245.88|0.09|44225
61650.24|0.02|43202
9733.43|0.02|44995
17550.72|0.06|23556
52907.5|0.02|43554
14043.12|0.0|34688
40699.89|0.09|24711
45050.0|0.1|36932
7563.96|0.01|41255
17665.21|0.03|11335
16579.92|0.09|31586
40120.92|0.05|38725
34037.82|0.02|36646
18452.0|0.1|42982
62247.74|0.0|38912
13552.84|0.02|8195
34598.16|0.06|23622
35936.75|0.0|42432
42253.44|0.01|25767
44012.54|0.0|47844
17983.08|0.01|36327
26547.9|0.02|5
47201.7|0.03|38659
26352.75|0.05|11874
47651.0|0.0|896
1849.94|0.0|29507
5411.7|0.04|30497
23926.25|0.03|28902
43006.8|0.0|8195
51673.86|0.1|24128
6430.8|0.09|33764
7447.9|0.02|34402
47427.7|0.08|544
7595.96|0.01|26724
22391.84|0.0|24128
16231.27|0.08|21345
44918.3|0.05|15878
39940.23|0.1|34402
60271.86|0.08|22434
29110.59|0.02|17825
40895.68|0.02|35139
83335.56|0.09|33445
39524.94|0.0|36833
51714.6|0.05|43972
69752.48|0.1|12710
39163.05|0.03|35777
27290.16|0.05|32389
5478.06|0.01|11269
66622.97|0.1|643
1174.27|0.09|21510
30734.76|0.0|40100
61220.25|0.06|26306
18067.52|0.03|10598
1864.06|0.08|24964
43101.31|0.1|32994
39741.9|0.04|8261
2102.3|0.01|21763
50677.76|0.05|10499
25579.04|0.04|45127
11460.24|0.01|42212
26708.98|0.02|36833
9041.84|0.07|32323
60789.33|0.1|40551
39732.39|0.04|46469
29515.98|0.05|33731
21275.31|0.04|32675
12143.81|0.08|33731
18439.8|0.06|26724
34661.76|0.08|12259
56024.86|0.09|29826
23336.8|0.08|44610
11548.32|0.06|38406
75632.16|0.08|22753
73337.44|0.06|42564
23604.46|0.01|32994
16524.18|0.08|28836
1809.9|0.1|31872
16193.76|0.01|12259
25900.56|0.04|14855
66166.56|0.1|43301
30482.75|0.0|25569
23519.16|0.06|30497
29451.24|0.09|20036
26837.04|0.0|20135
28625.4|0.07|20135
11542.5|0.0|37537
34352.0|0.02|31553
34994.52|0.0|33863
38288.25|0.07|34688
6757.25|0.02|9031
52009.86|0.1|44423
49613.2|0.05|32037
44272.71|0.05|10851
18511.68|0.03|41574
11568.42|0.08|47778
45725.4|0.0|17957
36423.36|0.07|41574
54900.14|0.01|32455
23816.26|0.02|35425
41286.54|0.06|32389
53417.2|0.1|22434
6531.21|0.06|17319
6445.02|0.07|44005
53216.8|0.02|29408
1808.9|0.05|40551
1559.65|0.02|12259
43573.86|0.04|26724
18799.92|0.04|28902
39290.37|0.04|18914
14835.8|0.01|24007
32165.36|0.06|12259
50313.55|0.0|10851
21319.32|0.01|23622
53033.19|0.08|24711
28975.2|0.05|25635
38937.34|0.07|324
4068.44|0.02|34402
61245.78|0.0|41024
13670.4|0.0|9152
5381.76|0.01|23842
6311.8|0.01|30211
9532.35|0.01|11269
9970.9|0.1|12039
10381.3|0.09|20003
60432.68|0.04|40133
29582.4|0.0|43521
63556.85|0.0|25767
32374.2|0.09|36547
56141.67|0.01|12644
26501.75|0.09|10631
9020.0|0.03|41024
44532.95|0.1|43301
71210.86|0.07|24546
27497.4|0.06|36547
9434.9|0.02|34787
18227.68|0.07|43653
49288.47|0.02|26977
23761.99|0.07|36514
45540.62|0.02|37669
33615.88|0.07|22115
15694.56|0.01|46469
28234.36|0.02|17858
19439.28|0.04|22885
19656.15|0.05|45413
30628.35|0.02|33445
6627.1|0.02|43653
44994.18|0.01|40100
35909.1|0.05|10114
28311.08|0.05|35557
70536.97|0.1|43488
24642.18|0.01|45347
19685.28|0.07|46755
36920.8|0.02|44610
22866.66|0.03|29507
30436.56|0.03|6182
9297.84|0.05|45765
22084.0|0.08|24865
61565.6|0.06|20355
6552.21|0.07|46436
28625.32|0.09|45127
9914.64|0.08|44775
19171.24|0.1|33764
17659.04|0.04|34501
38260.88|0.02|33159
1565.66|0.06|39814
35917.8|0.07|47844
28509.32|0.03|9251
25716.08|0.06|40067
1966.16|0.09|43653
39543.57|0.0|17825
63719.6|0.05|45600
27086.87|0.05|40133
46234.6|0.07|45413
12480.16|0.04|8294
42566.4|0.09|21059
33113.96|0.1|9031
55699.6|0.0|27329
20402.4|0.07|26339
31569.84|0.1|38725
15213.38|0.02|42432
16202.7|0.07|27648
78337.72|0.09|47712
35218.8|0.01|9383
41890.2|0.1|12039
30599.48|0.01|41574
5702.08|0.07|28836
10234.96|0.02|27329
42111.92|0.03|39649
51567.93|0.0|42982
49733.6|0.05|5093
58527.38|0.0|36932
5964.54|0.09|34116
36452.43|0.09|9031
50319.45|0.06|23842
33471.88|0.08|41442
49780.28|0.09|23622
48749.22|0.01|20641
83367.84|0.05|20674
35657.75|0.01|40067
35762.22|0.06|11841
35066.52|0.09|14437
3904.2|0.05|46788
11202.1|0.03|26944
15487.38|0.01|41574
28422.32|0.02|11874
51369.45|0.05|44643
56072.28|0.03|36866
55443.34|0.0|33731
22725.0|0.05|39649
25905.74|0.06|13348
3820.2|0.01|25569
46670.04|0.01|21543
11596.32|0.1|14789
23400.75|0.07|45127
21250.44|0.05|17858
4207.5|0.04|35557
79418.42|0.04|22115
1768.86|0.01|33797
56648.63|0.09|42212
46846.45|0.06|9284
15905.04|0.07|24579
52294.44|0.08|8294
32846.04|0.07|11269
54793.63|0.08|40100
20224.26|0.1|38406
34796.96|0.08|20135
69681.26|0.01|6182
46289.64|0.08|16835
54629.63|0.04|37669
58863.5|0.04|42212
32034.0|0.07|32994
28206.48|0.0|8162
31789.51|0.03|40485
46549.0|0.03|28836
14211.47|0.1|37603
24577.0|0.08|29958
83992.32|0.1|32037
50279.46|0.07|20740
34272.72|0.07|36646
22772.86|0.01|11841
75319.65|0.05|11973
50819.37|0.09|22885
