23|UNITED KINGDOM|7|23|14979.25|0.07|7|13634|13634|695|695|8
0|ALGERIA|28|0|23125.2|0.03|28|13634|13634|695|695|8
21|VIETNAM|26|21|32050.32|0.09|26|6147|6147|695|695|8
5|ETHIOPIA|78|5|63768.6|0.04|78|6147|6147|695|695|8
1|ARGENTINA|3|1|49893.2|0.06|3|6147|6147|695|695|8
8|INDIA|61|8|44807.7|0.1|61|28870|28870|695|695|8
14|KENYA|47|14|16442.28|0.06|47|28870|28870|695|695|8
16|MOZAMBIQUE|56|16|49453.2|0.09|56|28870|28870|695|695|8
15|MOROCCO|4|15|9739.62|0.0|4|28870|28870|695|695|8
8|INDIA|39|8|22865.05|0.03|39|28870|28870|695|695|8
5|ETHIOPIA|2|5|43785.5|0.07|2|28870|28870|695|695|8
8|INDIA|39|8|37670.07|0.01|39|24103|24103|695|695|8
11|IRAQ|5|11|44527.68|0.02|5|16480|16480|574|574|8
16|MOZAMBIQUE|73|16|14435.82|0.01|73|16480|16480|574|574|8
21|VIETNAM|68|21|2981.16|0.0|68|16480|16480|574|574|8
19|ROMANIA|17|19|64459.09|0.1|17|16480|16480|574|574|8
1|ARGENTINA|3|1|48933.58|0.09|3|16480|16480|574|574|8
24|UNITED STATES|55|24|67985.82|0.01|55|2311|2311|574|574|8
17|PERU|59|17|31874.88|0.01|59|2311|2311|574|574|8
13|JORDAN|36|13|18398.16|0.01|36|2311|2311|574|574|8
5|ETHIOPIA|78|5|91824.53|0.09|78|2311|2311|574|574|8
23|UNITED KINGDOM|32|23|19971.45|0.08|32|2311|2311|574|574|8
2|BRAZIL|21|2|1272.37|0.05|21|2311|2311|574|574|8
4|EGYPT|22|4|19312.54|0.05|22|13956|13956|574|574|8
14|KENYA|47|14|46638.16|0.1|47|13956|13956|574|574|8
13|JORDAN|36|13|36058.0|0.03|36|13956|13956|574|574|8
5|ETHIOPIA|2|5|5325.72|0.08|2|13956|13956|574|574|8
22|RUSSIA|40|22|76586.36|0.09|40|36483|36483|574|574|8
15|MOROCCO|14|15|72377.0|0.01|14|36483|36483|574|574|8
24|UNITED STATES|49|24|60307.5|0.06|49|36483|36483|574|574|8
22|RUSSIA|42|22|34571.51|0.07|42|36483|36483|574|574|8
5|ETHIOPIA|63|5|42570.0|0.04|63|36483|36483|574|574|8
16|MOZAMBIQUE|73|16|52447.87|0.09|73|6627|6627|773|773|8
22|RUSSIA|25|22|39707.8|0.09|25|6627|6627|773|773|8
14|KENYA|47|14|11345.94|0.08|47|12996|12996|773|773|8
2|BRAZIL|21|2|11428.16|0.09|21|12996|12996|773|773|8
22|RUSSIA|16|22|53486.4|0.02|16|12996|12996|773|773|8
3|CANADA|20|3|47042.45|0.04|20|12996|12996|773|773|8
18|CHINA|72|18|49299.91|0.01|72|32613|32613|773|773|8
13|JORDAN|36|13|79139.52|0.01|36|32613|32613|773|773|8
0|ALGERIA|24|0|54243.42|0.02|24|32613|32613|773|773|8
22|RUSSIA|65|22|29467.46|0.09|65|32613|32613|773|773|8
2|BRAZIL|21|2|57425.9|0.07|21|32613|32613|773|773|8
14|KENYA|76|14|36609.3|0.03|76|32613|32613|773|773|8
19|ROMANIA|52|19|30488.22|0.07|52|43424|43424|773|773|8
23|UNITED KINGDOM|66|23|46634.04|0.08|66|46402|46402|880|880|8
8|INDIA|61|8|5430.0|0.04|61|46402|46402|880|880|8
22|RUSSIA|25|22|16712.36|0.1|25|46402|46402|880|880|8
16|MOZAMBIQUE|56|16|39002.8|0.03|56|46402|46402|880|880|8
1|ARGENTINA|29|1|46824.25|0.05|29|46402|46402|880|880|8
2|BRAZIL|21|2|10991.9|0.03|21|46402|46402|880|880|8
5|ETHIOPIA|63|5|14752.32|0.0|63|46402|46402|880|880|8
8|INDIA|12|8|24777.25|0.06|12|13506|13506|880|880|8
19|ROMANIA|17|19|19497.24|0.06|17|13506|13506|880|880|8
24|UNITED STATES|64|24|20805.96|0.02|64|13506|13506|880|880|8
7|GERMANY|53|7|50358.72|0.02|53|13506|13506|880|880|8
16|MOZAMBIQUE|18|16|7827.47|0.05|18|39298|39298|880|880|8
21|VIETNAM|80|21|26088.0|0.09|80|32101|32101|770|770|8
9|INDONESIA|50|9|49895.43|0.09|50|32101|32101|770|770|8
19|ROMANIA|17|19|20196.6|0.02|17|32101|32101|770|770|8
22|RUSSIA|42|22|61665.1|0.1|42|32101|32101|770|770|8
20|SAUDI ARABIA|74|20|37433.41|0.02|74|32101|32101|770|770|8
18|CHINA|11|18|53084.52|0.04|11|26083|26083|770|770|8
9|INDONESIA|45|9|44392.6|0.06|45|26083|26083|770|770|8
24|UNITED STATES|19|24|89294.0|0.02|19|26083|26083|770|770|8
18|CHINA|27|18|69873.6|0.0|27|26083|26083|770|770|8
22|RUSSIA|42|22|25002.5|0.0|42|26083|26083|770|770|8
21|VIETNAM|80|21|32037.66|0.03|80|41923|41923|770|770|8
22|RUSSIA|40|22|17938.03|0.0|40|41923|41923|770|770|8
0|ALGERIA|37|0|29960.77|0.02|37|41923|41923|770|770|8
17|PERU|57|17|64847.58|0.09|57|41923|41923|770|770|8
4|EGYPT|67|4|13714.7|0.08|67|41923|41923|770|770|8
18|CHINA|27|18|31522.56|0.1|27|41923|41923|770|770|8
21|VIETNAM|80|21|41870.15|0.08|80|47174|47174|770|770|8
18|CHINA|11|18|42872.36|0.0|11|47174|47174|770|770|8
9|INDONESIA|51|9|44648.4|0.06|51|3841|3841|463|463|8
7|GERMANY|53|7|33112.96|0.09|53|3841|3841|463|463|8
16|MOZAMBIQUE|73|16|66622.97|0.1|73|643|643|463|463|8
17|PERU|57|17|27629.9|0.05|57|643|643|463|463|8
16|MOZAMBIQUE|31|16|49075.65|0.08|31|643|643|463|463|8
1|ARGENTINA|3|1|27974.52|0.0|3|643|643|463|463|8
1|ARGENTINA|3|1|62515.2|0.01|3|643|643|463|463|8
23|UNITED KINGDOM|7|23|34778.16|0.01|7|10566|10566|463|463|8
17|PERU|1|17|22199.94|0.1|1|10566|10566|463|463|8
7|GERMANY|33|7|10153.98|0.0|33|10566|10566|463|463|8
5|ETHIOPIA|78|5|62987.32|0.01|78|10566|10566|463|463|8
8|INDIA|39|8|1629.72|0.01|39|10566|10566|463|463|8
24|UNITED STATES|49|24|58651.32|0.06|49|10566|10566|463|463|8
24|UNITED STATES|55|24|26633.22|0.01|55|6663|6663|463|463|8
15|MOROCCO|14|15|18440.4|0.09|14|6663|6663|463|463|8
19|ROMANIA|17|19|56304.5|0.07|17|6663|6663|463|463|8
0|ALGERIA|28|0|15097.17|0.07|28|6663|6663|463|463|8
11|IRAQ|5|11|4633.92|0.06|5|42372|42372|463|463|8
8|INDIA|61|8|70394.88|0.07|61|42372|42372|463|463|8
10|IRAN|34|10|7462.95|0.03|34|42372|42372|463|463|8
5|ETHIOPIA|78|5|43570.17|0.08|78|42372|42372|463|463|8
22|RUSSIA|65|22|32180.83|0.0|65|42372|42372|463|463|8
23|UNITED KINGDOM|7|23|27129.5|0.02|7|20231|20231|463|463|8
7|GERMANY|44|7|31327.02|0.0|44|20231|20231|463|463|8
7|GERMANY|77|7|41484.48|0.06|77|20231|20231|463|463|8
18|CHINA|41|18|33969.06|0.1|41|20231|20231|463|463|8
14|KENYA|48|14|34308.48|0.0|48|27425|27425|463|463|8
23|UNITED KINGDOM|7|23|62947.68|0.07|7|47236|47236|463|463|8
16|MOZAMBIQUE|73|16|32543.39|0.08|73|47236|47236|463|463|8
21|VIETNAM|68|21|66983.52|0.08|68|47236|47236|463|463|8
7|GERMANY|53|7|34790.03|0.0|53|47236|47236|463|463|8
16|MOZAMBIQUE|31|16|46999.04|0.06|31|47236|47236|463|463|8
20|SAUDI ARABIA|74|20|69270.96|0.07|74|47236|47236|463|463|8
10|IRAN|9|10|70354.0|0.06|9|12677|12677|152|152|8
21|VIETNAM|26|21|19650.93|0.03|26|12677|12677|152|152|8
0|ALGERIA|37|0|70799.62|0.07|37|12677|12677|152|152|8
3|CANADA|13|3|22378.97|0.05|13|12677|12677|152|152|8
22|RUSSIA|65|22|25521.51|0.01|65|12677|12677|152|152|8
0|ALGERIA|28|0|30453.3|0.1|28|12677|12677|152|152|8
21|VIETNAM|80|21|33560.72|0.0|80|32324|32324|152|152|8
16|MOZAMBIQUE|73|16|53944.96|0.05|73|32324|32324|152|152|8
16|MOZAMBIQUE|18|16|54580.11|0.06|18|32324|32324|152|152|8
4|EGYPT|38|4|36650.68|0.09|38|32324|32324|152|152|8
23|UNITED KINGDOM|32|23|36022.48|0.1|32|295|295|152|152|8
22|RUSSIA|65|22|8184.96|0.1|65|295|295|152|152|8
6|FRANCE|70|6|31076.34|0.1|70|3392|3392|590|590|8
14|KENYA|79|14|50614.4|0.01|79|3392|3392|590|590|8
8|INDIA|12|8|13215.86|0.08|12|3392|3392|590|590|8
5|ETHIOPIA|2|5|24413.61|0.09|2|3392|3392|590|590|8
14|KENYA|6|14|47930.7|0.05|6|2595|2595|590|590|8
18|CHINA|72|18|20656.42|0.01|72|2595|2595|590|590|8
10|IRAN|9|10|58316.16|0.08|9|2595|2595|590|590|8
16|MOZAMBIQUE|18|16|47450.4|0.09|18|2595|2595|590|590|8
19|ROMANIA|17|19|33995.83|0.07|17|2595|2595|590|590|8
3|CANADA|20|3|48225.15|0.06|20|2595|2595|590|590|8
0|ALGERIA|24|0|24560.28|0.01|24|17280|17280|382|382|8
18|CHINA|27|18|34808.7|0.05|27|17280|17280|382|382|8
16|MOZAMBIQUE|73|16|19887.84|0.08|73|5347|5347|382|382|8
7|GERMANY|77|7|4865.24|0.06|77|5347|5347|382|382|8
4|EGYPT|22|4|23353.02|0.01|22|5347|5347|382|382|8
8|INDIA|15|8|8066.64|0.06|15|5347|5347|382|382|8
21|VIETNAM|68|21|36828.12|0.06|68|5347|5347|382|382|8
3|CANADA|13|3|88782.06|0.02|13|5347|5347|382|382|8
14|KENYA|76|14|74863.2|0.04|76|5347|5347|382|382|8
5|ETHIOPIA|78|5|27677.34|0.01|78|32737|32737|382|382|8
22|RUSSIA|65|22|7437.9|0.0|65|32737|32737|382|382|8
13|JORDAN|36|13|16416.18|0.01|36|14692|14692|382|382|8
5|ETHIOPIA|78|5|32795.7|0.06|78|14692|14692|382|382|8
14|KENYA|47|14|29526.11|0.05|47|27169|27169|382|382|8
9|INDONESIA|23|9|40903.8|0.08|23|27169|27169|382|382|8
24|UNITED STATES|64|24|10478.34|0.0|64|27169|27169|382|382|8
16|MOZAMBIQUE|31|16|24276.75|0.04|31|27169|27169|382|382|8
13|JORDAN|36|13|34721.18|0.04|36|19075|19075|1025|1025|8
10|IRAN|34|10|28278.36|0.07|34|44644|44644|1025|1025|8
21|VIETNAM|35|21|16007.4|0.01|35|35393|35393|1025|1025|8
17|PERU|1|17|12108.96|0.1|1|32390|32390|1025|1025|8
9|INDONESIA|51|9|43680.48|0.09|51|17027|17027|1025|1025|8
7|GERMANY|77|7|23718.46|0.01|77|17027|17027|1025|1025|8
8|INDIA|15|8|17443.08|0.1|15|17027|17027|1025|1025|8
16|MOZAMBIQUE|58|16|19784.88|0.04|58|17027|17027|1025|1025|8
21|VIETNAM|68|21|45629.88|0.07|68|17027|17027|1025|1025|8
9|INDONESIA|23|9|46201.68|0.09|23|17027|17027|1025|1025|8
14|KENYA|6|14|33109.19|0.03|6|25378|25378|1025|1025|8
6|FRANCE|70|6|23749.38|0.04|70|25378|25378|1025|1025|8
4|EGYPT|69|4|25675.2|0.07|69|25378|25378|1025|1025|8
21|VIETNAM|68|21|1212.31|0.09|68|25378|25378|1025|1025|8
15|MOROCCO|14|15|16644.81|0.05|14|26534|26534|1025|1025|8
5|ETHIOPIA|2|5|73998.72|0.04|2|26534|26534|1025|1025|8
21|VIETNAM|80|21|22319.4|0.09|80|32992|32992|1036|1036|8
4|EGYPT|22|4|27245.19|0.08|22|32992|32992|1036|1036|8
9|INDONESIA|50|9|50412.6|0.05|50|32992|32992|1036|1036|8
10|IRAN|9|10|33003.36|0.02|9|32992|32992|1036|1036|8
22|RUSSIA|65|22|27750.6|0.03|65|32992|32992|1036|1036|8
8|INDIA|39|8|35194.42|0.06|39|32992|32992|1036|1036|8
20|SAUDI ARABIA|74|20|44498.52|0.07|74|32992|32992|1036|1036|8
9|INDONESIA|23|9|21208.86|0.01|23|4325|4325|1036|1036|8
11|IRAQ|5|11|28278.48|0.1|5|42535|42535|1036|1036|8
24|UNITED STATES|55|24|33992.91|0.07|55|42535|42535|1036|1036|8
23|UNITED KINGDOM|7|23|14640.48|0.07|7|11205|11205|1036|1036|8
9|INDONESIA|51|9|55819.16|0.04|51|11205|11205|1036|1036|8
18|CHINA|27|18|13856.67|0.03|27|11205|11205|1036|1036|8
23|UNITED KINGDOM|7|23|10661.22|0.0|7|19719|19719|1036|1036|8
0|ALGERIA|37|0|36159.55|0.01|37|19719|19719|1036|1036|8
9|INDONESIA|45|9|56607.25|0.05|45|19719|19719|1036|1036|8
8|INDIA|39|8|8878.52|0.06|39|19719|19719|1036|1036|8
4|EGYPT|38|4|16462.49|0.01|38|24548|24548|1036|1036|8
17|PERU|8|17|46967.7|0.05|8|6211|6211|1036|1036|8
17|PERU|8|17|1415.51|0.05|8|6211|6211|1036|1036|8
17|PERU|59|17|35612.61|0.09|59|6211|6211|1036|1036|8
17|PERU|1|17|9800.8|0.04|1|45958|45958|1036|1036|8
15|MOROCCO|14|15|50099.58|0.01|14|45958|45958|1036|1036|8
8|INDIA|12|8|4183.47|0.05|12|45958|45958|1036|1036|8
3|CANADA|20|3|49921.38|0.05|20|45958|45958|1036|1036|8
20|SAUDI ARABIA|74|20|22019.27|0.06|74|45958|45958|1036|1036|8
1|ARGENTINA|29|1|8532.36|0.0|29|3329|3329|28|28|8
16|MOZAMBIQUE|18|16|1877.97|0.04|18|3329|3329|28|28|8
16|MOZAMBIQUE|18|16|36183.6|0.09|18|3329|3329|28|28|8
14|KENYA|48|14|48162.04|0.01|48|34951|34951|28|28|8
12|JAPAN|54|12|40875.84|0.05|54|34951|34951|28|28|8
19|ROMANIA|17|19|59514.5|0.06|17|34951|34951|28|28|8
24|UNITED STATES|55|24|8093.55|0.05|55|40034|40034|28|28|8
7|GERMANY|77|7|44255.52|0.04|77|40034|40034|28|28|8
8|INDIA|12|8|29368.29|0.03|12|40034|40034|28|28|8
23|UNITED KINGDOM|7|23|45819.84|0.05|7|27815|27815|28|28|8
14|KENYA|6|14|60048.4|0.06|6|27815|27815|28|28|8
15|MOROCCO|14|15|45073.14|0.07|14|27815|27815|28|28|8
12|JAPAN|43|12|18864.16|0.03|43|27815|27815|28|28|8
24|UNITED STATES|10|24|12365.12|0.04|10|27815|27815|28|28|8
16|MOZAMBIQUE|31|16|27732.24|0.0|31|27815|27815|28|28|8
7|GERMANY|44|7|11092.0|0.05|44|10759|10759|28|28|8
7|GERMANY|77|7|36517.0|0.01|77|10759|10759|28|28|8
2|BRAZIL|21|2|20181.96|0.06|21|13890|13890|28|28|8
22|RUSSIA|16|22|4216.6|0.05|16|13890|13890|28|28|8
16|MOZAMBIQUE|31|16|12613.8|0.04|31|13890|13890|28|28|8
16|MOZAMBIQUE|30|16|4351.62|0.04|30|13890|13890|28|28|8
17|PERU|1|17|8381.03|0.09|1|38400|38400|28|28|8
16|MOZAMBIQUE|56|16|50313.55|0.04|56|38400|38400|28|28|8
24|UNITED STATES|19|24|12463.4|0.1|19|38400|38400|28|28|8
0|ALGERIA|28|0|53336.1|0.07|28|38400|38400|28|28|8
4|EGYPT|38|4|58373.79|0.05|38|38400|38400|28|28|8
4|EGYPT|69|4|44431.88|0.02|69|18529|18529|1004|1004|8
14|KENYA|6|14|14510.73|0.03|6|39268|39268|1004|1004|8
7|GERMANY|77|7|6081.55|0.04|77|39268|39268|1004|1004|8
17|PERU|59|17|46603.06|0.02|59|39268|39268|1004|1004|8
5|ETHIOPIA|78|5|56687.73|0.09|78|39268|39268|1004|1004|8
8|INDIA|12|8|17358.75|0.01|12|39268|39268|1004|1004|8
16|MOZAMBIQUE|18|16|33604.48|0.05|18|39268|39268|1004|1004|8
24|UNITED STATES|64|24|22957.7|0.03|64|39268|39268|1004|1004|8
2|BRAZIL|21|2|81819.48|0.07|21|47811|47811|37|37|8
14|KENYA|76|14|4847.13|0.04|76|47811|47811|37|37|8
14|KENYA|76|14|30855.99|0.04|76|47811|47811|37|37|8
24|UNITED STATES|49|24|43124.24|0.0|49|47811|47811|37|37|8
24|UNITED STATES|49|24|68868.66|0.06|49|47811|47811|37|37|8
0|ALGERIA|37|0|10161.1|0.06|37|10406|10406|37|37|8
22|RUSSIA|25|22|74000.9|0.09|25|10406|10406|37|37|8
0|ALGERIA|28|0|64274.06|0.1|28|10406|10406|37|37|8
0|ALGERIA|28|0|21827.92|0.01|28|10406|10406|37|37|8
7|GERMANY|77|7|1794.89|0.01|77|17253|17253|37|37|8
1|ARGENTINA|71|1|1890.08|0.05|71|17253|17253|37|37|8
24|UNITED STATES|19|24|66202.4|0.0|19|17253|17253|37|37|8
15|MOROCCO|4|15|39647.86|0.1|4|17253|17253|37|37|8
24|UNITED STATES|49|24|31959.25|0.04|49|17253|17253|37|37|8
18|CHINA|75|18|13710.15|0.03|75|17253|17253|37|37|8
5|ETHIOPIA|63|5|17343.75|0.09|63|17253|17253|37|37|8
3|CANADA|13|3|31984.25|0.1|13|15169|15169|37|37|8
14|KENYA|76|14|57543.5|0.05|76|15169|15169|37|37|8
14|KENYA|79|14|42522.33|0.01|79|43264|43264|37|37|8
23|UNITED KINGDOM|32|23|39543.12|0.04|32|43264|43264|37|37|8
21|VIETNAM|26|21|43867.25|0.0|26|3879|3879|1126|1126|8
16|MOZAMBIQUE|31|16|40815.0|0.1|31|3879|3879|1126|1126|8
7|GERMANY|44|7|29707.0|0.05|44|12258|12258|1126|1126|8
16|MOZAMBIQUE|58|16|47014.91|0.07|58|12258|12258|1126|1126|8
18|CHINA|75|18|60787.35|0.07|75|12258|12258|1126|1126|8
17|PERU|8|17|65113.46|0.01|8|2053|2053|1126|1126|8
0|ALGERIA|37|0|34136.0|0.09|37|2053|2053|1126|1126|8
3|CANADA|20|3|39414.5|0.07|20|2053|2053|1126|1126|8
18|CHINA|41|18|57937.76|0.06|41|2053|2053|1126|1126|8
1|ARGENTINA|71|1|46239.29|0.05|71|27174|27174|1126|1126|8
16|MOZAMBIQUE|58|16|16264.27|0.07|58|27174|27174|1126|1126|8
10|IRAN|34|10|40152.9|0.06|34|27174|27174|1126|1126|8
24|UNITED STATES|64|24|30271.84|0.03|64|27174|27174|1126|1126|8
7|GERMANY|33|7|58916.22|0.04|33|29410|29410|1126|1126|8
6|FRANCE|70|6|80032.04|0.01|70|14343|14343|1126|1126|8
12|JAPAN|43|12|22266.53|0.1|43|14343|14343|1126|1126|8
17|PERU|1|17|8093.75|0.08|1|13795|13795|1126|1126|8
7|GERMANY|44|7|64654.8|0.06|44|13795|13795|1126|1126|8
0|ALGERIA|37|0|18649.6|0.01|37|13795|13795|1126|1126|8
16|MOZAMBIQUE|58|16|6799.16|0.05|58|13795|13795|1126|1126|8
5|ETHIOPIA|78|5|56263.76|0.06|78|13795|13795|1126|1126|8
23|UNITED KINGDOM|32|23|59114.0|0.02|32|13795|13795|1126|1126|8
3|CANADA|20|3|10036.89|0.06|20|13795|13795|1126|1126|8
1|ARGENTINA|3|1|25840.35|0.06|3|423|423|829|829|8
12|JAPAN|54|12|83093.71|0.01|54|42406|42406|829|829|8
16|MOZAMBIQUE|56|16|32678.65|0.04|56|35618|35618|829|829|8
23|UNITED KINGDOM|32|23|31533.3|0.0|32|35618|35618|829|829|8
24|UNITED STATES|10|24|35948.7|0.02|10|35618|35618|829|829|8
0|ALGERIA|28|0|45303.65|0.1|28|35618|35618|829|829|8
18|CHINA|41|18|9315.9|0.02|41|35618|35618|829|829|8
24|UNITED STATES|46|24|2624.82|0.03|46|27363|27363|829|829|8
1|ARGENTINA|29|1|65028.25|0.07|29|27363|27363|829|829|8
24|UNITED STATES|49|24|21623.4|0.07|49|27363|27363|829|829|8
5|ETHIOPIA|63|5|23860.83|0.1|63|27363|27363|829|829|8
9|INDONESIA|51|9|27218.07|0.04|51|38882|38882|829|829|8
0|ALGERIA|24|0|16163.42|0.04|24|38882|38882|829|829|8
4|EGYPT|67|4|43024.74|0.0|67|38882|38882|829|829|8
8|INDIA|39|8|69605.48|0.03|39|38882|38882|829|829|8
20|SAUDI ARABIA|74|20|14185.1|0.08|74|38882|38882|829|829|8
17|PERU|8|17|6734.42|0.05|8|17415|17415|829|829|8
8|INDIA|39|8|44655.94|0.1|39|17415|17415|829|829|8
19|ROMANIA|52|19|24235.65|0.03|52|17415|17415|829|829|8
16|MOZAMBIQUE|30|16|28283.02|0.04|30|17415|17415|829|829|8
11|IRAQ|5|11|67267.98|0.09|5|14116|14116|1033|1033|8
7|GERMANY|33|7|9829.71|0.04|33|14116|14116|1033|1033|8
14|KENYA|79|14|50753.7|0.05|79|14116|14116|1033|1033|8
24|UNITED STATES|10|24|64075.32|0.0|10|14116|14116|1033|1033|8
19|ROMANIA|17|19|7939.61|0.04|17|14116|14116|1033|1033|8
18|CHINA|27|18|40388.28|0.0|27|14116|14116|1033|1033|8
17|PERU|8|17|15421.8|0.05|8|37504|37504|1033|1033|8
19|ROMANIA|62|19|36327.36|0.08|62|37504|37504|1033|1033|8
7|GERMANY|33|7|14739.84|0.0|33|37504|37504|1033|1033|8
23|UNITED KINGDOM|66|23|47346.75|0.06|66|37504|37504|1033|1033|8
18|CHINA|27|18|22544.4|0.06|27|37504|37504|1033|1033|8
16|MOZAMBIQUE|31|16|6691.08|0.04|31|37504|37504|1033|1033|8
17|PERU|59|17|2508.7|0.1|59|13062|13062|1033|1033|8
14|KENYA|48|14|46380.87|0.09|48|13062|13062|1033|1033|8
23|UNITED KINGDOM|32|23|67150.98|0.05|32|13062|13062|1033|1033|8
22|RUSSIA|40|22|12457.56|0.07|40|13671|13671|1033|1033|8
18|CHINA|72|18|22563.94|0.06|72|13671|13671|1033|1033|8
15|MOROCCO|14|15|40303.2|0.1|14|13671|13671|1033|1033|8
19|ROMANIA|17|19|39843.6|0.07|17|13671|13671|1033|1033|8
24|UNITED STATES|49|24|26468.4|0.04|49|13671|13671|1033|1033|8
20|SAUDI ARABIA|74|20|11027.76|0.06|74|13671|13671|1033|1033|8
18|CHINA|41|18|57174.09|0.1|41|13671|13671|1033|1033|8
7|GERMANY|44|7|52667.16|0.01|44|21376|21376|1022|1022|8
18|CHINA|72|18|38822.85|0.05|72|21376|21376|1022|1022|8
8|INDIA|15|8|36439.0|0.09|15|21376|21376|1022|1022|8
14|KENYA|76|14|22824.8|0.01|76|21376|21376|1022|1022|8
16|MOZAMBIQUE|31|16|26704.0|0.05|31|21376|21376|1022|1022|8
16|MOZAMBIQUE|30|16|62717.5|0.04|30|21376|21376|1022|1022|8
20|SAUDI ARABIA|74|20|37638.41|0.04|74|21376|21376|1022|1022|8
15|MOROCCO|14|15|47707.06|0.05|14|15877|15877|1022|1022|8
21|VIETNAM|68|21|6196.65|0.06|68|15877|15877|1022|1022|8
16|MOZAMBIQUE|31|16|38765.44|0.04|31|15877|15877|1022|1022|8
24|UNITED STATES|19|24|25894.35|0.06|19|45927|45927|1022|1022|8
17|PERU|59|17|57707.1|0.07|59|39620|39620|1022|1022|8
18|CHINA|41|18|8042.64|0.0|41|39620|39620|1022|1022|8
17|PERU|8|17|19857.6|0.08|8|36931|36931|1129|1129|8
14|KENYA|47|14|21683.6|0.01|47|36931|36931|1129|1129|8
2|BRAZIL|21|2|29253.94|0.03|21|36931|36931|1129|1129|8
21|VIETNAM|80|21|51757.86|0.04|80|5696|5696|1129|1129|8
19|ROMANIA|62|19|35909.62|0.07|62|5696|5696|1129|1129|8
1|ARGENTINA|71|1|27778.52|0.03|71|5696|5696|1129|1129|8
13|JORDAN|36|13|35410.85|0.04|36|5696|5696|1129|1129|8
21|VIETNAM|68|21|63133.62|0.01|68|5696|5696|1129|1129|8
0|ALGERIA|24|0|10282.86|0.07|24|5696|5696|1129|1129|8
8|INDIA|12|8|33655.6|0.08|12|5696|5696|1129|1129|8
9|INDONESIA|51|9|42720.36|0.06|51|36098|36098|1129|1129|8
0|ALGERIA|37|0|40264.64|0.0|37|38466|38466|1129|1129|8
13|JORDAN|36|13|28199.55|0.0|36|38466|38466|1129|1129|8
17|PERU|57|17|7838.4|0.0|57|38466|38466|1129|1129|8
0|ALGERIA|24|0|31884.25|0.03|24|38466|38466|1129|1129|8
24|UNITED STATES|10|24|20370.93|0.01|10|38466|38466|1129|1129|8
16|MOZAMBIQUE|30|16|35970.48|0.05|30|38466|38466|1129|1129|8
14|KENYA|48|14|27549.4|0.08|48|29920|29920|1129|1129|8
16|MOZAMBIQUE|58|16|55190.69|0.07|58|29920|29920|1129|1129|8
14|KENYA|79|14|59460.56|0.08|79|29920|29920|1129|1129|8
9|INDONESIA|45|9|23524.41|0.07|45|29920|29920|1129|1129|8
7|GERMANY|44|7|35814.72|0.03|44|28768|28768|1193|1193|8
23|UNITED KINGDOM|66|23|36309.0|0.03|66|28768|28768|1193|1193|8
8|INDIA|61|8|16568.46|0.0|61|28768|28768|1193|1193|8
22|RUSSIA|25|22|20697.84|0.09|25|28768|28768|1193|1193|8
24|UNITED STATES|46|24|44146.5|0.06|46|28768|28768|1193|1193|8
22|RUSSIA|65|22|52358.58|0.03|65|28768|28768|1193|1193|8
1|ARGENTINA|3|1|33821.46|0.06|3|28768|28768|1193|1193|8
16|MOZAMBIQUE|73|16|60634.8|0.09|73|25702|25702|1193|1193|8
24|UNITED STATES|19|24|43262.62|0.02|19|25702|25702|1193|1193|8
5|ETHIOPIA|63|5|45529.2|0.01|63|25702|25702|1193|1193|8
5|ETHIOPIA|63|5|43536.0|0.09|63|25702|25702|1193|1193|8
14|KENYA|47|14|69069.32|0.1|47|10724|10724|1193|1193|8
24|UNITED STATES|55|24|41130.45|0.1|55|35749|35749|1193|1193|8
23|UNITED KINGDOM|7|23|1804.9|0.02|7|9763|9763|1193|1193|8
9|INDONESIA|51|9|18115.2|0.09|51|9763|9763|1193|1193|8
8|INDIA|61|8|14828.1|0.01|61|9763|9763|1193|1193|8
8|INDIA|60|8|87992.5|0.1|60|9763|9763|1193|1193|8
4|EGYPT|69|4|21758.1|0.06|69|9763|9763|1193|1193|8
5|ETHIOPIA|78|5|3235.42|0.07|78|9763|9763|1193|1193|8
3|CANADA|20|3|15108.38|0.02|20|9763|9763|1193|1193|8
9|INDONESIA|50|9|9415.26|0.02|50|8996|8996|1193|1193|8
6|FRANCE|70|6|46564.7|0.0|70|8996|8996|1193|1193|8
10|IRAN|34|10|56620.4|0.02|34|8996|8996|1193|1193|8
16|MOZAMBIQUE|56|16|22273.13|0.05|56|8996|8996|1193|1193|8
17|PERU|8|17|22259.4|0.05|8|12037|12037|1171|1171|8
8|INDIA|60|8|15436.4|0.0|60|12037|12037|1171|1171|8
14|KENYA|47|14|59725.94|0.09|47|12037|12037|1171|1171|8
9|INDONESIA|45|9|4033.32|0.02|45|12037|12037|1171|1171|8
24|UNITED STATES|19|24|37579.4|0.03|19|12037|12037|1171|1171|8
1|ARGENTINA|29|1|7182.65|0.09|29|12037|12037|1171|1171|8
4|EGYPT|38|4|19520.8|0.04|38|12037|12037|1171|1171|8
24|UNITED STATES|46|24|48980.58|0.0|46|4071|4071|1171|1171|8
1|ARGENTINA|29|1|39509.58|0.02|29|4071|4071|1171|1171|8
4|EGYPT|22|4|75919.6|0.03|22|40965|40965|1171|1171|8
16|MOZAMBIQUE|58|16|45787.56|0.08|58|40965|40965|1171|1171|8
24|UNITED STATES|19|24|26560.6|0.1|19|40965|40965|1171|1171|8
0|ALGERIA|28|0|57079.06|0.02|28|40965|40965|1171|1171|8
22|RUSSIA|16|22|59680.32|0.06|16|40965|40965|1171|1171|8
7|GERMANY|33|7|3305.5|0.0|33|3173|3173|1171|1171|8
0|ALGERIA|37|0|2754.94|0.0|37|3173|3173|1171|1171|8
10|IRAN|34|10|50909.25|0.01|34|3173|3173|1171|1171|8
22|RUSSIA|16|22|20277.76|0.06|16|3173|3173|1171|1171|8
19|ROMANIA|52|19|6592.05|0.09|52|3173|3173|1171|1171|8
12|JAPAN|43|12|19124.64|0.07|43|34021|34021|1171|1171|8
16|MOZAMBIQUE|18|16|53897.6|0.09|18|10276|10276|1171|1171|8
4|EGYPT|38|4|55443.34|0.09|38|10276|10276|1171|1171|8
24|UNITED STATES|49|24|73826.61|0.09|49|10276|10276|1171|1171|8
18|CHINA|41|18|62752.05|0.03|41|10276|10276|1171|1171|8
5|ETHIOPIA|2|5|29989.77|0.06|2|10276|10276|1171|1171|8
16|MOZAMBIQUE|73|16|20041.12|0.09|73|40896|40896|1060|1060|8
4|EGYPT|67|4|9946.5|0.09|67|40896|40896|1060|1060|8
22|RUSSIA|65|22|23389.52|0.05|65|40896|40896|1060|1060|8
7|GERMANY|53|7|64100.54|0.09|53|40896|40896|1060|1060|8
18|CHINA|75|18|59564.5|0.03|75|40896|40896|1060|1060|8
6|FRANCE|70|6|29248.32|0.03|70|25504|25504|1060|1060|8
8|INDIA|12|8|14685.57|0.04|12|25504|25504|1060|1060|8
0|ALGERIA|28|0|47473.92|0.07|28|25504|25504|1060|1060|8
9|INDONESIA|51|9|31875.66|0.0|51|42118|42118|1060|1060|8
7|GERMANY|33|7|66760.54|0.07|33|42118|42118|1060|1060|8
21|VIETNAM|26|21|32061.66|0.08|26|42118|42118|1060|1060|8
8|INDIA|15|8|21765.1|0.01|15|42118|42118|1060|1060|8
13|JORDAN|36|13|13863.85|0.03|36|42118|42118|1060|1060|8
22|RUSSIA|65|22|45687.29|0.1|65|42118|42118|1060|1060|8
20|SAUDI ARABIA|74|20|4129.41|0.09|74|4609|4609|1060|1060|8
17|PERU|8|17|64292.55|0.09|8|19844|19844|1060|1060|8
21|VIETNAM|26|21|52761.12|0.07|26|19844|19844|1060|1060|8
23|UNITED KINGDOM|32|23|67121.55|0.01|32|19844|19844|1060|1060|8
0|ALGERIA|28|0|19179.74|0.08|28|19844|19844|1060|1060|8
22|RUSSIA|16|22|43336.99|0.1|16|19844|19844|1060|1060|8
24|UNITED STATES|64|24|15016.5|0.01|64|19844|19844|1060|1060|8
22|RUSSIA|40|22|59565.92|0.03|40|36322|36322|1060|1060|8
9|INDONESIA|50|9|16380.0|0.06|50|36322|36322|1060|1060|8
8|INDIA|12|8|25272.81|0.09|12|36322|36322|1060|1060|8
22|RUSSIA|40|22|56361.76|0.1|40|13312|13312|1060|1060|8
21|VIETNAM|80|21|7632.4|0.1|80|3008|3008|316|316|8
7|GERMANY|77|7|46487.29|0.05|77|3008|3008|316|316|8
21|VIETNAM|26|21|43407.2|0.01|26|3008|3008|316|316|8
8|INDIA|15|8|53779.73|0.03|15|3008|3008|316|316|8
20|SAUDI ARABIA|74|20|65926.56|0.07|74|3008|3008|316|316|8
23|UNITED KINGDOM|7|23|53897.6|0.07|7|6402|6402|316|316|8
21|VIETNAM|68|21|59157.0|0.09|68|6402|6402|316|316|8
1|ARGENTINA|29|1|39137.58|0.07|29|6402|6402|316|316|8
18|CHINA|41|18|26524.26|0.04|41|6402|6402|316|316|8
17|PERU|8|17|7207.7|0.03|8|24965|24965|316|316|8
16|MOZAMBIQUE|58|16|25799.37|0.09|58|24965|24965|316|316|8
8|INDIA|12|8|51456.0|0.03|12|24965|24965|316|316|8
22|RUSSIA|65|22|57941.6|0.0|65|24965|24965|316|316|8
19|ROMANIA|52|19|66597.84|0.06|52|24965|24965|316|316|8
6|FRANCE|70|6|13678.4|0.05|70|31844|31844|316|316|8
1|ARGENTINA|3|1|28228.36|0.04|3|31844|31844|316|316|8
5|ETHIOPIA|63|5|38885.34|0.04|63|7970|7970|316|316|8
9|INDONESIA|50|9|84176.32|0.03|50|3617|3617|316|316|8
6|FRANCE|70|6|53848.96|0.0|70|3617|3617|316|316|8
14|KENYA|79|14|26979.04|0.1|79|3617|3617|316|316|8
22|RUSSIA|65|22|26956.48|0.05|65|3617|3617|316|316|8
4|EGYPT|38|4|10912.99|0.08|38|3617|3617|316|316|8
9|INDONESIA|51|9|11400.6|0.06|51|8513|8513|316|316|8
8|INDIA|60|8|43818.81|0.07|60|8513|8513|316|316|8
8|INDIA|39|8|51050.72|0.06|39|8513|8513|316|316|8
3|CANADA|20|3|9263.94|0.04|20|8513|8513|316|316|8
21|VIETNAM|35|21|1948.14|0.03|35|43393|43393|316|316|8
3|CANADA|20|3|50805.5|0.04|20|43393|43393|316|316|8
23|UNITED KINGDOM|66|23|27623.61|0.0|66|33155|33155|316|316|8
15|MOROCCO|14|15|1080.17|0.02|14|13377|13377|316|316|8
15|MOROCCO|14|15|51574.95|0.03|14|13377|13377|316|316|8
16|MOZAMBIQUE|73|16|25391.03|0.1|73|42785|42785|91|91|8
21|VIETNAM|26|21|29143.44|0.07|26|42785|42785|91|91|8
8|INDIA|12|8|1321.42|0.02|12|42785|42785|91|91|8
24|UNITED STATES|19|24|26861.04|0.1|19|42785|42785|91|91|8
18|CHINA|75|18|36543.96|0.08|75|42785|42785|91|91|8
1|ARGENTINA|3|1|37177.99|0.07|3|6212|6212|91|91|8
23|UNITED KINGDOM|7|23|14838.66|0.07|7|6176|6176|91|91|8
17|PERU|59|17|68032.0|0.01|59|6176|6176|91|91|8
14|KENYA|48|14|4063.35|0.09|48|21061|21061|91|91|8
24|UNITED STATES|19|24|37225.7|0.03|19|21061|21061|91|91|8
17|PERU|1|17|71784.85|0.05|1|27520|27520|91|91|8
11|IRAQ|5|11|12936.28|0.04|5|27520|27520|91|91|8
22|RUSSIA|40|22|23937.2|0.03|40|27520|27520|91|91|8
4|EGYPT|67|4|82104.48|0.0|67|27520|27520|91|91|8
4|EGYPT|38|4|47812.32|0.0|38|27520|27520|91|91|8
18|CHINA|41|18|39082.24|0.02|41|27520|27520|91|91|8
1|ARGENTINA|3|1|28828.43|0.09|3|27520|27520|91|91|8
9|INDONESIA|23|9|32723.04|0.03|23|10790|10790|91|91|8
17|PERU|8|17|56620.4|0.1|8|14498|14498|91|91|8
23|UNITED KINGDOM|66|23|21694.96|0.1|66|14498|14498|91|91|8
8|INDIA|61|8|5095.55|0.06|61|14498|14498|91|91|8
21|VIETNAM|26|21|23554.76|0.08|26|14498|14498|91|91|8
8|INDIA|39|8|9684.36|0.09|39|14498|14498|91|91|8
22|RUSSIA|42|22|16547.5|0.08|42|14498|14498|91|91|8
19|ROMANIA|52|19|22344.2|0.08|52|14498|14498|91|91|8
14|KENYA|6|14|34812.25|0.03|6|41030|41030|91|91|8
8|INDIA|61|8|58142.48|0.02|61|41030|41030|91|91|8
3|CANADA|20|3|31978.1|0.09|20|41030|41030|91|91|8
17|PERU|59|17|2508.7|0.05|59|18181|18181|1030|1030|8
5|ETHIOPIA|78|5|34137.72|0.01|78|18181|18181|1030|1030|8
12|JAPAN|43|12|25641.36|0.07|43|18181|18181|1030|1030|8
16|MOZAMBIQUE|31|16|12069.09|0.05|31|18181|18181|1030|1030|8
11|IRAQ|5|11|42734.92|0.08|5|34401|34401|1030|1030|8
18|CHINA|72|18|10631.22|0.07|72|34401|34401|1030|1030|8
8|INDIA|12|8|44410.73|0.0|12|34401|34401|1030|1030|8
9|INDONESIA|23|9|45100.0|0.08|23|34401|34401|1030|1030|8
16|MOZAMBIQUE|58|16|17737.98|0.03|58|10213|10213|1030|1030|8
24|UNITED STATES|49|24|4456.84|0.0|49|10213|10213|1030|1030|8
19|ROMANIA|52|19|12226.05|0.1|52|10213|10213|1030|1030|8
4|EGYPT|22|4|40062.32|0.06|22|10624|10624|1030|1030|8
16|MOZAMBIQUE|58|16|25876.08|0.1|58|10624|10624|1030|1030|8
9|INDONESIA|45|9|45108.0|0.09|45|10624|10624|1030|1030|8
20|SAUDI ARABIA|74|20|45544.14|0.03|74|10624|10624|1030|1030|8
20|SAUDI ARABIA|74|20|25063.06|0.02|74|10624|10624|1030|1030|8
4|EGYPT|38|4|13496.31|0.01|38|4064|4064|1030|1030|8
3|CANADA|20|3|18244.65|0.02|20|4064|4064|1030|1030|8
5|ETHIOPIA|63|5|62995.16|0.03|63|4064|4064|1030|1030|8
14|KENYA|6|14|32375.0|0.01|6|6594|6594|1030|1030|8
16|MOZAMBIQUE|58|16|39431.86|0.0|58|6594|6594|1030|1030|8
10|IRAN|34|10|9901.71|0.0|34|6594|6594|1030|1030|8
19|ROMANIA|17|19|24883.3|0.02|17|6594|6594|1030|1030|8
16|MOZAMBIQUE|31|16|8252.82|0.1|31|6594|6594|1030|1030|8
7|GERMANY|53|7|26764.32|0.1|53|6594|6594|1030|1030|8
16|MOZAMBIQUE|31|16|69373.89|0.05|31|6594|6594|1030|1030|8
21|VIETNAM|80|21|29116.08|0.01|80|5444|5444|1030|1030|8
4|EGYPT|22|4|44007.6|0.08|22|5444|5444|1030|1030|8
13|JORDAN|36|13|22116.15|0.07|36|5444|5444|1030|1030|8
4|EGYPT|67|4|49533.2|0.05|67|5444|5444|1030|1030|8
12|JAPAN|43|12|45291.51|0.05|43|5444|5444|1030|1030|8
4|EGYPT|38|4|26614.56|0.04|38|5444|5444|1030|1030|8
21|VIETNAM|35|21|48151.8|0.03|35|24583|24583|1030|1030|8
23|UNITED KINGDOM|7|23|23560.05|0.07|7|12486|12486|1030|1030|8
14|KENYA|6|14|35717.6|0.1|6|12486|12486|1030|1030|8
9|INDONESIA|51|9|35129.86|0.08|51|12486|12486|1030|1030|8
19|ROMANIA|62|19|20104.85|0.06|62|12486|12486|1030|1030|8
16|MOZAMBIQUE|58|16|28032.42|0.09|58|12486|12486|1030|1030|8
22|RUSSIA|65|22|44279.88|0.01|65|12486|12486|1030|1030|8
0|ALGERIA|28|0|6795.16|0.08|28|12486|12486|1030|1030|8
8|INDIA|60|8|40680.0|0.09|60|20453|20453|688|688|8
14|KENYA|47|14|3173.36|0.04|47|20453|20453|688|688|8
22|RUSSIA|65|22|3708.99|0.03|65|20453|20453|688|688|8
19|ROMANIA|17|19|40331.07|0.03|17|20453|20453|688|688|8
3|CANADA|20|3|56803.25|0.03|20|20453|20453|688|688|8
5|ETHIOPIA|2|5|13188.56|0.04|2|20453|20453|688|688|8
19|ROMANIA|62|19|29725.71|0.07|62|33026|33026|688|688|8
16|MOZAMBIQUE|58|16|22311.66|0.02|58|33026|33026|688|688|8
16|MOZAMBIQUE|73|16|36938.66|0.05|73|46209|46209|688|688|8
18|CHINA|27|18|10938.62|0.08|27|46209|46209|688|688|8
10|IRAN|34|10|14711.73|0.04|34|47076|47076|688|688|8
17|PERU|59|17|46389.7|0.01|59|1633|1633|115|115|8
10|IRAN|34|10|13995.45|0.0|34|1633|1633|115|115|8
9|INDONESIA|51|9|59103.84|0.09|51|20743|20743|115|115|8
15|MOROCCO|14|15|35618.4|0.06|14|20743|20743|115|115|8
15|MOROCCO|4|15|8090.64|0.0|4|20743|20743|115|115|8
3|CANADA|20|3|9502.08|0.01|20|20743|20743|115|115|8
5|ETHIOPIA|2|5|35408.07|0.01|2|20743|20743|115|115|8
18|CHINA|27|18|36263.22|0.08|27|27904|27904|115|115|8
22|RUSSIA|16|22|29960.77|0.03|16|27904|27904|115|115|8
10|IRAN|9|10|14230.96|0.03|9|31457|31457|115|115|8
9|INDONESIA|45|9|75905.1|0.0|45|31457|31457|115|115|8
18|CHINA|72|18|11111.7|0.04|72|15619|15619|115|115|8
10|IRAN|9|10|49655.76|0.05|9|15619|15619|115|115|8
4|EGYPT|69|4|28709.26|0.09|69|15619|15619|115|115|8
13|JORDAN|36|13|49696.92|0.03|36|15619|15619|115|115|8
21|VIETNAM|35|21|45262.84|0.09|35|15619|15619|115|115|8
10|IRAN|34|10|72036.0|0.07|34|15619|15619|115|115|8
4|EGYPT|38|4|60944.8|0.09|38|15619|15619|115|115|8
17|PERU|8|17|62967.5|0.0|8|17440|17440|115|115|8
7|GERMANY|53|7|40716.69|0.04|53|17440|17440|115|115|8
22|RUSSIA|42|22|13294.08|0.0|42|17440|17440|115|115|8
22|RUSSIA|42|22|33003.3|0.02|42|17440|17440|115|115|8
7|GERMANY|44|7|33777.1|0.09|44|27204|27204|115|115|8
9|INDONESIA|23|9|40776.01|0.03|23|27204|27204|115|115|8
24|UNITED STATES|19|24|11820.56|0.1|19|27204|27204|115|115|8
16|MOZAMBIQUE|18|16|30933.25|0.07|18|27204|27204|115|115|8
24|UNITED STATES|10|24|13460.31|0.07|10|27204|27204|115|115|8
15|MOROCCO|14|15|46319.7|0.01|14|2306|2306|214|214|8
16|MOZAMBIQUE|58|16|42517.02|0.04|58|2306|2306|214|214|8
24|UNITED STATES|46|24|73428.0|0.09|46|2306|2306|214|214|8
0|ALGERIA|24|0|38911.95|0.06|24|2306|2306|214|214|8
14|KENYA|76|14|24802.6|0.07|76|2306|2306|214|214|8
24|UNITED STATES|49|24|43475.46|0.04|49|2306|2306|214|214|8
16|MOZAMBIQUE|30|16|54809.42|0.0|30|2306|2306|214|214|8
18|CHINA|72|18|39185.72|0.03|72|34049|34049|214|214|8
0|ALGERIA|37|0|10541.5|0.08|37|34049|34049|214|214|8
15|MOROCCO|14|15|19876.66|0.08|14|20487|20487|214|214|8
16|MOZAMBIQUE|56|16|88989.6|0.08|56|20487|20487|214|214|8
9|INDONESIA|23|9|17778.96|0.02|23|20487|20487|214|214|8
4|EGYPT|67|4|60990.78|0.07|67|20487|20487|214|214|8
17|PERU|57|17|58345.92|0.01|57|31237|31237|214|214|8
24|UNITED STATES|19|24|48274.06|0.05|19|31237|31237|214|214|8
15|MOROCCO|4|15|32372.2|0.1|4|31237|31237|214|214|8
16|MOZAMBIQUE|18|16|23625.12|0.09|18|31237|31237|214|214|8
18|CHINA|41|18|14163.36|0.01|41|31237|31237|214|214|8
12|JAPAN|43|12|91677.53|0.08|43|12709|12709|214|214|8
8|INDIA|39|8|22838.48|0.09|39|12709|12709|214|214|8
22|RUSSIA|40|22|65937.96|0.02|40|30082|30082|214|214|8
7|GERMANY|77|7|50754.6|0.07|77|45793|45793|214|214|8
15|MOROCCO|14|15|46675.23|0.01|14|45793|45793|214|214|8
8|INDIA|61|8|20680.88|0.03|61|25826|25826|620|620|8
24|UNITED STATES|46|24|43649.19|0.03|46|25826|25826|620|620|8
19|ROMANIA|17|19|18294.89|0.09|17|25826|25826|620|620|8
22|RUSSIA|16|22|20091.78|0.01|16|25826|25826|620|620|8
3|CANADA|20|3|2080.26|0.02|20|25826|25826|620|620|8
8|INDIA|12|8|33366.3|0.1|12|29830|29830|620|620|8
24|UNITED STATES|55|24|61974.0|0.1|55|1541|1541|752|752|8
14|KENYA|47|14|8849.6|0.1|47|1541|1541|752|752|8
8|INDIA|61|8|3639.93|0.04|61|31558|31558|752|752|8
17|PERU|57|17|91846.5|0.02|57|31558|31558|752|752|8
1|ARGENTINA|29|1|3792.16|0.0|29|31558|31558|752|752|8
2|BRAZIL|21|2|18969.9|0.03|21|31558|31558|752|752|8
20|SAUDI ARABIA|74|20|34977.86|0.05|74|31558|31558|752|752|8
22|RUSSIA|40|22|5751.2|0.1|40|21890|21890|752|752|8
18|CHINA|72|18|38320.48|0.04|72|21890|21890|752|752|8
6|FRANCE|70|6|50477.46|0.0|70|21890|21890|752|752|8
4|EGYPT|67|4|22493.8|0.07|67|21890|21890|752|752|8
8|INDIA|39|8|5073.44|0.1|39|21890|21890|752|752|8
10|IRAN|34|10|24133.48|0.03|34|47654|47654|752|752|8
