33132.42|0.07|38176
4796.07|0.04|19586
8108.6|0.1|25152
47173.84|0.09|14372
3537.81|0.04|17760
20526.66|0.02|46151
2484.68|0.01|16165
47890.88|0.1|29860
3805.08|0.03|46470
66671.5|0.08|17155
53739.96|0.1|3938
30155.79|0.04|47042
38814.47|0.05|28166
8873.6|0.05|15461
34111.5|0.0|46690
26235.58|0.09|391
10230.33|0.09|36130
47510.4|0.0|46151
16097.28|0.04|34150
46816.23|0.04|29541
46936.32|0.02|39265
21759.56|0.1|28166
39336.92|0.08|46085
43507.53|0.0|24294
12145.32|0.04|18145
35938.25|0.01|1507
57902.4|0.04|46085
45265.92|0.03|42081
8156.7|0.08|39078
29491.4|0.07|10082
33460.75|0.05|39430
52229.86|0.04|43170
6895.44|0.09|29860
48212.46|0.01|39650
61357.56|0.01|29893
31375.41|0.08|17760
12116.39|0.01|39045
35632.22|0.06|46690
27109.0|0.1|27077
12253.44|0.08|36295
23545.92|0.09|43170
46216.17|0.07|22050
56961.5|0.06|47042
29719.92|0.03|29189
16334.19|0.09|14086
17687.04|0.06|22182
11856.69|0.05|18178
50935.68|0.05|10082
73710.24|0.1|29024
31814.44|0.01|35173
6667.15|0.01|16451
50570.19|0.02|38242
88365.12|0.0|2948
8920.59|0.08|35041
18524.16|0.0|24261
55240.48|0.0|27330
27420.96|0.04|23392
67986.52|0.08|18464
15196.1|0.06|10082
45724.95|0.07|19652
51335.2|0.0|29860
22844.8|0.06|18112
65541.03|0.09|26274
44090.54|0.06|25570
45359.68|0.1|25152
69855.26|0.05|16352
26560.26|0.04|18464
48020.44|0.0|28001
66044.3|0.01|18530
9200.87|0.05|19333
51863.04|0.0|26021
48492.4|0.07|29156
44553.6|0.02|23392
46939.8|0.07|15043
26164.62|0.05|13030
44991.22|0.05|1826
68573.5|0.01|1925
12937.77|0.07|1826
34476.4|0.05|28067
43415.19|0.08|42081
21022.5|0.05|34183
21902.46|0.08|22083
2166.36|0.05|29794
7832.56|0.03|36130
59007.36|0.04|24162
76064.64|0.01|47493
2056.24|0.02|24096
63331.68|0.08|44391
15585.12|0.05|17155
53966.04|0.05|35492
12950.04|0.07|15043
28613.62|0.08|17760
42820.53|0.0|24162
46814.04|0.01|22050
66564.05|0.0|47042
24037.74|0.1|46690
31889.04|0.03|43170
8524.0|0.0|15780
3077.26|0.05|18310
29496.19|0.01|38242
13426.7|0.02|24294
45126.18|0.0|2816
46085.3|0.08|46690
12802.44|0.03|3905
46615.14|0.0|14240
16009.83|0.1|39650
48121.92|0.09|32291
35437.75|0.0|46151
56733.18|0.04|25350
15556.5|0.06|19333
86847.08|0.0|22050
24819.12|0.05|18596
1976.16|0.03|25031
36811.44|0.05|38242
27480.3|0.06|35173
12361.23|0.05|15780
2754.03|0.09|19333
65697.12|0.02|27330
37114.7|0.1|36130
2835.02|0.02|18464
55110.0|0.07|19333
38042.0|0.08|38594
24740.46|0.0|16770
48728.89|0.0|24580
36631.87|0.05|39078
25691.2|0.0|22083
1384.48|0.08|17221
82383.95|0.0|46052
55284.69|0.08|47042
34022.45|0.03|19047
26633.22|0.02|29893
50485.44|0.08|16352
36242.92|0.1|2915
31163.22|0.01|15175
19833.06|0.01|32291
37134.46|0.05|33094
66599.04|0.04|18145
11271.15|0.03|19234
21702.56|0.05|22050
52497.04|0.03|22083
33486.3|0.07|29475
45559.21|0.02|18145
16242.27|0.06|23172
72777.5|0.1|35492
18560.34|0.06|32291
24740.46|0.04|39078
7589.26|0.06|18244
73228.0|0.1|29024
6783.16|0.04|4928
16626.08|0.1|47042
2616.8|0.07|32192
30461.66|0.06|43170
20541.1|0.01|38341
45346.14|0.07|42081
16998.45|0.02|193
27097.98|0.03|39265
8042.58|0.05|1826
4452.84|0.06|1826
60049.35|0.08|18112
52657.5|0.07|39463
35101.44|0.1|27077
6354.9|0.09|24294
22617.31|0.01|24162
17171.87|0.01|38341
46332.29|0.01|14372
84218.83|0.06|14240
14757.57|0.08|27011
1022.12|0.08|43170
14359.4|0.07|16352
38691.51|0.03|23491
6301.75|0.05|24294
51407.86|0.07|15461
46326.6|0.05|15043
39012.0|0.07|23073
64151.71|0.1|26054
4172.56|0.09|15010
27855.25|0.06|28485
10251.2|0.05|19047
32026.32|0.07|28485
19467.42|0.05|28485
36517.0|0.0|14240
8793.63|0.09|38055
52352.18|0.07|17540
11640.51|0.03|15010
57255.14|0.08|39463
13096.79|0.1|14086
41487.94|0.02|12480
39859.68|0.04|32192
5288.58|0.05|18464
54017.76|0.0|46052
43295.75|0.02|29761
15130.17|0.03|22182
42596.25|0.1|26054
41249.34|0.02|34150
34764.96|0.01|17155
1976.16|0.05|28485
60855.38|0.01|47493
56794.42|0.05|26791
17764.2|0.0|18145
64652.04|0.05|25031
61919.52|0.03|1507
51655.9|0.07|41091
80101.77|0.04|2948
1525.62|0.05|22083
55163.52|0.02|16231
27931.0|0.01|23073
38697.6|0.1|39364
53537.2|0.07|24294
47892.43|0.08|27396
31954.72|0.02|35492
18794.16|0.1|27330
39466.75|0.1|10082
41820.52|0.06|24162
83743.2|0.04|35041
39943.7|0.09|12260
14185.1|0.08|25031
65164.56|0.1|38176
11628.65|0.0|32192
20578.32|0.03|16165
72302.93|0.06|26373
40674.96|0.08|292
60544.8|0.1|32192
51887.48|0.05|25284
20098.76|0.01|27011
30261.33|0.0|15043
48596.17|0.06|17155
22266.42|0.0|15780
81638.4|0.04|16451
48578.06|0.08|38242
66870.8|0.02|28485
45703.56|0.05|19399
13106.28|0.0|16352
4621.0|0.1|14053
31231.06|0.07|19652
46273.75|0.1|36295
19366.91|0.06|1925
4785.25|0.1|17760
21728.1|0.09|27077
30987.0|0.01|41190
47412.66|0.01|46690
44939.56|0.04|23073
3593.78|0.02|19300
5962.36|0.09|27330
34162.45|0.06|1925
9041.76|0.1|292
10435.2|0.1|21093
22605.94|0.0|28166
6411.9|0.1|32192
7452.95|0.04|19333
13714.7|0.01|25350
13250.4|0.09|26054
54841.29|0.09|15142
44069.19|0.09|36295
23946.65|0.01|41190
13847.12|0.1|28353
22297.66|0.09|14240
40514.08|0.09|39265
7568.16|0.07|3905
25732.08|0.03|29156
86154.72|0.07|22050
29731.5|0.01|35173
45438.62|0.07|29893
50054.0|0.0|27396
66290.52|0.06|2915
10730.61|0.09|25570
55211.52|0.04|29475
39244.5|0.04|16451
28983.02|0.06|12480
21420.62|0.05|35492
54028.04|0.05|28485
19332.8|0.07|32192
21551.22|0.0|26373
29171.0|0.08|46151
41949.36|0.1|18244
4447.74|0.02|28771
30530.66|0.06|28001
66462.52|0.04|47042
37755.69|0.02|29475
43853.88|0.06|19047
17477.72|0.07|36262
12185.88|0.07|39265
66263.04|0.04|39265
1815.91|0.06|38242
13018.86|0.01|39078
13862.64|0.09|36262
37281.04|0.09|16352
26783.38|0.08|16165
30920.58|0.09|39078
4128.52|0.05|2816
34140.68|0.1|39430
23504.0|0.03|12260
15268.44|0.0|38660
62671.21|0.03|23392
49918.28|0.04|19520
30971.79|0.04|18112
1022.12|0.0|36262
23609.74|0.03|36163
42802.62|0.1|24162
7459.84|0.02|2816
19425.42|0.07|25350
47823.12|0.04|15010
7656.4|0.02|18530
39733.68|0.03|38176
16953.3|0.03|46470
59968.32|0.01|19652
1813.91|0.05|19652
21667.88|0.05|29794
7231.8|0.05|25152
65108.8|0.06|16165
56604.96|0.04|19234
36138.5|0.06|36130
20857.35|0.08|17441
41124.8|0.05|28001
49367.5|0.02|18530
