1|ARGENTINA|71|1|4749.12|0.09|71|12357|12357|124|124|18
3|CANADA|13|3|19857.0|0.03|13|12357|12357|124|124|18
7|GERMANY|53|7|32758.38|0.06|53|12357|12357|124|124|18
16|MOZAMBIQUE|30|16|76015.8|0.03|30|12357|12357|124|124|18
23|UNITED KINGDOM|7|23|55289.22|0.0|7|46304|46304|124|124|18
7|GERMANY|77|7|22825.2|0.09|77|46304|46304|124|124|18
19|ROMANIA|17|19|85626.24|0.09|17|46304|46304|124|124|18
22|RUSSIA|42|22|47040.69|0.04|42|46304|46304|124|124|18
22|RUSSIA|25|22|82031.4|0.06|25|44610|44610|124|124|18
14|KENYA|79|14|23336.8|0.08|79|44610|44610|124|124|18
14|KENYA|79|14|36920.8|0.02|79|44610|44610|124|124|18
19|ROMANIA|52|19|17818.38|0.1|52|44610|44610|124|124|18
1|ARGENTINA|3|1|26384.38|0.04|3|44610|44610|124|124|18
5|ETHIOPIA|78|5|33208.96|0.08|78|6791|6791|124|124|18
1|ARGENTINA|29|1|39102.16|0.04|29|6791|6791|124|124|18
12|JAPAN|43|12|39336.92|0.02|43|6791|6791|124|124|18
20|SAUDI ARABIA|74|20|3736.02|0.07|74|6791|6791|124|124|18
8|INDIA|12|8|19952.85|0.06|12|25317|25317|124|124|18
2|BRAZIL|21|2|20161.26|0.02|21|25317|25317|124|124|18
0|ALGERIA|28|0|9270.2|0.01|28|25317|25317|124|124|18
7|GERMANY|33|7|46237.68|0.08|33|10786|10786|124|124|18
4|EGYPT|69|4|1027.12|0.08|69|10786|10786|124|124|18
3|CANADA|20|3|21456.82|0.08|20|10786|10786|124|124|18
7|GERMANY|77|7|39011.7|0.07|77|44007|44007|124|124|18
14|KENYA|6|14|26881.4|0.06|6|5120|5120|124|124|18
8|INDIA|39|8|45660.96|0.01|39|7302|7302|124|124|18
16|MOZAMBIQUE|30|16|19208.88|0.0|30|7302|7302|124|124|18
7|GERMANY|77|7|68826.66|0.0|77|45382|45382|124|124|18
0|ALGERIA|37|0|20999.23|0.01|37|45382|45382|124|124|18
8|INDIA|15|8|52259.18|0.02|15|45382|45382|124|124|18
8|INDIA|15|8|52311.36|0.02|15|45382|45382|124|124|18
0|ALGERIA|24|0|34678.26|0.03|24|45382|45382|124|124|18
14|KENYA|79|14|39301.86|0.06|79|45382|45382|124|124|18
22|RUSSIA|16|22|67320.0|0.01|16|45382|45382|124|124|18
9|INDONESIA|51|9|6196.65|0.01|51|18144|18144|781|781|18
16|MOZAMBIQUE|73|16|45120.6|0.04|73|18144|18144|781|781|18
4|EGYPT|22|4|35038.5|0.07|22|18144|18144|781|781|18
3|CANADA|13|3|33497.88|0.03|13|18144|18144|781|781|18
1|ARGENTINA|29|1|25607.6|0.04|29|18144|18144|781|781|18
4|EGYPT|22|4|6627.1|0.06|22|35491|35491|781|781|18
19|ROMANIA|62|19|35909.62|0.1|62|43073|43073|781|781|18
24|UNITED STATES|49|24|10013.71|0.01|49|43073|43073|781|781|18
5|ETHIOPIA|63|5|20021.6|0.03|63|43073|43073|781|781|18
17|PERU|8|17|7175.84|0.09|8|27268|27268|781|781|18
21|VIETNAM|68|21|52696.4|0.01|68|27268|27268|781|781|18
16|MOZAMBIQUE|31|16|2516.7|0.03|31|27268|27268|781|781|18
10|IRAN|9|10|67281.91|0.1|9|42692|42692|781|781|18
0|ALGERIA|37|0|50948.65|0.01|37|42692|42692|781|781|18
21|VIETNAM|26|21|41179.44|0.04|26|42692|42692|781|781|18
24|UNITED STATES|64|24|22542.3|0.1|64|42692|42692|781|781|18
18|CHINA|41|18|49878.24|0.1|41|42692|42692|781|781|18
22|RUSSIA|40|22|55559.2|0.01|40|47841|47841|781|781|18
7|GERMANY|44|7|29475.11|0.04|44|47841|47841|781|781|18
9|INDONESIA|50|9|7165.74|0.08|50|47841|47841|781|781|18
8|INDIA|15|8|65720.5|0.02|15|47841|47841|781|781|18
14|KENYA|47|14|7499.88|0.02|47|47841|47841|781|781|18
8|INDIA|12|8|67940.38|0.0|12|47841|47841|781|781|18
17|PERU|59|17|28674.66|0.0|59|23300|23300|781|781|18
16|MOZAMBIQUE|58|16|58397.44|0.07|58|23300|23300|781|781|18
3|CANADA|13|3|11052.24|0.1|13|23300|23300|781|781|18
8|INDIA|12|8|9510.5|0.06|12|23300|23300|781|781|18
16|MOZAMBIQUE|18|16|73865.61|0.06|18|23300|23300|781|781|18
8|INDIA|15|8|32948.04|0.08|15|14887|14887|196|196|18
22|RUSSIA|25|22|25097.37|0.05|25|14887|14887|196|196|18
8|INDIA|39|8|32027.27|0.06|39|14887|14887|196|196|18
18|CHINA|75|18|15570.94|0.02|75|14887|14887|196|196|18
16|MOZAMBIQUE|58|16|13118.42|0.0|58|30980|30980|196|196|18
17|PERU|57|17|7336.08|0.05|57|30980|30980|196|196|18
9|INDONESIA|23|9|75804.08|0.02|23|30980|30980|196|196|18
11|IRAQ|5|11|8811.36|0.05|5|46881|46881|196|196|18
9|INDONESIA|50|9|22771.84|0.1|50|46881|46881|196|196|18
8|INDIA|15|8|8378.94|0.06|15|46881|46881|196|196|18
10|IRAN|34|10|83795.36|0.03|34|46881|46881|196|196|18
7|GERMANY|33|7|77060.83|0.1|33|26402|26402|196|196|18
9|INDONESIA|45|9|52002.76|0.1|45|26402|26402|196|196|18
4|EGYPT|22|4|9010.0|0.02|22|27558|27558|709|709|18
7|GERMANY|44|7|18531.76|0.03|44|29828|29828|709|709|18
16|MOZAMBIQUE|30|16|17082.72|0.04|30|33571|33571|709|709|18
14|KENYA|6|14|52695.44|0.06|6|25223|25223|709|709|18
19|ROMANIA|62|19|24506.18|0.07|62|25223|25223|709|709|18
8|INDIA|61|8|23414.27|0.08|61|25223|25223|709|709|18
14|KENYA|48|14|40112.1|0.0|48|25223|25223|709|709|18
0|ALGERIA|24|0|35710.36|0.04|24|25223|25223|709|709|18
12|JAPAN|43|12|4901.19|0.0|43|25223|25223|709|709|18
7|GERMANY|44|7|38053.14|0.09|44|4775|4775|1018|1018|18
8|INDIA|60|8|1492.59|0.1|60|4775|4775|1018|1018|18
17|PERU|59|17|41596.14|0.02|59|4775|4775|1018|1018|18
5|ETHIOPIA|2|5|72108.66|0.07|2|4775|4775|1018|1018|18
21|VIETNAM|80|21|31586.56|0.1|80|15907|15907|1018|1018|18
17|PERU|1|17|36283.44|0.0|1|15907|15907|1018|1018|18
6|FRANCE|70|6|21759.56|0.09|70|15907|15907|1018|1018|18
3|CANADA|13|3|45093.3|0.08|13|15907|15907|1018|1018|18
3|CANADA|13|3|5890.28|0.01|13|15907|15907|1018|1018|18
14|KENYA|76|14|64821.6|0.03|76|15907|15907|1018|1018|18
21|VIETNAM|35|21|20789.61|0.04|35|11203|11203|1198|1198|18
8|INDIA|12|8|57352.23|0.05|12|11203|11203|1198|1198|18
9|INDONESIA|51|9|58897.02|0.05|51|448|448|1198|1198|18
8|INDIA|60|8|23002.07|0.02|60|448|448|1198|1198|18
12|JAPAN|43|12|3612.0|0.0|43|448|448|1198|1198|18
3|CANADA|20|3|39032.35|0.1|20|448|448|1198|1198|18
20|SAUDI ARABIA|74|20|10034.8|0.1|74|448|448|1198|1198|18
7|GERMANY|33|7|44964.64|0.01|33|3395|3395|1198|1198|18
21|VIETNAM|80|21|63548.08|0.05|80|25863|25863|1198|1198|18
0|ALGERIA|37|0|52082.58|0.06|37|25863|25863|1198|1198|18
15|MOROCCO|14|15|37559.07|0.05|14|25863|25863|1198|1198|18
12|JAPAN|54|12|38490.75|0.08|54|25863|25863|1198|1198|18
4|EGYPT|38|4|51254.4|0.01|38|25863|25863|1198|1198|18
17|PERU|8|17|17634.72|0.04|8|32001|32001|1198|1198|18
8|INDIA|60|8|31640.0|0.05|60|32001|32001|1198|1198|18
23|UNITED KINGDOM|32|23|21385.54|0.03|32|32001|32001|1198|1198|18
19|ROMANIA|17|19|72124.8|0.0|17|32001|32001|1198|1198|18
24|UNITED STATES|64|24|42573.44|0.03|64|32001|32001|1198|1198|18
17|PERU|8|17|36110.61|0.0|8|15427|15427|19|19|18
4|EGYPT|67|4|45938.36|0.03|67|15427|15427|19|19|18
16|MOZAMBIQUE|30|16|45300.0|0.1|30|15427|15427|19|19|18
24|UNITED STATES|46|24|37151.7|0.0|46|32708|32708|19|19|18
0|ALGERIA|28|0|57436.48|0.02|28|32708|32708|19|19|18
3|CANADA|20|3|36192.78|0.08|20|32708|32708|19|19|18
23|UNITED KINGDOM|7|23|17715.2|0.05|7|27748|27748|19|19|18
19|ROMANIA|62|19|35967.24|0.02|62|27748|27748|19|19|18
8|INDIA|61|8|56414.1|0.01|61|27748|27748|19|19|18
0|ALGERIA|37|0|70058.4|0.0|37|27748|27748|19|19|18
12|JAPAN|43|12|22343.84|0.01|43|27748|27748|19|19|18
18|CHINA|41|18|24668.46|0.1|41|27748|27748|19|19|18
18|CHINA|11|18|15080.38|0.07|11|42338|42338|19|19|18
14|KENYA|79|14|57520.86|0.02|79|42338|42338|19|19|18
24|UNITED STATES|46|24|52744.24|0.07|46|42338|42338|19|19|18
17|PERU|57|17|8734.2|0.04|57|40864|40864|19|19|18
22|RUSSIA|65|22|31207.22|0.03|65|40864|40864|19|19|18
24|UNITED STATES|10|24|22439.52|0.09|10|40864|40864|19|19|18
22|RUSSIA|42|22|61212.8|0.04|42|40864|40864|19|19|18
18|CHINA|41|18|5760.36|0.07|41|40864|40864|19|19|18
18|CHINA|41|18|30773.64|0.1|41|40864|40864|19|19|18
20|SAUDI ARABIA|74|20|37921.6|0.08|74|40864|40864|19|19|18
18|CHINA|11|18|32551.05|0.04|11|14881|14881|19|19|18
21|VIETNAM|26|21|46740.05|0.07|26|14881|14881|19|19|18
22|RUSSIA|16|22|32096.27|0.0|16|14881|14881|19|19|18
7|GERMANY|77|7|17971.08|0.1|77|36133|36133|19|19|18
16|MOZAMBIQUE|58|16|17373.75|0.04|58|36133|36133|19|19|18
19|ROMANIA|52|19|52901.55|0.03|52|36133|36133|19|19|18
11|IRAQ|5|11|19728.93|0.07|5|23142|23142|19|19|18
7|GERMANY|44|7|43029.36|0.06|44|23142|23142|19|19|18
9|INDONESIA|23|9|17321.59|0.1|23|23142|23142|19|19|18
0|ALGERIA|28|0|32418.5|0.07|28|23142|23142|19|19|18
18|CHINA|27|18|46040.4|0.01|27|23142|23142|19|19|18
17|PERU|1|17|2440.64|0.02|1|30272|30272|824|824|18
3|CANADA|20|3|39691.47|0.08|20|30272|30272|824|824|18
9|INDONESIA|50|9|68911.08|0.05|50|33542|33542|82|82|18
1|ARGENTINA|71|1|20181.6|0.02|71|33542|33542|82|82|18
8|INDIA|15|8|60475.35|0.04|15|33542|33542|82|82|18
7|GERMANY|53|7|22296.48|0.05|53|33542|33542|82|82|18
24|UNITED STATES|64|24|65670.5|0.05|64|33542|33542|82|82|18
9|INDONESIA|50|9|20966.4|0.04|50|28416|28416|82|82|18
22|RUSSIA|16|22|48177.87|0.0|16|28416|28416|82|82|18
9|INDONESIA|23|9|6837.3|0.09|23|30918|30918|82|82|18
17|PERU|1|17|40033.92|0.01|1|7108|7108|82|82|18
9|INDONESIA|51|9|55868.67|0.09|51|7108|7108|82|82|18
1|ARGENTINA|71|1|10111.1|0.08|71|31686|31686|82|82|18
8|INDIA|15|8|22148.55|0.0|15|31686|31686|82|82|18
14|KENYA|79|14|28947.87|0.01|79|31686|31686|82|82|18
10|IRAN|34|10|62803.2|0.01|34|31686|31686|82|82|18
16|MOZAMBIQUE|18|16|7133.77|0.02|18|31686|31686|82|82|18
19|ROMANIA|62|19|5125.52|0.0|62|25603|25603|82|82|18
24|UNITED STATES|55|24|20163.78|0.01|55|25603|25603|82|82|18
8|INDIA|15|8|56063.67|0.0|15|25603|25603|82|82|18
21|VIETNAM|26|21|35009.52|0.08|26|25603|25603|82|82|18
7|GERMANY|33|7|16465.92|0.02|33|40288|40288|82|82|18
19|ROMANIA|62|19|56732.72|0.02|62|46629|46629|82|82|18
21|VIETNAM|26|21|35786.34|0.0|26|46629|46629|82|82|18
12|JAPAN|43|12|25975.62|0.09|43|46629|46629|82|82|18
14|KENYA|76|14|36960.99|0.08|76|46629|46629|82|82|18
2|BRAZIL|21|2|13698.74|0.07|21|46629|46629|82|82|18
7|GERMANY|53|7|53304.32|0.1|53|46629|46629|82|82|18
22|RUSSIA|25|22|83338.0|0.08|25|33380|33380|82|82|18
7|GERMANY|77|7|29991.8|0.09|77|33185|33185|82|82|18
14|KENYA|79|14|44602.95|0.02|79|33185|33185|82|82|18
21|VIETNAM|80|21|9506.24|0.03|80|15552|15552|82|82|18
21|VIETNAM|80|21|80785.5|0.06|80|15552|15552|82|82|18
23|UNITED KINGDOM|66|23|34262.74|0.07|66|15552|15552|82|82|18
22|RUSSIA|25|22|53408.94|0.09|25|15552|15552|82|82|18
4|EGYPT|67|4|18121.46|0.1|67|15552|15552|82|82|18
8|INDIA|39|8|19347.35|0.03|39|15552|15552|82|82|18
20|SAUDI ARABIA|74|20|65681.07|0.01|74|15552|15552|82|82|18
16|MOZAMBIQUE|73|16|18840.91|0.08|73|37764|37764|82|82|18
0|ALGERIA|24|0|16978.56|0.1|24|37764|37764|82|82|18
3|CANADA|13|3|19971.85|0.0|13|37764|37764|82|82|18
21|VIETNAM|35|21|38162.0|0.1|35|37764|37764|82|82|18
16|MOZAMBIQUE|56|16|41799.78|0.1|56|37764|37764|82|82|18
5|ETHIOPIA|78|5|46705.6|0.08|78|37764|37764|82|82|18
18|CHINA|75|18|40484.4|0.04|75|37764|37764|82|82|18
17|PERU|57|17|32597.1|0.07|57|28931|28931|82|82|18
9|INDONESIA|45|9|31329.98|0.08|45|28931|28931|82|82|18
2|BRAZIL|21|2|12396.09|0.02|21|28931|28931|82|82|18
19|ROMANIA|17|19|47481.75|0.08|17|28931|28931|82|82|18
4|EGYPT|22|4|18815.25|0.0|22|15941|15941|82|82|18
9|INDONESIA|50|9|20405.1|0.1|50|15941|15941|82|82|18
4|EGYPT|69|4|39993.09|0.03|69|15941|15941|82|82|18
12|JAPAN|54|12|25393.5|0.01|54|15941|15941|82|82|18
0|ALGERIA|28|0|42637.76|0.09|28|15941|15941|82|82|18
5|ETHIOPIA|63|5|20983.61|0.0|63|15941|15941|82|82|18
16|MOZAMBIQUE|73|16|68014.22|0.08|73|20930|20930|614|614|18
22|RUSSIA|40|22|48814.89|0.01|40|20930|20930|614|614|18
7|GERMANY|33|7|10877.46|0.02|33|20930|20930|614|614|18
19|ROMANIA|52|19|17418.4|0.09|52|20930|20930|614|614|18
17|PERU|1|17|78851.52|0.02|1|29314|29314|614|614|18
14|KENYA|48|14|27769.6|0.02|48|29314|29314|614|614|18
19|ROMANIA|17|19|45501.72|0.03|17|29314|29314|614|614|18
22|RUSSIA|16|22|60670.35|0.02|16|40293|40293|614|614|18
21|VIETNAM|26|21|6903.28|0.07|26|15138|15138|614|614|18
12|JAPAN|54|12|27420.3|0.04|54|15138|15138|614|614|18
23|UNITED KINGDOM|66|23|9607.29|0.08|66|9346|9346|734|734|18
23|UNITED KINGDOM|32|23|59023.36|0.1|32|9346|9346|734|734|18
1|ARGENTINA|3|1|35678.94|0.08|3|9346|9346|734|734|18
22|RUSSIA|40|22|32375.0|0.06|40|4197|4197|734|734|18
7|GERMANY|44|7|38266.48|0.0|44|4197|4197|734|734|18
9|INDONESIA|50|9|46301.0|0.06|50|4197|4197|734|734|18
22|RUSSIA|25|22|56883.45|0.02|25|4197|4197|734|734|18
18|CHINA|41|18|69151.52|0.03|41|4197|4197|734|734|18
16|MOZAMBIQUE|30|16|55019.52|0.08|30|4197|4197|734|734|18
21|VIETNAM|26|21|36042.27|0.1|26|1479|1479|118|118|18
7|GERMANY|33|7|80388.96|0.01|33|31520|31520|118|118|18
4|EGYPT|69|4|44707.1|0.07|69|31520|31520|118|118|18
14|KENYA|47|14|33454.27|0.03|47|31520|31520|118|118|18
24|UNITED STATES|19|24|7712.28|0.0|19|31520|31520|118|118|18
0|ALGERIA|28|0|36505.17|0.1|28|31520|31520|118|118|18
21|VIETNAM|80|21|36302.64|0.05|80|36933|36933|118|118|18
22|RUSSIA|40|22|39759.39|0.05|40|36933|36933|118|118|18
18|CHINA|72|18|17028.34|0.08|72|36933|36933|118|118|18
24|UNITED STATES|10|24|7582.26|0.03|10|36933|36933|118|118|18
4|EGYPT|38|4|34218.72|0.1|38|36933|36933|118|118|18
17|PERU|8|17|27698.9|0.05|8|22787|22787|118|118|18
14|KENYA|6|14|53648.76|0.06|6|22787|22787|118|118|18
14|KENYA|79|14|29931.0|0.08|79|22787|22787|118|118|18
10|IRAN|34|10|32207.0|0.02|34|22787|22787|118|118|18
24|UNITED STATES|10|24|29936.48|0.02|10|22787|22787|118|118|18
22|RUSSIA|42|22|40808.71|0.01|42|22787|22787|118|118|18
3|CANADA|20|3|2922.21|0.01|20|22787|22787|118|118|18
21|VIETNAM|80|21|41457.36|0.02|80|22018|22018|118|118|18
12|JAPAN|54|12|73337.44|0.02|54|22018|22018|118|118|18
23|UNITED KINGDOM|7|23|44494.8|0.08|7|9413|9413|118|118|18
19|ROMANIA|62|19|55267.41|0.04|62|9413|9413|118|118|18
0|ALGERIA|37|0|74493.31|0.01|37|9413|9413|118|118|18
5|ETHIOPIA|63|5|16236.0|0.03|63|9413|9413|118|118|18
17|PERU|8|17|19954.0|0.03|8|32806|32806|118|118|18
8|INDIA|61|8|28734.82|0.01|61|32806|32806|118|118|18
14|KENYA|48|14|955.05|0.08|48|32806|32806|118|118|18
17|PERU|59|17|77366.18|0.08|59|32806|32806|118|118|18
24|UNITED STATES|46|24|56165.76|0.0|46|32806|32806|118|118|18
19|ROMANIA|52|19|7393.98|0.03|52|32806|32806|118|118|18
20|SAUDI ARABIA|74|20|3180.45|0.09|74|6214|6214|118|118|18
24|UNITED STATES|55|24|31152.35|0.02|55|36992|36992|118|118|18
18|CHINA|72|18|12445.2|0.03|72|36992|36992|118|118|18
21|VIETNAM|26|21|81113.54|0.08|26|36992|36992|118|118|18
16|MOZAMBIQUE|58|16|3399.58|0.04|58|36992|36992|118|118|18
15|MOROCCO|4|15|35228.42|0.08|4|36992|36992|118|118|18
8|INDIA|39|8|10065.11|0.06|39|36992|36992|118|118|18
15|MOROCCO|14|15|36939.25|0.07|14|44198|44198|118|118|18
24|UNITED STATES|46|24|9820.38|0.01|46|44198|44198|118|118|18
17|PERU|57|17|23961.96|0.02|57|44198|44198|118|118|18
9|INDONESIA|45|9|36447.64|0.06|45|44198|44198|118|118|18
1|ARGENTINA|29|1|26683.05|0.09|29|44198|44198|118|118|18
7|GERMANY|77|7|2126.32|0.04|77|36258|36258|118|118|18
21|VIETNAM|68|21|41332.1|0.0|68|36258|36258|118|118|18
7|GERMANY|53|7|61973.94|0.0|53|36258|36258|118|118|18
17|PERU|57|17|23536.16|0.05|57|3974|3974|745|745|18
12|JAPAN|54|12|50250.52|0.1|54|3974|3974|745|745|18
19|ROMANIA|52|19|53733.54|0.08|52|11559|11559|745|745|18
1|ARGENTINA|29|1|33840.45|0.09|29|45216|45216|745|745|18
24|UNITED STATES|46|24|6171.65|0.07|46|24932|24932|745|745|18
24|UNITED STATES|46|24|5916.48|0.05|46|24932|24932|745|745|18
9|INDONESIA|23|9|12506.78|0.01|23|24932|24932|745|745|18
2|BRAZIL|21|2|37070.25|0.0|21|24932|24932|745|745|18
18|CHINA|72|18|50513.36|0.09|72|1926|1926|745|745|18
15|MOROCCO|14|15|13234.2|0.02|14|1926|1926|745|745|18
14|KENYA|47|14|35389.28|0.06|47|1926|1926|745|745|18
1|ARGENTINA|29|1|31281.6|0.06|29|1926|1926|745|745|18
24|UNITED STATES|64|24|18766.02|0.04|64|1926|1926|745|745|18
22|RUSSIA|40|22|33156.0|0.01|40|29026|29026|745|745|18
16|MOZAMBIQUE|58|16|44274.3|0.0|58|29026|29026|745|745|18
16|MOZAMBIQUE|18|16|40370.07|0.05|18|29026|29026|745|745|18
16|MOZAMBIQUE|73|16|48710.41|0.01|73|28642|28642|745|745|18
24|UNITED STATES|55|24|2722.92|0.02|55|28642|28642|745|745|18
9|INDONESIA|50|9|47615.92|0.02|50|28642|28642|745|745|18
4|EGYPT|69|4|51770.32|0.08|69|28642|28642|745|745|18
8|INDIA|60|8|40799.46|0.0|60|14404|14404|7|7|18
17|PERU|57|17|38377.23|0.04|57|14404|14404|7|7|18
14|KENYA|6|14|17418.9|0.03|6|28288|28288|7|7|18
7|GERMANY|33|7|35966.81|0.09|33|28288|28288|7|7|18
4|EGYPT|22|4|31620.68|0.1|22|28288|28288|7|7|18
0|ALGERIA|37|0|43978.3|0.07|37|28288|28288|7|7|18
21|VIETNAM|80|21|6907.4|0.06|80|26785|26785|7|7|18
14|KENYA|47|14|16649.76|0.07|47|26785|26785|7|7|18
15|MOROCCO|4|15|3297.57|0.1|4|26785|26785|7|7|18
2|BRAZIL|21|2|39482.34|0.04|21|26785|26785|7|7|18
22|RUSSIA|16|22|70004.25|0.1|16|26785|26785|7|7|18
9|INDONESIA|50|9|48298.46|0.0|50|28898|28898|7|7|18
8|INDIA|60|8|15449.5|0.1|60|28898|28898|7|7|18
14|KENYA|48|14|23641.92|0.0|48|28898|28898|7|7|18
3|CANADA|13|3|3865.14|0.03|13|28898|28898|7|7|18
7|GERMANY|53|7|21398.18|0.08|53|28898|28898|7|7|18
7|GERMANY|33|7|55873.77|0.01|33|17668|17668|7|7|18
18|CHINA|72|18|47589.3|0.05|72|17668|17668|7|7|18
17|PERU|59|17|50012.82|0.08|59|17668|17668|7|7|18
16|MOZAMBIQUE|56|16|30322.76|0.01|56|17668|17668|7|7|18
16|MOZAMBIQUE|18|16|14536.73|0.05|18|17668|17668|7|7|18
5|ETHIOPIA|2|5|62966.6|0.1|2|17668|17668|7|7|18
18|CHINA|11|18|42061.12|0.05|11|38306|38306|508|508|18
16|MOZAMBIQUE|58|16|58905.0|0.06|58|38306|38306|508|508|18
22|RUSSIA|25|22|7802.4|0.07|25|38306|38306|508|508|18
1|ARGENTINA|29|1|5573.85|0.0|29|38306|38306|508|508|18
5|ETHIOPIA|63|5|66951.28|0.06|63|38306|38306|508|508|18
8|INDIA|60|8|20181.56|0.04|60|7845|7845|508|508|18
24|UNITED STATES|46|24|1044.14|0.05|46|7845|7845|508|508|18
16|MOZAMBIQUE|30|16|64339.86|0.0|30|7845|7845|508|508|18
14|KENYA|6|14|23725.6|0.07|6|20069|20069|508|508|18
14|KENYA|48|14|2754.94|0.07|48|4423|4423|508|508|18
19|ROMANIA|17|19|3285.57|0.03|17|4423|4423|508|508|18
17|PERU|1|17|10162.74|0.02|1|24934|24934|508|508|18
4|EGYPT|22|4|46424.7|0.1|22|26439|26439|508|508|18
18|CHINA|72|18|56517.27|0.09|72|26439|26439|508|508|18
17|PERU|57|17|30516.21|0.02|57|26439|26439|508|508|18
24|UNITED STATES|10|24|2727.0|0.03|10|26439|26439|508|508|18
4|EGYPT|38|4|30597.21|0.04|38|26439|26439|508|508|18
3|CANADA|20|3|53447.0|0.0|20|26439|26439|508|508|18
21|VIETNAM|26|21|1894.08|0.04|26|5255|5255|508|508|18
19|ROMANIA|17|19|38582.64|0.09|17|5255|5255|508|508|18
22|RUSSIA|42|22|38141.1|0.04|42|5255|5255|508|508|18
15|MOROCCO|14|15|973.07|0.09|14|8354|8354|508|508|18
9|INDONESIA|51|9|46576.74|0.02|51|23270|23270|508|508|18
8|INDIA|15|8|39884.02|0.02|15|23270|23270|508|508|18
4|EGYPT|67|4|26052.45|0.06|67|23270|23270|508|508|18
24|UNITED STATES|19|24|15405.5|0.06|19|23270|23270|508|508|18
24|UNITED STATES|64|24|23245.02|0.09|64|23270|23270|508|508|18
5|ETHIOPIA|63|5|51769.08|0.09|63|23270|23270|508|508|18
5|ETHIOPIA|63|5|47246.76|0.1|63|23270|23270|508|508|18
8|INDIA|39|8|16473.49|0.03|39|26342|26342|508|508|18
4|EGYPT|69|4|24890.88|0.07|69|13541|13541|508|508|18
9|INDONESIA|45|9|1077.17|0.04|45|13541|13541|508|508|18
1|ARGENTINA|3|1|25765.37|0.07|3|13541|13541|508|508|18
24|UNITED STATES|49|24|78033.0|0.05|49|38469|38469|508|508|18
23|UNITED KINGDOM|7|23|43193.92|0.09|7|20416|20416|727|727|18
7|GERMANY|44|7|71861.44|0.08|44|20416|20416|727|727|18
8|INDIA|15|8|56130.3|0.09|15|20416|20416|727|727|18
10|IRAN|34|10|46670.05|0.0|34|20416|20416|727|727|18
20|SAUDI ARABIA|74|20|27595.7|0.0|74|20416|20416|727|727|18
18|CHINA|75|18|57985.56|0.1|75|21472|21472|727|727|18
19|ROMANIA|62|19|14225.54|0.08|62|5955|5955|737|737|18
16|MOZAMBIQUE|73|16|71635.6|0.03|73|5955|5955|737|737|18
8|INDIA|12|8|20902.35|0.08|12|5955|5955|737|737|18
20|SAUDI ARABIA|74|20|45100.0|0.01|74|17250|17250|979|979|18
17|PERU|8|17|30338.06|0.01|8|10279|10279|979|979|18
0|ALGERIA|37|0|30657.35|0.07|37|10279|10279|979|979|18
12|JAPAN|43|12|76785.31|0.0|43|10279|10279|979|979|18
14|KENYA|6|14|13830.85|0.01|6|10535|10535|979|979|18
14|KENYA|48|14|57261.2|0.0|48|10535|10535|979|979|18
4|EGYPT|69|4|43456.2|0.01|69|10535|10535|979|979|18
22|RUSSIA|25|22|48958.14|0.09|25|10535|10535|979|979|18
21|VIETNAM|35|21|2989.18|0.0|35|10535|10535|979|979|18
12|JAPAN|43|12|27669.6|0.01|43|10535|10535|979|979|18
16|MOZAMBIQUE|31|16|38078.26|0.02|31|10535|10535|979|979|18
7|GERMANY|77|7|63618.5|0.03|77|37219|37219|979|979|18
7|GERMANY|44|7|10978.99|0.09|44|37219|37219|979|979|18
22|RUSSIA|25|22|17748.7|0.04|25|37219|37219|979|979|18
13|JORDAN|36|13|35223.13|0.04|36|37219|37219|979|979|18
17|PERU|57|17|56111.0|0.07|57|37219|37219|979|979|18
15|MOROCCO|4|15|49895.43|0.08|4|37219|37219|979|979|18
12|JAPAN|54|12|16576.19|0.02|54|37219|37219|979|979|18
7|GERMANY|77|7|32796.05|0.0|77|24133|24133|979|979|18
9|INDONESIA|23|9|24076.5|0.05|23|24133|24133|979|979|18
3|CANADA|20|3|5490.95|0.03|20|24133|24133|979|979|18
3|CANADA|20|3|3525.81|0.01|20|24133|24133|979|979|18
3|CANADA|13|3|54442.52|0.1|13|19558|19558|979|979|18
0|ALGERIA|28|0|35534.76|0.02|28|19558|19558|979|979|18
18|CHINA|27|18|2254.44|0.06|27|19558|19558|979|979|18
11|IRAQ|5|11|32135.1|0.07|5|14500|14500|979|979|18
24|UNITED STATES|46|24|54738.75|0.0|46|14500|14500|979|979|18
14|KENYA|6|14|52536.33|0.0|6|13830|13830|479|479|18
16|MOZAMBIQUE|73|16|14304.4|0.03|73|13830|13830|479|479|18
17|PERU|57|17|44387.1|0.04|57|13830|13830|479|479|18
3|CANADA|20|3|51294.0|0.07|20|13830|13830|479|479|18
10|IRAN|9|10|6952.45|0.04|9|16805|16805|479|479|18
0|ALGERIA|24|0|36099.81|0.04|24|16805|16805|479|479|18
16|MOZAMBIQUE|56|16|30479.02|0.04|56|16805|16805|479|479|18
23|UNITED KINGDOM|32|23|21095.36|0.02|32|16805|16805|479|479|18
0|ALGERIA|28|0|56316.96|0.07|28|16805|16805|479|479|18
5|ETHIOPIA|2|5|2452.64|0.0|2|16805|16805|479|479|18
17|PERU|1|17|32760.0|0.0|1|42080|42080|479|479|18
16|MOZAMBIQUE|58|16|24786.27|0.05|58|42080|42080|479|479|18
9|INDONESIA|51|9|67892.76|0.06|51|39396|39396|479|479|18
22|RUSSIA|40|22|67277.76|0.02|40|39396|39396|479|479|18
5|ETHIOPIA|2|5|38264.23|0.07|2|39396|39396|479|479|18
12|JAPAN|43|12|9420.4|0.06|43|17124|17124|479|479|18
16|MOZAMBIQUE|58|16|26478.75|0.04|58|41542|41542|644|644|18
23|UNITED KINGDOM|66|23|34692.96|0.04|66|12609|12609|644|644|18
8|INDIA|61|8|21638.1|0.08|61|12609|12609|644|644|18
24|UNITED STATES|10|24|13874.96|0.01|10|12609|12609|644|644|18
18|CHINA|41|18|44904.74|0.03|41|12609|12609|644|644|18
22|RUSSIA|40|22|21664.37|0.06|40|44289|44289|323|323|18
5|ETHIOPIA|63|5|63229.11|0.03|63|44289|44289|323|323|18
15|MOROCCO|4|15|56558.25|0.03|4|20677|20677|323|323|18
19|ROMANIA|62|19|32785.25|0.1|62|26307|26307|323|323|18
24|UNITED STATES|55|24|43462.8|0.03|55|26307|26307|323|323|18
1|ARGENTINA|71|1|13034.42|0.0|71|26307|26307|323|323|18
16|MOZAMBIQUE|31|16|34695.18|0.03|31|26307|26307|323|323|18
5|ETHIOPIA|2|5|39923.6|0.0|2|26307|26307|323|323|18
8|INDIA|60|8|70024.5|0.0|60|23072|23072|323|323|18
18|CHINA|72|18|38024.96|0.07|72|17026|17026|323|323|18
15|MOROCCO|14|15|43840.3|0.07|14|17026|17026|323|323|18
3|CANADA|13|3|65309.2|0.04|13|17026|17026|323|323|18
4|EGYPT|67|4|10901.79|0.02|67|17026|17026|323|323|18
4|EGYPT|67|4|2738.92|0.04|67|17026|17026|323|323|18
4|EGYPT|67|4|42172.2|0.03|67|17026|17026|323|323|18
2|BRAZIL|21|2|54069.96|0.0|21|17026|17026|323|323|18
4|EGYPT|22|4|39482.84|0.06|22|26565|26565|323|323|18
18|CHINA|72|18|39070.85|0.1|72|26565|26565|323|323|18
21|VIETNAM|35|21|81286.0|0.0|35|30595|30595|169|169|18
19|ROMANIA|17|19|43057.38|0.08|17|40482|40482|169|169|18
0|ALGERIA|28|0|9081.66|0.09|28|40482|40482|169|169|18
17|PERU|1|17|22560.96|0.05|1|12419|12419|785|785|18
16|MOZAMBIQUE|73|16|65379.3|0.04|73|12419|12419|785|785|18
24|UNITED STATES|55|24|20009.85|0.09|55|12419|12419|785|785|18
21|VIETNAM|35|21|56997.16|0.08|35|12419|12419|785|785|18
21|VIETNAM|35|21|42268.72|0.09|35|12419|12419|785|785|18
19|ROMANIA|17|19|16457.64|0.0|17|12419|12419|785|785|18
22|RUSSIA|42|22|32794.56|0.02|42|12419|12419|785|785|18
7|GERMANY|44|7|17574.72|0.04|44|16320|16320|785|785|18
8|INDIA|61|8|7435.8|0.08|61|16320|16320|785|785|18
4|EGYPT|67|4|44966.74|0.0|67|16320|16320|785|785|18
3|CANADA|20|3|22330.13|0.07|20|16320|16320|785|785|18
5|ETHIOPIA|2|5|12975.17|0.08|2|16320|16320|785|785|18
