16|MOZAMBIQUE|56|16|17718.84|0.03|56|29538|29538|403
9|INDONESIA|51|9|36178.74|0.05|51|26689|26689|326
21|VIETNAM|80|21|65343.46|0.04|80|44355|44355|425
14|KENYA|6|14|24975.54|0.04|6|44355|44355|425
14|KENYA|6|14|9250.2|0.0|6|44355|44355|425
15|MOROCCO|4|15|20743.97|0.08|4|44355|44355|425
22|RUSSIA|42|22|41739.64|0.01|42|44355|44355|425
18|CHINA|41|18|50378.46|0.01|41|44355|44355|425
5|ETHIOPIA|63|5|7222.7|0.04|63|44355|44355|425
21|VIETNAM|26|21|11468.24|0.09|26|43013|43013|205
3|CANADA|13|3|50544.9|0.06|13|43013|43013|205
3|CANADA|13|3|24591.18|0.0|13|43013|43013|205
7|GERMANY|53|7|61666.5|0.05|53|43013|43013|205
24|UNITED STATES|64|24|9430.4|0.08|64|43013|43013|205
16|MOZAMBIQUE|30|16|5189.46|0.01|30|43013|43013|205
1|ARGENTINA|3|1|39122.16|0.08|3|43013|43013|205
21|VIETNAM|80|21|16460.28|0.07|80|36996|36996|205
21|VIETNAM|80|21|48517.65|0.03|80|42694|42694|931
22|RUSSIA|40|22|32266.56|0.07|40|42694|42694|931
5|ETHIOPIA|78|5|999.09|0.09|78|42694|42694|931
16|MOZAMBIQUE|56|16|14705.99|0.06|56|42694|42694|931
16|MOZAMBIQUE|18|16|33539.76|0.07|18|42694|42694|931
12|JAPAN|43|12|61262.75|0.05|43|42694|42694|931
14|KENYA|6|14|12285.52|0.06|6|34950|34950|106
0|ALGERIA|37|0|54083.84|0.03|37|34950|34950|106
17|PERU|57|17|65012.4|0.1|57|34950|34950|106
12|JAPAN|43|12|51756.76|0.01|43|34950|34950|106
5|ETHIOPIA|2|5|43376.19|0.01|2|34950|34950|106
17|PERU|8|17|16449.92|0.04|8|35687|35687|304
19|ROMANIA|62|19|51574.38|0.1|62|35687|35687|304
24|UNITED STATES|10|24|14040.07|0.08|10|35687|35687|304
18|CHINA|27|18|63087.62|0.07|27|35687|35687|304
7|GERMANY|44|7|77600.32|0.01|44|28834|28834|568
12|JAPAN|54|12|47894.49|0.04|54|28834|28834|568
20|SAUDI ARABIA|74|20|7784.56|0.08|74|28834|28834|568
7|GERMANY|44|7|18468.0|0.08|44|13126|13126|766
7|GERMANY|77|7|53158.0|0.1|77|13126|13126|766
3|CANADA|13|3|3051.24|0.02|13|13126|13126|766
17|PERU|57|17|11848.87|0.1|57|13126|13126|766
4|EGYPT|67|4|45938.36|0.02|67|13126|13126|766
14|KENYA|6|14|57140.8|0.01|6|993|993|634
14|KENYA|47|14|12203.2|0.03|47|993|993|634
9|INDONESIA|45|9|35150.28|0.09|45|993|993|634
2|BRAZIL|21|2|14100.6|0.09|21|993|993|634
14|KENYA|76|14|34898.15|0.04|76|993|993|634
8|INDIA|39|8|25704.28|0.06|39|993|993|634
20|SAUDI ARABIA|74|20|42813.87|0.01|74|993|993|634
22|RUSSIA|40|22|65779.56|0.05|40|44487|44487|733
21|VIETNAM|80|21|13945.26|0.1|80|32134|32134|458
21|VIETNAM|80|21|53439.4|0.08|80|32134|32134|458
22|RUSSIA|40|22|25570.08|0.07|40|32134|32134|458
16|MOZAMBIQUE|58|16|23449.68|0.07|58|32134|32134|458
16|MOZAMBIQUE|30|16|19172.9|0.1|30|32134|32134|458
11|IRAQ|5|11|17848.8|0.09|5|43046|43046|953
22|RUSSIA|40|22|29118.56|0.1|40|43046|43046|953
7|GERMANY|44|7|34315.12|0.06|44|43046|43046|953
0|ALGERIA|37|0|10476.13|0.04|37|43046|43046|953
24|UNITED STATES|46|24|14589.96|0.05|46|43046|43046|953
8|INDIA|39|8|66220.65|0.04|39|43046|43046|953
22|RUSSIA|42|22|26765.04|0.04|42|43046|43046|953
4|EGYPT|22|4|2018.2|0.1|22|47303|47303|854
18|CHINA|72|18|40755.4|0.08|72|47303|47303|854
15|MOROCCO|14|15|45734.29|0.1|14|47303|47303|854
17|PERU|57|17|19205.55|0.08|57|47303|47303|854
21|VIETNAM|35|21|1334.43|0.07|35|47303|47303|854
19|ROMANIA|52|19|5081.37|0.1|52|47303|47303|854
14|KENYA|6|14|36255.6|0.09|6|8160|8160|436
13|JORDAN|36|13|83584.2|0.09|36|8160|8160|436
24|UNITED STATES|49|24|50155.0|0.09|49|8160|8160|436
14|KENYA|6|14|61637.52|0.04|6|4803|4803|986
16|MOZAMBIQUE|56|16|25708.08|0.1|56|4803|4803|986
2|BRAZIL|21|2|29557.5|0.03|21|4803|4803|986
14|KENYA|76|14|1900.08|0.08|76|4803|4803|986
20|SAUDI ARABIA|74|20|61259.8|0.1|74|4803|4803|986
16|MOZAMBIQUE|30|16|27560.26|0.07|30|4803|4803|986
4|EGYPT|69|4|65184.3|0.08|69|4769|4769|964
0|ALGERIA|24|0|18788.32|0.08|24|4769|4769|964
9|INDONESIA|45|9|26908.35|0.07|45|4769|4769|964
9|INDONESIA|23|9|47753.0|0.06|23|4769|4769|964
2|BRAZIL|21|2|45805.32|0.1|21|4769|4769|964
23|UNITED KINGDOM|7|23|54252.8|0.05|7|5989|5989|568
7|GERMANY|44|7|40427.52|0.1|44|5989|5989|568
1|ARGENTINA|71|1|70362.52|0.09|71|5989|5989|568
10|IRAN|9|10|30337.28|0.02|9|5989|5989|568
5|ETHIOPIA|78|5|39275.86|0.09|78|5989|5989|568
24|UNITED STATES|49|24|73713.49|0.04|49|5989|5989|568
7|GERMANY|53|7|42142.95|0.03|53|5989|5989|568
22|RUSSIA|65|22|27610.24|0.06|65|19360|19360|623
1|ARGENTINA|3|1|39040.16|0.03|3|19360|19360|623
16|MOZAMBIQUE|73|16|38929.55|0.04|73|3425|3425|920
6|FRANCE|70|6|56558.94|0.06|70|3425|3425|920
8|INDIA|15|8|73325.76|0.08|15|3425|3425|920
5|ETHIOPIA|78|5|20437.45|0.03|78|3425|3425|920
8|INDIA|12|8|8064.8|0.06|12|3425|3425|920
22|RUSSIA|65|22|26044.32|0.05|65|3425|3425|920
18|CHINA|11|18|30932.8|0.1|11|6725|6725|601
16|MOZAMBIQUE|58|16|12469.32|0.05|58|6725|6725|601
9|INDONESIA|23|9|62268.36|0.03|23|6725|6725|601
16|MOZAMBIQUE|31|16|4424.8|0.02|31|6725|6725|601
7|GERMANY|53|7|62012.27|0.04|53|18050|18050|854
18|CHINA|75|18|74780.72|0.0|75|18050|18050|854
18|CHINA|41|18|37532.32|0.08|41|18050|18050|854
18|CHINA|41|18|44204.97|0.09|41|18050|18050|854
5|ETHIOPIA|63|5|28890.8|0.05|63|18050|18050|854
1|ARGENTINA|3|1|1023.12|0.1|3|18050|18050|854
17|PERU|8|17|49589.75|0.04|8|1763|1763|964
17|PERU|8|17|13964.21|0.03|8|1763|1763|964
17|PERU|1|17|60829.12|0.04|1|1763|1763|964
17|PERU|57|17|17507.04|0.06|57|1763|1763|964
16|MOZAMBIQUE|18|16|3114.39|0.05|18|1763|1763|964
24|UNITED STATES|10|24|4051.32|0.02|10|40708|40708|931
16|MOZAMBIQUE|31|16|16380.18|0.01|31|40708|40708|931
21|VIETNAM|80|21|35703.85|0.08|80|19171|19171|788
21|VIETNAM|80|21|21720.01|0.09|80|19171|19171|788
17|PERU|59|17|60737.93|0.02|59|19171|19171|788
0|ALGERIA|24|0|1020.12|0.09|24|19171|19171|788
16|MOZAMBIQUE|30|16|18902.52|0.03|30|19171|19171|788
21|VIETNAM|80|21|25803.54|0.05|80|2049|2049|238
23|UNITED KINGDOM|66|23|35162.5|0.08|66|2049|2049|238
8|INDIA|61|8|36495.37|0.1|61|2049|2049|238
9|INDONESIA|45|9|36817.56|0.02|45|2049|2049|238
14|KENYA|76|14|27120.0|0.04|76|2049|2049|238
5|ETHIOPIA|2|5|26616.22|0.07|2|2049|2049|238
23|UNITED KINGDOM|66|23|67704.0|0.04|66|17092|17092|568
16|MOZAMBIQUE|58|16|11568.42|0.01|58|17092|17092|568
9|INDONESIA|45|9|11892.8|0.05|45|17092|17092|568
20|SAUDI ARABIA|74|20|30497.6|0.01|74|17092|17092|568
4|EGYPT|38|4|32802.65|0.01|38|25667|25667|425
8|INDIA|39|8|1986.18|0.05|39|31783|31783|205
17|PERU|1|17|30001.2|0.1|1|22950|22950|436
18|CHINA|11|18|6421.02|0.05|11|22950|22950|436
24|UNITED STATES|64|24|53369.94|0.05|64|22950|22950|436
9|INDONESIA|50|9|40808.71|0.01|50|12995|12995|931
8|INDIA|60|8|19074.44|0.01|60|12995|12995|931
6|FRANCE|70|6|78650.8|0.03|70|12995|12995|931
14|KENYA|48|14|32044.8|0.01|48|12995|12995|931
24|UNITED STATES|46|24|60850.02|0.09|46|12995|12995|931
9|INDONESIA|23|9|7177.74|0.1|23|12995|12995|931
21|VIETNAM|35|21|20042.22|0.06|35|37888|37888|139
17|PERU|1|17|55500.0|0.08|1|24578|24578|436
9|INDONESIA|51|9|30041.13|0.02|51|42497|42497|601
8|INDIA|39|8|42615.6|0.0|39|42497|42497|601
17|PERU|1|17|24199.84|0.04|1|20134|20134|128
23|UNITED KINGDOM|66|23|29849.45|0.04|66|20134|20134|128
9|INDONESIA|50|9|39437.37|0.1|50|20134|20134|128
1|ARGENTINA|71|1|11340.48|0.0|71|20134|20134|128
24|UNITED STATES|46|24|43727.58|0.06|46|20134|20134|128
18|CHINA|75|18|28917.46|0.02|75|20134|20134|128
22|RUSSIA|40|22|49830.24|0.06|40|37734|37734|755
22|RUSSIA|25|22|70409.7|0.01|25|37734|37734|755
17|PERU|57|17|26632.26|0.05|57|37734|37734|755
17|PERU|57|17|5866.35|0.02|57|37734|37734|755
14|KENYA|76|14|15827.25|0.03|76|37734|37734|755
18|CHINA|75|18|51469.35|0.06|75|37734|37734|755
21|VIETNAM|80|21|30596.22|0.06|80|41573|41573|227
16|MOZAMBIQUE|73|16|19477.28|0.02|73|41573|41573|227
23|UNITED KINGDOM|66|23|66678.84|0.09|66|41573|41573|227
9|INDONESIA|23|9|31383.75|0.01|23|41573|41573|227
23|UNITED KINGDOM|32|23|39141.4|0.0|32|41573|41573|227
22|RUSSIA|42|22|2542.74|0.1|42|41573|41573|227
16|MOZAMBIQUE|30|16|3285.48|0.08|30|41573|41573|227
6|FRANCE|70|6|54547.22|0.03|70|31365|31365|865
24|UNITED STATES|46|24|79956.48|0.02|46|31365|31365|865
18|CHINA|41|18|39690.0|0.05|41|31365|31365|865
1|ARGENTINA|3|1|40188.4|0.0|3|31365|31365|865
16|MOZAMBIQUE|31|16|29760.96|0.03|31|19716|19716|986
22|RUSSIA|40|22|36536.43|0.09|40|34566|34566|304
8|INDIA|61|8|42166.35|0.02|61|34566|34566|304
17|PERU|59|17|15436.56|0.0|59|34566|34566|304
4|EGYPT|38|4|25235.37|0.04|38|34566|34566|304
7|GERMANY|53|7|7693.15|0.06|53|34566|34566|304
23|UNITED KINGDOM|66|23|85055.67|0.02|66|23302|23302|227
18|CHINA|11|18|38818.18|0.02|11|23302|23302|227
4|EGYPT|69|4|1886.08|0.09|69|23302|23302|227
17|PERU|57|17|18990.3|0.04|57|23302|23302|227
7|GERMANY|53|7|54417.96|0.1|53|23302|23302|227
5|ETHIOPIA|63|5|4724.01|0.0|63|23302|23302|227
1|ARGENTINA|3|1|21998.4|0.1|3|23302|23302|227
17|PERU|1|17|64047.2|0.08|1|30276|30276|799
8|INDIA|60|8|39550.29|0.08|60|30276|30276|799
21|VIETNAM|68|21|4225.5|0.04|68|30276|30276|799
8|INDIA|12|8|38760.92|0.1|12|30276|30276|799
18|CHINA|41|18|51300.99|0.01|41|30276|30276|799
18|CHINA|11|18|34673.24|0.08|11|27559|27559|403
16|MOZAMBIQUE|31|16|43223.04|0.09|31|27559|27559|403
16|MOZAMBIQUE|30|16|60930.33|0.1|30|27559|27559|403
6|FRANCE|70|6|42221.12|0.0|70|31013|31013|733
22|RUSSIA|42|22|41445.9|0.04|42|31013|31013|733
5|ETHIOPIA|2|5|54550.14|0.01|2|31013|31013|733
10|IRAN|34|10|59817.94|0.05|34|17190|17190|238
5|ETHIOPIA|2|5|57156.84|0.05|2|17190|17190|238
1|ARGENTINA|71|1|5580.18|0.08|71|3522|3522|205
5|ETHIOPIA|78|5|44400.3|0.04|78|45314|45314|106
4|EGYPT|67|4|62106.44|0.04|67|45314|45314|106
8|INDIA|60|8|40799.46|0.0|60|14404|14404|7
17|PERU|57|17|38377.23|0.04|57|14404|14404|7
1|ARGENTINA|71|1|22824.8|0.07|71|30530|30530|502
6|FRANCE|70|6|62005.74|0.0|70|33830|33830|920
17|PERU|59|17|12101.74|0.08|59|33830|33830|920
0|ALGERIA|37|0|21607.37|0.05|37|33830|33830|920
22|RUSSIA|25|22|30965.0|0.08|25|33830|33830|920
21|VIETNAM|68|21|27929.7|0.0|68|33830|33830|920
1|ARGENTINA|3|1|3391.58|0.06|3|33830|33830|920
14|KENYA|79|14|52907.5|0.02|79|43554|43554|535
10|IRAN|9|10|22910.07|0.06|9|4290|4290|326
14|KENYA|47|14|5066.34|0.09|47|4290|4290|326
23|UNITED KINGDOM|7|23|33047.84|0.1|7|47525|47525|139
18|CHINA|72|18|37892.44|0.03|72|47525|47525|139
16|MOZAMBIQUE|58|16|63739.62|0.01|58|47525|47525|139
14|KENYA|79|14|54350.8|0.06|79|47525|47525|139
9|INDONESIA|23|9|55889.9|0.05|23|47525|47525|139
3|CANADA|20|3|42010.15|0.05|20|676|676|304
17|PERU|1|17|64364.02|0.04|1|21697|21697|766
1|ARGENTINA|71|1|54364.38|0.08|71|21697|21697|766
13|JORDAN|36|13|24161.48|0.02|36|21697|21697|766
22|RUSSIA|65|22|34071.4|0.03|65|21697|21697|766
3|CANADA|20|3|41961.78|0.0|20|21697|21697|766
18|CHINA|11|18|51898.12|0.02|11|4070|4070|227
16|MOZAMBIQUE|18|16|2724.92|0.09|18|4070|4070|227
22|RUSSIA|16|22|15350.39|0.0|16|4070|4070|227
18|CHINA|75|18|45609.2|0.07|75|4070|4070|227
6|FRANCE|70|6|51798.32|0.09|70|35623|35623|238
9|INDONESIA|23|9|74460.54|0.01|23|35623|35623|238
9|INDONESIA|23|9|13224.2|0.02|23|35623|35623|238
15|MOROCCO|4|15|44597.0|0.01|4|35623|35623|238
21|VIETNAM|35|21|25833.94|0.04|35|4258|4258|733
22|RUSSIA|16|22|10838.7|0.04|16|4258|4258|733
17|PERU|8|17|89394.0|0.07|8|4676|4676|106
7|GERMANY|77|7|4252.64|0.1|77|4676|4676|106
14|KENYA|79|14|18284.5|0.05|79|4676|4676|106
24|UNITED STATES|46|24|10122.88|0.08|46|4676|4676|106
22|RUSSIA|42|22|54228.84|0.01|42|4676|4676|106
16|MOZAMBIQUE|31|16|57307.57|0.03|31|4676|4676|106
5|ETHIOPIA|2|5|31054.32|0.08|2|4676|4676|106
6|FRANCE|70|6|9901.57|0.09|70|3334|3334|601
24|UNITED STATES|49|24|27869.8|0.04|49|3334|3334|601
23|UNITED KINGDOM|7|23|60162.96|0.05|7|5248|5248|557
7|GERMANY|44|7|44914.05|0.0|44|5248|5248|557
7|GERMANY|77|7|35342.49|0.01|77|7778|7778|568
10|IRAN|34|10|24812.46|0.06|34|7778|7778|568
15|MOROCCO|4|15|8805.36|0.03|4|7778|7778|568
6|FRANCE|70|6|25899.16|0.02|70|8229|8229|964
17|PERU|59|17|4900.35|0.09|59|8229|8229|964
22|RUSSIA|25|22|47781.43|0.1|25|8229|8229|964
5|ETHIOPIA|78|5|29533.68|0.06|78|8229|8229|964
7|GERMANY|44|7|7393.98|0.09|44|6502|6502|1091
7|GERMANY|77|7|22023.52|0.09|77|6502|6502|1091
24|UNITED STATES|46|24|4476.84|0.09|46|6502|6502|1091
4|EGYPT|67|4|20884.61|0.03|67|6502|6502|1091
24|UNITED STATES|10|24|50935.94|0.01|10|6502|6502|1091
24|UNITED STATES|49|24|1268.36|0.01|49|6502|6502|1091
19|ROMANIA|62|19|29060.9|0.06|62|3235|3235|359
8|INDIA|60|8|30369.43|0.0|60|3235|3235|359
19|ROMANIA|17|19|15901.74|0.07|17|3235|3235|359
18|CHINA|41|18|71412.68|0.1|41|3235|3235|359
9|INDONESIA|51|9|64259.09|0.01|51|32709|32709|997
21|VIETNAM|26|21|33732.0|0.09|26|32709|32709|997
13|JORDAN|36|13|29570.13|0.03|36|32709|32709|997
0|ALGERIA|24|0|74863.2|0.0|24|32709|32709|997
16|MOZAMBIQUE|56|16|27928.74|0.03|56|32709|32709|997
10|IRAN|34|10|18235.98|0.1|34|32709|32709|997
7|GERMANY|33|7|23802.09|0.0|33|41827|41827|535
8|INDIA|12|8|34096.66|0.08|12|41827|41827|535
14|KENYA|47|14|43931.52|0.1|47|8770|8770|128
17|PERU|57|17|56114.57|0.06|57|8770|8770|128
16|MOZAMBIQUE|18|16|25154.82|0.02|18|8770|8770|128
7|GERMANY|33|7|41252.54|0.07|33|28806|28806|557
16|MOZAMBIQUE|56|16|17929.62|0.06|56|28806|28806|557
18|CHINA|75|18|72987.28|0.02|75|28806|28806|557
16|MOZAMBIQUE|30|16|57627.45|0.09|30|10436|10436|733
7|GERMANY|44|7|51336.45|0.08|44|11206|11206|304
7|GERMANY|33|7|29974.12|0.02|33|11206|11206|304
9|INDONESIA|50|9|43441.53|0.04|50|11206|11206|304
6|FRANCE|70|6|21022.23|0.03|70|11206|11206|304
21|VIETNAM|68|21|33705.18|0.04|68|11206|11206|304
16|MOZAMBIQUE|58|16|7187.65|0.08|58|20864|20864|667
3|CANADA|13|3|28190.03|0.01|13|20864|20864|667
21|VIETNAM|68|21|63382.5|0.01|68|20864|20864|667
9|INDONESIA|23|9|31834.08|0.07|23|20864|20864|667
24|UNITED STATES|10|24|58942.8|0.1|10|20864|20864|667
16|MOZAMBIQUE|30|16|39018.84|0.01|30|20864|20864|667
14|KENYA|48|14|1123.22|0.01|48|1092|1092|986
14|KENYA|79|14|33243.84|0.05|79|1092|1092|986
1|ARGENTINA|29|1|65734.08|0.04|29|1092|1092|986
12|JAPAN|43|12|3165.36|0.05|43|1092|1092|986
9|INDONESIA|51|9|38732.31|0.1|51|5250|5250|766
4|EGYPT|22|4|2498.68|0.08|22|5250|5250|766
23|UNITED KINGDOM|7|23|51469.6|0.01|7|12614|12614|535
16|MOZAMBIQUE|73|16|24001.74|0.08|73|12614|12614|535
23|UNITED KINGDOM|66|23|62466.3|0.1|66|12614|12614|535
4|EGYPT|67|4|28305.75|0.02|67|12614|12614|535
5|ETHIOPIA|78|5|52589.04|0.03|78|12614|12614|535
12|JAPAN|54|12|10263.33|0.09|54|12614|12614|535
14|KENYA|47|14|11249.82|0.08|47|42149|42149|898
1|ARGENTINA|29|1|32154.32|0.05|29|42149|42149|898
9|INDONESIA|51|9|69574.5|0.05|51|16519|16519|964
8|INDIA|60|8|26384.38|0.04|60|16519|16519|964
14|KENYA|47|14|31427.44|0.0|47|16519|16519|964
9|INDONESIA|51|9|28132.03|0.07|51|10403|10403|656
7|GERMANY|44|7|18963.0|0.07|44|10403|10403|656
17|PERU|59|17|35319.7|0.1|59|10403|10403|656
0|ALGERIA|24|0|38669.47|0.1|24|10403|10403|656
0|ALGERIA|28|0|60553.86|0.02|28|10403|10403|656
22|RUSSIA|16|22|39017.76|0.09|16|10403|10403|656
18|CHINA|75|18|43774.08|0.07|75|10403|10403|656
21|VIETNAM|80|21|51995.3|0.05|80|17509|17509|854
13|JORDAN|36|13|47813.46|0.02|36|17509|17509|854
21|VIETNAM|68|21|25747.6|0.07|68|17509|17509|854
16|MOZAMBIQUE|31|16|24037.74|0.08|31|17509|17509|854
9|INDONESIA|50|9|28682.4|0.05|50|20546|20546|304
8|INDIA|15|8|35964.06|0.09|15|20546|20546|304
5|ETHIOPIA|63|5|39550.84|0.07|63|20546|20546|304
14|KENYA|48|14|924.02|0.07|48|45824|45824|634
21|VIETNAM|80|21|46445.85|0.01|80|47617|47617|337
23|UNITED KINGDOM|7|23|37990.25|0.04|7|47617|47617|337
21|VIETNAM|26|21|35833.62|0.05|26|47617|47617|337
3|CANADA|13|3|27989.8|0.0|13|47617|47617|337
3|CANADA|13|3|47652.6|0.0|13|47617|47617|337
24|UNITED STATES|64|24|38750.91|0.07|64|21921|21921|832
21|VIETNAM|80|21|9677.36|0.08|80|14848|14848|205
9|INDONESIA|51|9|52876.62|0.02|51|14848|14848|205
8|INDIA|60|8|4705.08|0.0|60|14848|14848|205
22|RUSSIA|25|22|5115.6|0.1|25|14848|14848|205
14|KENYA|48|14|21252.46|0.08|48|6560|6560|964
14|KENYA|76|14|53838.72|0.02|76|6560|6560|964
24|UNITED STATES|49|24|30906.0|0.07|49|6560|6560|964
4|EGYPT|38|4|46232.31|0.0|38|6560|6560|964
16|MOZAMBIQUE|31|16|44380.98|0.05|31|6560|6560|964
18|CHINA|41|18|57852.8|0.1|41|6560|6560|964
5|ETHIOPIA|63|5|62572.05|0.1|63|6560|6560|964
17|PERU|8|17|2696.88|0.07|8|22567|22567|139
8|INDIA|61|8|6401.9|0.05|61|22567|22567|139
14|KENYA|76|14|25794.34|0.08|76|22567|22567|139
19|ROMANIA|17|19|16289.76|0.09|17|22567|22567|139
3|CANADA|20|3|18135.46|0.09|20|22567|22567|139
16|MOZAMBIQUE|31|16|55397.8|0.09|31|22567|22567|139
16|MOZAMBIQUE|73|16|74040.12|0.05|73|23139|23139|766
8|INDIA|15|8|42762.53|0.02|15|23139|23139|766
18|CHINA|27|18|25271.86|0.08|27|23139|23139|766
19|ROMANIA|52|19|4468.84|0.01|52|30531|30531|667
17|PERU|57|17|30182.5|0.01|57|22017|22017|799
16|MOZAMBIQUE|18|16|53299.61|0.08|18|22017|22017|799
11|IRAQ|5|11|36707.33|0.03|5|41377|41377|227
11|IRAQ|5|11|1391.49|0.07|5|45667|45667|524
16|MOZAMBIQUE|73|16|11948.72|0.09|73|45667|45667|524
17|PERU|59|17|46670.05|0.1|59|45667|45667|524
15|MOROCCO|14|15|47174.88|0.0|14|45667|45667|524
17|PERU|57|17|7718.28|0.09|57|45667|45667|524
4|EGYPT|38|4|23279.3|0.1|38|45667|45667|524
16|MOZAMBIQUE|30|16|7559.92|0.05|30|45667|45667|524
9|INDONESIA|50|9|33821.54|0.05|50|16517|16517|755
22|RUSSIA|16|22|59018.22|0.09|16|17606|17606|953
14|KENYA|6|14|40272.93|0.1|6|46657|46657|469
19|ROMANIA|62|19|22513.79|0.08|62|46657|46657|469
7|GERMANY|44|7|24267.84|0.08|44|46657|46657|469
24|UNITED STATES|55|24|60584.4|0.04|55|46657|46657|469
8|INDIA|12|8|9538.32|0.0|12|46657|46657|469
16|MOZAMBIQUE|18|16|16253.27|0.06|18|46657|46657|469
24|UNITED STATES|55|24|40867.47|0.06|55|41443|41443|568
14|KENYA|47|14|2782.98|0.06|47|41443|41443|568
13|JORDAN|36|13|8843.52|0.06|36|41443|41443|568
16|MOZAMBIQUE|30|16|50015.13|0.07|30|41443|41443|568
16|MOZAMBIQUE|30|16|40250.84|0.07|30|35558|35558|799
23|UNITED KINGDOM|7|23|25756.08|0.04|7|47207|47207|524
15|MOROCCO|14|15|3045.33|0.03|14|47207|47207|524
23|UNITED KINGDOM|32|23|16883.73|0.0|32|47207|47207|524
2|BRAZIL|21|2|37299.2|0.06|21|47207|47207|524
0|ALGERIA|28|0|1409.5|0.1|28|47207|47207|524
16|MOZAMBIQUE|73|16|39003.14|0.07|73|47911|47911|238
23|UNITED KINGDOM|66|23|7478.04|0.06|66|47911|47911|238
8|INDIA|61|8|71784.85|0.0|61|47911|47911|238
8|INDIA|15|8|26073.72|0.06|15|47911|47911|238
21|VIETNAM|68|21|44208.0|0.06|68|47911|47911|238
24|UNITED STATES|19|24|51156.4|0.01|19|47911|47911|238
1|ARGENTINA|3|1|90647.06|0.03|3|47911|47911|238
8|INDIA|12|8|33136.92|0.06|12|16737|16737|502
22|RUSSIA|65|22|17022.12|0.0|65|16737|16737|502
8|INDIA|61|8|13800.3|0.03|61|21379|21379|436
8|INDIA|61|8|36130.64|0.05|61|21379|21379|436
8|INDIA|60|8|54855.46|0.0|60|21379|21379|436
18|CHINA|75|18|54781.46|0.02|75|21379|21379|436
22|RUSSIA|40|22|60665.5|0.06|40|36835|36835|964
23|UNITED KINGDOM|66|23|1218.31|0.05|66|36835|36835|964
10|IRAN|34|10|5546.0|0.07|34|36835|36835|964
22|RUSSIA|16|22|69351.79|0.02|16|36835|36835|964
19|ROMANIA|62|19|14757.99|0.04|62|40641|40641|469
22|RUSSIA|40|22|4881.24|0.09|40|40641|40641|469
21|VIETNAM|26|21|39318.84|0.06|26|40641|40641|469
19|ROMANIA|17|19|27140.19|0.07|17|40641|40641|469
21|VIETNAM|80|21|13819.12|0.07|80|40487|40487|854
17|PERU|1|17|36621.0|0.0|1|40487|40487|854
9|INDONESIA|50|9|67707.04|0.05|50|40487|40487|854
6|FRANCE|70|6|24842.84|0.01|70|40487|40487|854
9|INDONESIA|23|9|10392.06|0.04|23|40487|40487|854
2|BRAZIL|21|2|60628.68|0.1|21|40487|40487|854
12|JAPAN|43|12|40490.52|0.06|43|40487|40487|854
11|IRAQ|5|11|38441.6|0.07|5|22436|22436|601
7|GERMANY|33|7|57600.9|0.08|33|22436|22436|601
4|EGYPT|22|4|9018.66|0.0|22|22436|22436|601
6|FRANCE|70|6|25083.54|0.1|70|22436|22436|601
8|INDIA|15|8|11345.94|0.07|15|22436|22436|601
12|JAPAN|54|12|26040.56|0.04|54|22436|22436|601
18|CHINA|72|18|1976.16|0.04|72|30565|30565|865
8|INDIA|60|8|24596.28|0.01|60|30565|30565|865
8|INDIA|15|8|77867.25|0.03|15|30565|30565|865
4|EGYPT|67|4|59357.48|0.09|67|30565|30565|865
22|RUSSIA|65|22|6847.3|0.07|65|30565|30565|865
14|KENYA|76|14|37690.5|0.06|76|30565|30565|865
22|RUSSIA|40|22|67753.81|0.02|40|22304|22304|436
8|INDIA|15|8|34571.51|0.07|15|22304|22304|436
14|KENYA|79|14|54834.66|0.02|79|22304|22304|436
2|BRAZIL|21|2|26685.98|0.0|21|22304|22304|436
16|MOZAMBIQUE|30|16|23281.44|0.03|30|22304|22304|436
23|UNITED KINGDOM|7|23|25137.81|0.07|7|17827|17827|667
18|CHINA|72|18|4823.1|0.05|72|17827|17827|667
22|RUSSIA|16|22|14451.6|0.01|16|17827|17827|667
19|ROMANIA|52|19|54983.71|0.04|52|17827|17827|667
5|ETHIOPIA|2|5|38611.47|0.02|2|17827|17827|667
1|ARGENTINA|3|1|62442.7|0.06|3|17827|17827|667
21|VIETNAM|35|21|64052.64|0.09|35|2180|2180|601
24|UNITED STATES|46|24|24015.22|0.02|46|2180|2180|601
10|IRAN|34|10|83795.36|0.07|34|2180|2180|601
15|MOROCCO|4|15|31654.72|0.06|4|2180|2180|601
21|VIETNAM|80|21|2156.34|0.02|80|41026|41026|238
24|UNITED STATES|55|24|59069.79|0.09|55|41026|41026|238
3|CANADA|13|3|18240.2|0.04|13|41026|41026|238
1|ARGENTINA|29|1|48366.92|0.08|29|41026|41026|238
18|CHINA|27|18|65585.52|0.09|27|41026|41026|238
23|UNITED KINGDOM|32|23|7322.8|0.08|32|9698|9698|1190
14|KENYA|79|14|65981.96|0.08|79|20901|20901|139
23|UNITED KINGDOM|7|23|45264.32|0.01|7|419|419|931
3|CANADA|13|3|37066.26|0.05|13|419|419|931
23|UNITED KINGDOM|32|23|21968.4|0.07|32|419|419|931
23|UNITED KINGDOM|66|23|67151.67|0.04|66|8323|8323|425
9|INDONESIA|23|9|58362.48|0.07|23|8323|8323|425
16|MOZAMBIQUE|31|16|59403.94|0.01|31|8323|8323|425
6|FRANCE|70|6|24675.04|0.04|70|20835|20835|700
22|RUSSIA|25|22|904.0|0.02|25|20835|20835|700
16|MOZAMBIQUE|58|16|28830.8|0.03|58|20835|20835|700
14|KENYA|79|14|42009.63|0.0|79|20835|20835|700
9|INDONESIA|45|9|37598.34|0.09|45|20835|20835|700
9|INDONESIA|51|9|28650.6|0.03|51|45959|45959|304
19|ROMANIA|62|19|4564.86|0.02|62|45959|45959|304
22|RUSSIA|40|22|73770.2|0.04|40|45959|45959|304
8|INDIA|60|8|60318.86|0.03|60|45959|45959|304
17|PERU|57|17|20421.92|0.04|57|45959|45959|304
5|ETHIOPIA|78|5|88557.12|0.09|78|45959|45959|304
12|JAPAN|43|12|14238.29|0.02|43|45959|45959|304
9|INDONESIA|51|9|30902.97|0.04|51|1283|1283|931
7|GERMANY|77|7|17965.62|0.02|77|1283|1283|931
8|INDIA|61|8|81226.14|0.01|61|1283|1283|931
0|ALGERIA|24|0|1743.84|0.0|24|1283|1283|931
16|MOZAMBIQUE|56|16|57501.2|0.07|56|1283|1283|931
22|RUSSIA|42|22|28831.8|0.06|42|1283|1283|931
16|MOZAMBIQUE|30|16|77208.78|0.05|30|1283|1283|931
18|CHINA|72|18|5435.9|0.08|72|41857|41857|205
21|VIETNAM|26|21|6276.84|0.09|26|41857|41857|205
4|EGYPT|69|4|13434.4|0.08|69|41857|41857|205
14|KENYA|79|14|33228.72|0.02|79|41857|41857|205
12|JAPAN|54|12|58856.73|0.04|54|41857|41857|205
14|KENYA|6|14|48253.0|0.01|6|40515|40515|502
9|INDONESIA|51|9|28272.78|0.01|51|40515|40515|502
8|INDIA|61|8|73637.6|0.1|61|40515|40515|502
16|MOZAMBIQUE|31|16|44777.7|0.09|31|40515|40515|502
19|ROMANIA|52|19|14295.48|0.05|52|40515|40515|502
5|ETHIOPIA|63|5|29504.64|0.04|63|30439|30439|557
23|UNITED KINGDOM|7|23|36927.73|0.06|7|42979|42979|403
11|IRAQ|5|11|68992.8|0.04|5|42979|42979|403
16|MOZAMBIQUE|73|16|13847.12|0.09|73|42979|42979|403
14|KENYA|79|14|58429.94|0.09|79|42979|42979|403
18|CHINA|75|18|38980.17|0.0|75|42979|42979|403
19|ROMANIA|62|19|19381.2|0.08|62|9732|9732|656
7|GERMANY|77|7|4252.64|0.09|77|9732|9732|656
3|CANADA|20|3|80360.6|0.1|20|9732|9732|656
22|RUSSIA|25|22|10841.8|0.1|25|9699|9699|700
9|INDONESIA|45|9|1608.7|0.02|45|3110|3110|700
9|INDONESIA|23|9|41925.95|0.01|23|3110|3110|700
5|ETHIOPIA|78|5|31178.34|0.02|78|3110|3110|700
16|MOZAMBIQUE|18|16|39745.29|0.09|18|3110|3110|700
20|SAUDI ARABIA|74|20|19412.96|0.04|74|3110|3110|700
17|PERU|1|17|26957.04|0.07|1|9248|9248|931
1|ARGENTINA|71|1|45575.76|0.07|71|9248|9248|931
3|CANADA|20|3|33289.62|0.08|20|9248|9248|931
3|CANADA|20|3|9546.32|0.02|20|9248|9248|931
16|MOZAMBIQUE|58|16|2879.06|0.02|58|33538|33538|733
16|MOZAMBIQUE|56|16|13164.1|0.1|56|33538|33538|733
21|VIETNAM|26|21|35629.92|0.1|26|43108|43108|139
9|INDONESIA|23|9|65053.88|0.01|23|43108|43108|139
10|IRAN|34|10|42530.24|0.05|34|2183|2183|898
24|UNITED STATES|10|24|32735.0|0.06|10|2183|2183|898
23|UNITED KINGDOM|7|23|14190.6|0.04|7|31943|31943|568
23|UNITED KINGDOM|7|23|15777.28|0.07|7|15938|15938|887
16|MOZAMBIQUE|73|16|44785.44|0.03|73|15938|15938|887
7|GERMANY|44|7|4276.56|0.06|44|15938|15938|887
16|MOZAMBIQUE|58|16|37457.3|0.08|58|15938|15938|887
23|UNITED KINGDOM|32|23|34504.0|0.01|32|15938|15938|887
11|IRAQ|5|11|22183.68|0.03|5|33219|33219|799
19|ROMANIA|62|19|15316.2|0.08|62|33219|33219|799
1|ARGENTINA|29|1|44998.05|0.08|29|33219|33219|799
23|UNITED KINGDOM|32|23|59449.94|0.06|32|33219|33219|799
22|RUSSIA|65|22|10846.88|0.03|65|33219|33219|799
19|ROMANIA|17|19|33160.5|0.05|17|33219|33219|799
14|KENYA|6|14|21310.44|0.1|6|42855|42855|304
24|UNITED STATES|10|24|25064.82|0.04|10|42855|42855|304
2|BRAZIL|21|2|53578.08|0.01|21|42855|42855|304
1|ARGENTINA|3|1|56592.48|0.0|3|42855|42855|304
18|CHINA|11|18|51094.8|0.05|11|27719|27719|304
7|GERMANY|44|7|37084.99|0.0|44|27719|27719|304
16|MOZAMBIQUE|58|16|37944.9|0.09|58|27719|27719|304
14|KENYA|79|14|19691.0|0.03|79|27719|27719|304
7|GERMANY|53|7|24071.04|0.03|53|27719|27719|304
20|SAUDI ARABIA|74|20|24535.95|0.07|74|27719|27719|304
22|RUSSIA|16|22|36032.01|0.04|16|10626|10626|799
11|IRAQ|5|11|16401.92|0.03|5|41415|41415|920
0|ALGERIA|37|0|51144.99|0.04|37|41415|41415|920
24|UNITED STATES|19|24|56864.06|0.07|19|41415|41415|920
22|RUSSIA|40|22|36398.2|0.08|40|42724|42724|898
8|INDIA|12|8|4284.68|0.04|12|42724|42724|898
14|KENYA|48|14|69751.92|0.06|48|8322|8322|337
14|KENYA|47|14|39402.3|0.05|47|8322|8322|337
5|ETHIOPIA|78|5|16866.54|0.1|78|8322|8322|337
7|GERMANY|53|7|5405.7|0.03|53|8322|8322|337
10|IRAN|9|10|15528.8|0.1|9|41987|41987|403
0|ALGERIA|37|0|22019.16|0.08|37|41987|41987|403
13|JORDAN|36|13|18830.25|0.07|36|41987|41987|403
4|EGYPT|69|4|18969.9|0.07|69|41987|41987|403
4|EGYPT|67|4|29511.68|0.05|67|41987|41987|403
23|UNITED KINGDOM|32|23|2128.32|0.1|32|41987|41987|403
19|ROMANIA|17|19|66254.65|0.02|17|41987|41987|403
13|JORDAN|36|13|10890.88|0.1|36|8773|8773|1091
0|ALGERIA|24|0|28058.14|0.05|24|8773|8773|1091
14|KENYA|76|14|8836.52|0.1|76|8773|8773|1091
14|KENYA|48|14|47747.92|0.0|48|17251|17251|337
9|INDONESIA|45|9|17118.24|0.06|45|17251|17251|337
11|IRAQ|5|11|46032.96|0.08|5|19077|19077|931
0|ALGERIA|37|0|6907.4|0.08|37|19077|19077|931
24|UNITED STATES|19|24|7267.64|0.02|19|19077|19077|931
8|INDIA|39|8|62370.72|0.07|39|19077|19077|931
17|PERU|1|17|15038.38|0.06|1|15040|15040|557
21|VIETNAM|26|21|26152.14|0.1|26|15040|15040|557
16|MOZAMBIQUE|58|16|27373.8|0.04|58|15040|15040|557
5|ETHIOPIA|78|5|46849.8|0.03|78|15040|15040|557
19|ROMANIA|17|19|46890.8|0.05|17|5728|5728|634
17|PERU|8|17|87794.12|0.0|8|33091|33091|227
18|CHINA|72|18|47967.15|0.0|72|38272|38272|667
21|VIETNAM|68|21|73038.42|0.07|68|38272|38272|667
22|RUSSIA|42|22|56701.44|0.01|42|38272|38272|667
11|IRAQ|5|11|43299.52|0.1|5|45092|45092|535
14|KENYA|79|14|16917.9|0.09|79|45092|45092|535
23|UNITED KINGDOM|32|23|25251.6|0.03|32|45092|45092|535
0|ALGERIA|28|0|24176.5|0.08|28|45092|45092|535
10|IRAN|9|10|44016.48|0.01|9|34082|34082|337
24|UNITED STATES|10|24|25155.36|0.01|10|34082|34082|337
12|JAPAN|54|12|1164.26|0.02|54|34082|34082|337
24|UNITED STATES|49|24|35557.92|0.05|49|34082|34082|337
16|MOZAMBIQUE|31|16|30940.34|0.02|31|34082|34082|337
24|UNITED STATES|64|24|21153.78|0.06|64|34082|34082|337
8|INDIA|15|8|36649.9|0.07|15|38691|38691|865
21|VIETNAM|26|21|14485.4|0.05|26|38790|38790|788
22|RUSSIA|25|22|68586.2|0.04|25|38790|38790|788
22|RUSSIA|25|22|12012.26|0.06|25|38790|38790|788
3|CANADA|13|3|28410.4|0.06|13|38790|38790|788
10|IRAN|34|10|3896.28|0.09|34|38790|38790|788
21|VIETNAM|80|21|24482.64|0.07|80|31749|31749|568
14|KENYA|6|14|27623.61|0.04|6|31749|31749|568
23|UNITED KINGDOM|66|23|1218.31|0.01|66|31749|31749|568
9|INDONESIA|50|9|44399.04|0.04|50|31749|31749|568
17|PERU|57|17|26939.38|0.03|57|31749|31749|568
4|EGYPT|67|4|5035.5|0.09|67|31749|31749|568
12|JAPAN|43|12|6971.36|0.05|43|31749|31749|568
19|ROMANIA|62|19|81045.36|0.03|62|9700|9700|436
18|CHINA|72|18|67523.4|0.04|72|9700|9700|436
4|EGYPT|67|4|46376.4|0.06|67|9700|9700|436
15|MOROCCO|4|15|13208.04|0.01|4|9700|9700|436
15|MOROCCO|4|15|55300.28|0.08|4|9700|9700|436
22|RUSSIA|42|22|52414.87|0.1|42|9700|9700|436
17|PERU|1|17|19010.4|0.08|1|3430|3430|898
19|ROMANIA|62|19|2813.0|0.07|62|3430|3430|898
19|ROMANIA|62|19|49460.48|0.08|62|3430|3430|898
19|ROMANIA|62|19|30162.43|0.09|62|3430|3430|898
24|UNITED STATES|46|24|8293.75|0.05|46|3430|3430|898
7|GERMANY|53|7|68583.57|0.06|53|3430|3430|898
16|MOZAMBIQUE|73|16|18544.76|0.01|73|47809|47809|832
7|GERMANY|77|7|11652.4|0.03|77|47809|47809|832
17|PERU|59|17|65629.96|0.0|59|47809|47809|832
14|KENYA|79|14|45477.2|0.09|79|47809|47809|832
8|INDIA|12|8|7435.98|0.1|12|47809|47809|832
8|INDIA|12|8|29071.24|0.05|12|47809|47809|832
22|RUSSIA|16|22|8865.42|0.05|16|47809|47809|832
14|KENYA|47|14|27331.48|0.0|47|707|707|931
21|VIETNAM|68|21|43776.48|0.05|68|21926|21926|766
9|INDONESIA|23|9|91151.52|0.07|23|21926|21926|766
1|ARGENTINA|3|1|20758.5|0.1|3|21926|21926|766
14|KENYA|6|14|36940.32|0.04|6|6213|6213|854
8|INDIA|15|8|19743.79|0.04|15|6213|6213|854
22|RUSSIA|25|22|1285.38|0.01|25|3398|3398|535
14|KENYA|6|14|2046.24|0.0|6|3365|3365|656
16|MOZAMBIQUE|73|16|63817.6|0.02|73|3365|3365|656
10|IRAN|34|10|23580.83|0.09|34|3365|3365|656
1|ARGENTINA|29|1|21720.0|0.01|29|3365|3365|656
8|INDIA|15|8|6202.6|0.08|15|44609|44609|997
13|JORDAN|36|13|19881.8|0.02|36|44609|44609|997
21|VIETNAM|35|21|28999.2|0.05|35|44609|44609|997
4|EGYPT|67|4|28002.03|0.02|67|44609|44609|997
12|JAPAN|43|12|46219.78|0.01|43|44609|44609|997
18|CHINA|27|18|46650.4|0.01|27|44609|44609|997
23|UNITED KINGDOM|7|23|15677.1|0.08|7|2694|2694|953
8|INDIA|60|8|12673.8|0.0|60|2694|2694|953
17|PERU|59|17|17588.5|0.08|59|2694|2694|953
14|KENYA|47|14|40503.75|0.07|47|2694|2694|953
17|PERU|57|17|33666.6|0.02|57|2694|2694|953
16|MOZAMBIQUE|73|16|14416.0|0.01|73|26790|26790|898
15|MOROCCO|14|15|7448.04|0.01|14|26790|26790|898
0|ALGERIA|24|0|23623.46|0.03|24|26790|26790|898
16|MOZAMBIQUE|31|16|10002.8|0.04|31|26790|26790|898
21|VIETNAM|80|21|9677.36|0.08|80|37031|37031|733
15|MOROCCO|4|15|29696.64|0.01|4|37031|37031|733
16|MOZAMBIQUE|73|16|1059.15|0.09|73|15075|15075|106
22|RUSSIA|65|22|39081.9|0.04|65|15075|15075|106
24|UNITED STATES|10|24|37193.52|0.1|10|15075|15075|106
17|PERU|1|17|36262.96|0.09|1|2947|2947|557
17|PERU|1|17|13834.8|0.09|1|2947|2947|557
16|MOZAMBIQUE|18|16|53996.84|0.07|18|13381|13381|887
5|ETHIOPIA|2|5|13226.4|0.1|2|13381|13381|887
5|ETHIOPIA|2|5|49300.48|0.01|2|13381|13381|887
8|INDIA|15|8|26041.29|0.07|15|10181|10181|700
17|PERU|57|17|17262.36|0.0|57|10181|10181|700
24|UNITED STATES|55|24|32353.44|0.0|55|27110|27110|854
16|MOZAMBIQUE|58|16|55939.6|0.03|58|27110|27110|854
24|UNITED STATES|64|24|13009.86|0.08|64|27110|27110|854
1|ARGENTINA|71|1|24722.46|0.05|71|29255|29255|535
17|PERU|59|17|9626.4|0.0|59|29255|29255|535
16|MOZAMBIQUE|56|16|20518.47|0.02|56|29255|29255|535
24|UNITED STATES|10|24|27228.9|0.07|10|15681|15681|799
24|UNITED STATES|10|24|50521.32|0.02|10|15681|15681|799
20|SAUDI ARABIA|74|20|43150.08|0.09|74|15681|15681|799
6|FRANCE|70|6|9964.64|0.02|70|42081|42081|821
14|KENYA|48|14|43415.19|0.08|48|42081|42081|821
15|MOROCCO|14|15|42387.62|0.05|14|42081|42081|821
10|IRAN|34|10|4961.25|0.09|34|42081|42081|821
24|UNITED STATES|64|24|45265.92|0.03|64|42081|42081|821
19|ROMANIA|52|19|45346.14|0.07|52|42081|42081|821
5|ETHIOPIA|63|5|60365.0|0.09|63|42081|42081|821
22|RUSSIA|65|22|40017.5|0.09|65|37153|37153|458
23|UNITED KINGDOM|32|23|19761.14|0.04|32|37153|37153|458
12|JAPAN|43|12|45520.64|0.01|43|37153|37153|458
5|ETHIOPIA|63|5|66851.1|0.05|63|37153|37153|458
21|VIETNAM|80|21|25605.51|0.08|80|37252|37252|887
22|RUSSIA|40|22|59295.84|0.01|40|37252|37252|887
21|VIETNAM|35|21|9901.57|0.06|35|37252|37252|887
16|MOZAMBIQUE|56|16|16301.4|0.08|56|37252|37252|887
18|CHINA|27|18|28170.8|0.05|27|37252|37252|887
18|CHINA|41|18|33698.7|0.05|41|37252|37252|887
20|SAUDI ARABIA|74|20|7309.86|0.09|74|37252|37252|887
16|MOZAMBIQUE|18|16|14656.05|0.02|18|35074|35074|502
21|VIETNAM|80|21|39606.84|0.09|80|27264|27264|997
24|UNITED STATES|46|24|28092.83|0.03|46|27264|27264|997
24|UNITED STATES|10|24|46275.31|0.02|10|27264|27264|997
3|CANADA|20|3|23229.44|0.05|20|27264|27264|997
23|UNITED KINGDOM|7|23|87557.12|0.1|7|11270|11270|128
8|INDIA|15|8|8613.18|0.09|15|11270|11270|128
4|EGYPT|67|4|43922.58|0.02|67|11270|11270|128
16|MOZAMBIQUE|18|16|8859.42|0.03|18|11270|11270|128
5|ETHIOPIA|63|5|44090.76|0.02|63|11270|11270|128
1|ARGENTINA|3|1|34779.41|0.09|3|11270|11270|128
14|KENYA|6|14|17418.9|0.03|6|28288|28288|7
7|GERMANY|33|7|35966.81|0.09|33|28288|28288|7
4|EGYPT|22|4|31620.68|0.1|22|28288|28288|7
0|ALGERIA|37|0|43978.3|0.07|37|28288|28288|7
22|RUSSIA|40|22|38026.56|0.08|40|17189|17189|865
7|GERMANY|44|7|16642.24|0.09|44|17189|17189|865
24|UNITED STATES|46|24|61841.52|0.09|46|17189|17189|865
15|MOROCCO|14|15|50278.55|0.07|14|43171|43171|821
10|IRAN|34|10|12102.09|0.04|34|43171|43171|821
17|PERU|1|17|32760.0|0.05|1|4709|4709|205
13|JORDAN|36|13|27379.75|0.03|36|4709|4709|205
17|PERU|1|17|54338.88|0.06|1|11074|11074|568
23|UNITED KINGDOM|66|23|62082.72|0.02|66|11074|11074|568
4|EGYPT|22|4|23089.44|0.08|22|11074|11074|568
8|INDIA|12|8|45281.28|0.08|12|11074|11074|568
3|CANADA|20|3|63383.32|0.1|20|11074|11074|568
18|CHINA|41|18|17064.72|0.04|41|11074|11074|568
17|PERU|8|17|10699.44|0.05|8|27266|27266|502
8|INDIA|15|8|34561.24|0.1|15|27266|27266|502
22|RUSSIA|25|22|80208.48|0.02|25|27266|27266|502
9|INDONESIA|23|9|32337.34|0.06|23|27266|27266|502
23|UNITED KINGDOM|32|23|39373.92|0.07|32|27266|27266|502
12|JAPAN|54|12|6406.9|0.08|54|27266|27266|502
22|RUSSIA|65|22|20702.88|0.06|65|27266|27266|502
7|GERMANY|44|7|39840.02|0.06|44|13120|13120|832
23|UNITED KINGDOM|7|23|34895.7|0.03|7|38211|38211|337
4|EGYPT|22|4|26704.44|0.08|22|38211|38211|337
14|KENYA|47|14|63718.5|0.01|47|38211|38211|337
1|ARGENTINA|29|1|42325.5|0.08|29|38211|38211|337
16|MOZAMBIQUE|18|16|57136.8|0.09|18|38211|38211|337
2|BRAZIL|21|2|13754.7|0.01|21|38211|38211|337
18|CHINA|41|18|73816.2|0.01|41|38211|38211|337
14|KENYA|47|14|8345.12|0.07|47|12482|12482|799
0|ALGERIA|24|0|81175.5|0.1|24|12482|12482|799
8|INDIA|12|8|73637.6|0.05|12|12482|12482|799
16|MOZAMBIQUE|18|16|10351.3|0.03|18|12482|12482|799
16|MOZAMBIQUE|31|16|50505.5|0.1|31|12482|12482|799
9|INDONESIA|51|9|68379.01|0.06|51|29379|29379|568
10|IRAN|9|10|48478.5|0.05|9|29379|29379|568
15|MOROCCO|14|15|28443.45|0.06|14|29379|29379|568
3|CANADA|13|3|11870.87|0.04|13|29379|29379|568
12|JAPAN|43|12|64508.04|0.01|43|29379|29379|568
17|PERU|8|17|51558.23|0.09|8|26464|26464|766
7|GERMANY|77|7|22368.13|0.05|77|26464|26464|766
8|INDIA|61|8|44193.6|0.02|61|26464|26464|766
18|CHINA|72|18|40157.09|0.08|72|26464|26464|766
17|PERU|59|17|39135.14|0.02|59|26464|26464|766
24|UNITED STATES|46|24|23665.92|0.04|46|26464|26464|766
20|SAUDI ARABIA|74|20|19460.85|0.05|74|26464|26464|766
21|VIETNAM|80|21|8761.52|0.06|80|39840|39840|931
11|IRAQ|5|11|45654.0|0.1|5|39840|39840|931
22|RUSSIA|40|22|7952.72|0.02|40|39840|39840|931
14|KENYA|47|14|28073.74|0.02|47|39840|39840|931
19|ROMANIA|17|19|11126.97|0.02|17|39840|39840|931
24|UNITED STATES|49|24|47331.84|0.07|49|39840|39840|931
18|CHINA|75|18|32581.39|0.01|75|39840|39840|931
8|INDIA|15|8|62099.94|0.09|15|27553|27553|733
3|CANADA|13|3|61661.16|0.01|13|27553|27553|733
2|BRAZIL|21|2|23393.53|0.08|21|27553|27553|733
16|MOZAMBIQUE|31|16|17808.8|0.01|31|27553|27553|733
8|INDIA|39|8|28079.75|0.1|39|25441|25441|458
13|JORDAN|36|13|36803.26|0.03|36|39169|39169|854
5|ETHIOPIA|78|5|1500.59|0.02|78|39169|39169|854
24|UNITED STATES|19|24|23347.53|0.05|19|39169|39169|854
8|INDIA|39|8|56986.2|0.06|39|39169|39169|854
4|EGYPT|38|4|17868.8|0.06|38|39169|39169|854
24|UNITED STATES|64|24|16523.92|0.04|64|39169|39169|854
18|CHINA|75|18|80596.07|0.1|75|39169|39169|854
14|KENYA|6|14|48965.89|0.01|6|24484|24484|766
4|EGYPT|22|4|16748.94|0.08|22|24484|24484|766
17|PERU|59|17|8949.54|0.06|59|24484|24484|766
24|UNITED STATES|10|24|49891.18|0.1|10|24484|24484|766
14|KENYA|76|14|47293.52|0.07|76|24484|24484|766
3|CANADA|20|3|43670.2|0.05|20|24484|24484|766
14|KENYA|6|14|40272.93|0.05|6|13473|13473|524
24|UNITED STATES|55|24|13443.69|0.08|55|13473|13473|524
7|GERMANY|77|7|74368.66|0.06|77|13473|13473|524
10|IRAN|9|10|26470.08|0.08|9|13473|13473|524
10|IRAN|9|10|20295.04|0.06|9|13473|13473|524
19|ROMANIA|17|19|3433.62|0.06|17|13473|13473|524
18|CHINA|72|18|43787.81|0.01|72|18533|18533|1190
17|PERU|8|17|13959.12|0.04|8|28389|28389|425
1|ARGENTINA|3|1|31682.56|0.01|3|28389|28389|425
22|RUSSIA|40|22|47159.84|0.08|40|29446|29446|667
21|VIETNAM|26|21|83465.89|0.06|26|29446|29446|667
24|UNITED STATES|10|24|13442.52|0.0|10|29446|29446|667
24|UNITED STATES|64|24|14445.9|0.08|64|29446|29446|667
17|PERU|1|17|49605.2|0.02|1|44483|44483|722
13|JORDAN|36|13|30629.55|0.04|36|44483|44483|722
14|KENYA|47|14|46942.54|0.09|47|44483|44483|722
21|VIETNAM|35|21|22013.4|0.08|35|44483|44483|722
5|ETHIOPIA|78|5|11452.24|0.1|78|44483|44483|722
22|RUSSIA|42|22|21483.4|0.09|42|44483|44483|722
18|CHINA|41|18|70731.36|0.02|41|44483|44483|722
21|VIETNAM|80|21|22056.24|0.07|80|11043|11043|656
24|UNITED STATES|10|24|28573.82|0.04|10|11043|11043|656
3|CANADA|20|3|35905.8|0.01|20|11043|11043|656
20|SAUDI ARABIA|74|20|41927.16|0.03|74|11043|11043|656
14|KENYA|79|14|73047.97|0.03|79|27554|27554|997
1|ARGENTINA|29|1|35151.48|0.1|29|27554|27554|997
17|PERU|57|17|26840.43|0.02|57|26245|26245|931
17|PERU|1|17|40951.68|0.08|1|37344|37344|535
7|GERMANY|77|7|21702.56|0.08|77|37344|37344|535
24|UNITED STATES|46|24|24569.74|0.07|46|37344|37344|535
9|INDONESIA|23|9|14019.12|0.1|23|37344|37344|535
24|UNITED STATES|10|24|29563.74|0.07|10|37344|37344|535
22|RUSSIA|16|22|64733.85|0.01|16|37344|37344|535
17|PERU|8|17|24867.14|0.09|8|47398|47398|722
17|PERU|1|17|56725.2|0.01|1|47398|47398|722
18|CHINA|72|18|2853.15|0.01|72|47398|47398|722
23|UNITED KINGDOM|32|23|47299.75|0.09|32|47398|47398|722
14|KENYA|48|14|24156.03|0.0|48|47651|47651|733
1|ARGENTINA|29|1|7970.52|0.01|29|47651|47651|733
24|UNITED STATES|10|24|2396.58|0.05|10|47651|47651|733
14|KENYA|48|14|2012.2|0.01|48|15201|15201|755
2|BRAZIL|21|2|62266.0|0.07|21|15201|15201|755
22|RUSSIA|42|22|36404.5|0.0|42|15201|15201|755
15|MOROCCO|14|15|41150.54|0.07|14|34880|34880|106
9|INDONESIA|23|9|90383.04|0.0|23|46178|46178|865
24|UNITED STATES|10|24|85433.76|0.02|10|46178|46178|865
7|GERMANY|53|7|17526.72|0.01|53|46178|46178|865
24|UNITED STATES|64|24|32864.96|0.01|64|38786|38786|436
19|ROMANIA|52|19|19588.25|0.07|52|38786|38786|436
4|EGYPT|22|4|5135.43|0.08|22|33671|33671|469
17|PERU|59|17|28896.0|0.06|59|33671|33671|469
24|UNITED STATES|19|24|31942.49|0.05|19|33671|33671|469
24|UNITED STATES|49|24|10861.8|0.04|49|33671|33671|469
4|EGYPT|69|4|32002.56|0.03|69|38467|38467|920
16|MOZAMBIQUE|56|16|64969.08|0.01|56|38467|38467|920
4|EGYPT|38|4|42921.2|0.0|38|33473|33473|964
14|KENYA|76|14|42874.87|0.02|76|12320|12320|238
16|MOZAMBIQUE|31|16|47901.15|0.05|31|12320|12320|238
21|VIETNAM|80|21|6907.4|0.06|80|26785|26785|7
14|KENYA|47|14|16649.76|0.07|47|26785|26785|7
15|MOROCCO|4|15|3297.57|0.1|4|26785|26785|7
2|BRAZIL|21|2|39482.34|0.04|21|26785|26785|7
22|RUSSIA|16|22|70004.25|0.1|16|26785|26785|7
21|VIETNAM|80|21|73513.88|0.06|80|15334|15334|997
7|GERMANY|77|7|34020.24|0.01|77|15334|15334|997
17|PERU|57|17|45447.84|0.04|57|15334|15334|997
4|EGYPT|67|4|38291.48|0.09|67|15334|15334|997
15|MOROCCO|4|15|17250.36|0.08|4|15334|15334|997
4|EGYPT|38|4|66716.97|0.04|38|15334|15334|997
20|SAUDI ARABIA|74|20|42825.6|0.08|74|18403|18403|997
1|ARGENTINA|3|1|24490.62|0.1|3|18403|18403|997
21|VIETNAM|80|21|35086.17|0.09|80|35872|35872|865
23|UNITED KINGDOM|7|23|46270.29|0.02|7|35872|35872|865
8|INDIA|15|8|3255.44|0.1|15|35872|35872|865
21|VIETNAM|35|21|12036.09|0.0|35|35872|35872|865
21|VIETNAM|35|21|4264.56|0.0|35|35872|35872|865
22|RUSSIA|42|22|10824.0|0.06|42|35872|35872|865
7|GERMANY|33|7|19572.63|0.0|33|37511|37511|458
4|EGYPT|67|4|43908.16|0.1|67|37511|37511|458
22|RUSSIA|16|22|44760.24|0.03|16|37511|37511|458
11|IRAQ|5|11|4917.28|0.1|5|36961|36961|667
19|ROMANIA|62|19|25867.74|0.1|62|36961|36961|667
7|GERMANY|44|7|26053.5|0.0|44|36961|36961|667
3|CANADA|13|3|40723.5|0.09|13|36961|36961|667
5|ETHIOPIA|78|5|37272.69|0.05|78|36961|36961|667
24|UNITED STATES|49|24|77649.32|0.07|49|36961|36961|667
8|INDIA|60|8|35822.36|0.01|60|33540|33540|634
4|EGYPT|67|4|45303.65|0.06|67|33540|33540|634
16|MOZAMBIQUE|56|16|29411.98|0.08|56|33540|33540|634
8|INDIA|12|8|2142.34|0.03|12|33540|33540|634
22|RUSSIA|42|22|10036.89|0.09|42|33540|33540|634
22|RUSSIA|42|22|40590.0|0.07|42|33540|33540|634
18|CHINA|41|18|960.06|0.07|41|33540|33540|634
23|UNITED KINGDOM|7|23|68788.57|0.04|7|30086|30086|854
23|UNITED KINGDOM|66|23|10521.5|0.04|66|30086|30086|854
10|IRAN|9|10|36635.2|0.06|9|30086|30086|854
16|MOZAMBIQUE|56|16|85677.24|0.0|56|30086|30086|854
14|KENYA|76|14|24975.06|0.0|76|30086|30086|854
18|CHINA|72|18|23146.2|0.09|72|28227|28227|568
3|CANADA|13|3|33731.06|0.02|13|28227|28227|568
18|CHINA|27|18|2778.06|0.06|27|28227|28227|568
9|INDONESIA|50|9|48298.46|0.0|50|28898|28898|7
8|INDIA|60|8|15449.5|0.1|60|28898|28898|7
14|KENYA|48|14|23641.92|0.0|48|28898|28898|7
3|CANADA|13|3|3865.14|0.03|13|28898|28898|7
7|GERMANY|53|7|21398.18|0.08|53|28898|28898|7
8|INDIA|60|8|31433.4|0.04|60|39008|39008|535
10|IRAN|9|10|62326.44|0.08|9|39008|39008|535
10|IRAN|9|10|57261.2|0.07|9|39008|39008|535
18|CHINA|11|18|43408.53|0.04|11|14401|14401|1190
0|ALGERIA|37|0|55012.71|0.06|37|14401|14401|1190
13|JORDAN|36|13|26788.6|0.07|36|14401|14401|1190
2|BRAZIL|21|2|16487.85|0.06|21|14401|14401|1190
14|KENYA|76|14|22464.72|0.1|76|14401|14401|1190
4|EGYPT|67|4|38495.82|0.08|67|40163|40163|502
24|UNITED STATES|46|24|23791.33|0.08|46|41670|41670|799
2|BRAZIL|21|2|17878.8|0.07|21|41670|41670|799
18|CHINA|75|18|9818.56|0.05|75|41670|41670|799
18|CHINA|41|18|57939.92|0.0|41|41670|41670|799
7|GERMANY|44|7|19182.24|0.09|44|38755|38755|887
4|EGYPT|69|4|39830.56|0.08|69|38755|38755|887
0|ALGERIA|24|0|73475.22|0.03|24|38755|38755|887
5|ETHIOPIA|78|5|44142.54|0.05|78|38755|38755|887
17|PERU|8|17|30380.94|0.04|8|15457|15457|733
18|CHINA|11|18|14863.6|0.01|11|15457|15457|733
15|MOROCCO|14|15|46093.32|0.07|14|15457|15457|733
21|VIETNAM|80|21|81874.02|0.03|80|25412|25412|931
16|MOZAMBIQUE|56|16|71876.5|0.1|56|25412|25412|931
24|UNITED STATES|10|24|17854.2|0.08|10|25412|25412|931
22|RUSSIA|65|22|1371.47|0.0|65|25412|25412|931
4|EGYPT|38|4|46257.28|0.04|38|25412|25412|931
24|UNITED STATES|64|24|26957.28|0.02|64|25412|25412|931
5|ETHIOPIA|2|5|55985.67|0.09|2|25412|25412|931
16|MOZAMBIQUE|56|16|43727.6|0.03|56|10023|10023|964
21|VIETNAM|26|21|46085.3|0.02|26|10562|10562|997
17|PERU|57|17|7952.72|0.1|57|10562|10562|997
5|ETHIOPIA|78|5|69488.06|0.03|78|10562|10562|997
3|CANADA|20|3|21602.88|0.06|20|10562|10562|997
20|SAUDI ARABIA|74|20|34336.75|0.09|74|10562|10562|997
22|RUSSIA|40|22|27881.92|0.03|40|39107|39107|458
0|ALGERIA|37|0|21537.75|0.07|37|39107|39107|458
13|JORDAN|36|13|49253.2|0.08|36|39107|39107|458
14|KENYA|79|14|17188.1|0.1|79|39107|39107|458
8|INDIA|61|8|50254.0|0.07|61|35136|35136|898
14|KENYA|76|14|84312.83|0.01|76|35136|35136|898
3|CANADA|20|3|33969.06|0.02|20|35136|35136|898
22|RUSSIA|40|22|17995.08|0.08|40|420|420|722
4|EGYPT|69|4|8544.0|0.04|69|420|420|722
14|KENYA|47|14|75639.6|0.01|47|420|420|722
14|KENYA|79|14|54929.46|0.02|79|420|420|722
4|EGYPT|38|4|26186.16|0.05|38|420|420|722
24|UNITED STATES|49|24|40096.68|0.0|49|420|420|722
16|MOZAMBIQUE|30|16|57662.1|0.09|30|420|420|722
7|GERMANY|33|7|55873.77|0.01|33|17668|17668|7
18|CHINA|72|18|47589.3|0.05|72|17668|17668|7
17|PERU|59|17|50012.82|0.08|59|17668|17668|7
16|MOZAMBIQUE|56|16|30322.76|0.01|56|17668|17668|7
16|MOZAMBIQUE|18|16|14536.73|0.05|18|17668|17668|7
5|ETHIOPIA|2|5|62966.6|0.1|2|17668|17668|7
18|CHINA|11|18|10020.71|0.1|11|30593|30593|568
21|VIETNAM|26|21|22532.14|0.06|26|30593|30593|568
17|PERU|59|17|34304.66|0.0|59|30593|30593|568
15|MOROCCO|4|15|41733.0|0.03|4|30593|30593|568
22|RUSSIA|65|22|20861.1|0.05|65|30593|30593|568
19|ROMANIA|17|19|17646.85|0.1|17|30593|30593|568
18|CHINA|11|18|22145.94|0.05|11|43111|43111|755
4|EGYPT|22|4|1480.58|0.02|22|43111|43111|755
7|GERMANY|77|7|4369.65|0.06|77|43111|43111|755
22|RUSSIA|25|22|40114.66|0.03|25|43111|43111|755
3|CANADA|13|3|29184.32|0.08|13|43111|43111|755
17|PERU|57|17|52536.33|0.02|57|43111|43111|755
16|MOZAMBIQUE|18|16|19606.86|0.05|18|43111|43111|755
24|UNITED STATES|55|24|8037.68|0.08|55|47137|47137|953
14|KENYA|79|14|16001.44|0.02|79|47137|47137|953
24|UNITED STATES|19|24|25185.09|0.02|19|47137|47137|953
24|UNITED STATES|19|24|4024.4|0.07|19|47137|47137|953
22|RUSSIA|40|22|76112.08|0.1|40|20198|20198|766
6|FRANCE|70|6|17398.48|0.03|70|20198|20198|766
17|PERU|57|17|43057.38|0.1|57|20198|20198|766
15|MOROCCO|4|15|21056.23|0.02|4|20198|20198|766
1|ARGENTINA|29|1|969.06|0.04|29|20198|20198|766
12|JAPAN|43|12|6006.4|0.08|43|20198|20198|766
24|UNITED STATES|49|24|8712.54|0.01|49|20198|20198|766
16|MOZAMBIQUE|73|16|29643.68|0.09|73|28833|28833|535
22|RUSSIA|40|22|42868.41|0.09|40|28833|28833|535
6|FRANCE|70|6|24498.22|0.05|70|27139|27139|722
4|EGYPT|69|4|42065.66|0.01|69|12289|12289|337
18|CHINA|41|18|54033.72|0.02|41|12289|12289|337
14|KENYA|6|14|59020.73|0.07|6|25632|25632|997
23|UNITED KINGDOM|66|23|45156.6|0.02|66|25632|25632|997
8|INDIA|61|8|54443.04|0.03|61|25632|25632|997
15|MOROCCO|14|15|39180.24|0.0|14|25632|25632|997
24|UNITED STATES|46|24|9830.8|0.04|46|25632|25632|997
14|KENYA|79|14|34003.06|0.08|79|25632|25632|997
23|UNITED KINGDOM|32|23|9144.8|0.07|32|25632|25632|997
21|VIETNAM|80|21|45968.72|0.06|80|46433|46433|1190
22|RUSSIA|25|22|20055.42|0.1|25|46433|46433|1190
16|MOZAMBIQUE|56|16|30303.0|0.0|56|46433|46433|1190
4|EGYPT|67|4|29807.36|0.04|67|46433|46433|1190
12|JAPAN|54|12|46298.75|0.06|54|46433|46433|1190
19|ROMANIA|62|19|1206.3|0.04|62|36676|36676|304
18|CHINA|11|18|16759.82|0.04|11|36676|36676|304
0|ALGERIA|24|0|932.03|0.0|24|36676|36676|304
12|JAPAN|54|12|25920.93|0.08|54|36676|36676|304
22|RUSSIA|42|22|59155.36|0.06|42|36676|36676|304
16|MOZAMBIQUE|30|16|34996.8|0.1|30|36676|36676|304
5|ETHIOPIA|2|5|20346.75|0.09|2|36676|36676|304
