23|UNITED KINGDOM|7|23|64181.37|0.04|7|36930|36930|1114
14|KENYA|6|14|30633.0|0.06|6|36930|36930|1114
7|GERMANY|44|7|54633.09|0.06|44|36930|36930|1114
13|JORDAN|36|13|40724.28|0.03|36|36930|36930|1114
24|UNITED STATES|46|24|42781.25|0.0|46|36930|36930|1114
7|GERMANY|44|7|47235.84|0.03|44|35621|35621|1147
3|CANADA|13|3|57244.74|0.1|13|35621|35621|1147
7|GERMANY|77|7|1263.36|0.06|77|46247|46247|1114
24|UNITED STATES|46|24|77211.45|0.02|46|46247|46247|1114
16|MOZAMBIQUE|18|16|62146.0|0.03|18|46247|46247|1114
12|JAPAN|43|12|70575.2|0.0|43|46247|46247|1114
24|UNITED STATES|49|24|18356.36|0.05|49|46247|46247|1114
7|GERMANY|77|7|5089.48|0.1|77|10662|10662|1136
18|CHINA|72|18|42595.41|0.07|72|10662|10662|1136
17|PERU|59|17|46093.02|0.03|59|10662|10662|1136
0|ALGERIA|37|0|69649.32|0.01|37|10662|10662|1136
9|INDONESIA|50|9|4138.41|0.03|50|9829|9829|1103
18|CHINA|75|18|2136.32|0.08|75|9829|9829|1103
10|IRAN|9|10|39904.86|0.06|9|4736|4736|1103
1|ARGENTINA|3|1|38130.56|0.03|3|4736|4736|1103
4|EGYPT|69|4|60859.05|0.01|69|20035|20035|1147
12|JAPAN|54|12|6312.9|0.08|54|20035|20035|1147
10|IRAN|9|10|65818.19|0.08|9|2785|2785|1169
13|JORDAN|36|13|46777.83|0.08|36|2785|2785|1169
18|CHINA|27|18|43464.58|0.0|27|2785|2785|1169
19|ROMANIA|52|19|57588.86|0.08|52|2785|2785|1169
14|KENYA|6|14|32375.0|0.04|6|24964|24964|25
10|IRAN|9|10|61416.0|0.03|9|24964|24964|25
14|KENYA|79|14|18752.02|0.05|79|24964|24964|25
16|MOZAMBIQUE|56|16|1864.06|0.08|56|24964|24964|25
24|UNITED STATES|19|24|42795.6|0.05|19|24964|24964|25
17|PERU|57|17|11982.87|0.06|57|20993|20993|1169
16|MOZAMBIQUE|30|16|31809.72|0.01|30|20993|20993|1169
14|KENYA|79|14|24466.4|0.1|79|47943|47943|58
18|CHINA|41|18|22425.32|0.08|41|47943|47943|58
21|VIETNAM|80|21|17461.19|0.06|80|9570|9570|1147
6|FRANCE|70|6|9177.72|0.02|70|9570|9570|1147
21|VIETNAM|26|21|8925.48|0.01|26|9570|9570|1147
10|IRAN|34|10|6916.56|0.02|34|9570|9570|1147
12|JAPAN|43|12|28450.4|0.09|43|9570|9570|1147
7|GERMANY|44|7|5906.28|0.09|44|23875|23875|1114
10|IRAN|9|10|66777.52|0.04|9|23875|23875|1114
4|EGYPT|69|4|44431.88|0.02|69|18529|18529|1004
0|ALGERIA|28|0|31353.2|0.08|28|7139|7139|1136
20|SAUDI ARABIA|74|20|37032.12|0.04|74|30214|30214|58
23|UNITED KINGDOM|7|23|59287.36|0.03|7|21733|21733|1015
23|UNITED KINGDOM|32|23|55921.16|0.06|32|21733|21733|1015
19|ROMANIA|62|19|51263.94|0.09|62|9057|9057|58
4|EGYPT|22|4|17307.87|0.05|22|9057|9057|58
9|INDONESIA|50|9|26956.56|0.06|50|9057|9057|58
14|KENYA|76|14|72412.8|0.01|76|9057|9057|58
10|IRAN|34|10|60453.69|0.07|34|46759|46759|1114
5|ETHIOPIA|78|5|28995.46|0.08|78|46759|46759|1114
15|MOROCCO|4|15|39855.29|0.06|4|46759|46759|1114
8|INDIA|39|8|4414.71|0.02|39|46759|46759|1114
14|KENYA|6|14|7463.84|0.04|6|44515|44515|1147
23|UNITED KINGDOM|7|23|19621.12|0.08|7|40225|40225|1103
14|KENYA|6|14|79371.6|0.01|6|40225|40225|1103
17|PERU|57|17|53858.5|0.09|57|40225|40225|1103
23|UNITED KINGDOM|32|23|7624.4|0.09|32|40225|40225|1103
22|RUSSIA|42|22|48053.0|0.05|42|40225|40225|1103
17|PERU|8|17|1028.12|0.01|8|41985|41985|58
23|UNITED KINGDOM|7|23|37825.92|0.07|7|41985|41985|58
21|VIETNAM|35|21|10362.44|0.03|35|41985|41985|58
24|UNITED STATES|49|24|49025.24|0.06|49|41985|41985|58
24|UNITED STATES|49|24|43581.84|0.02|49|41985|41985|58
5|ETHIOPIA|63|5|11748.48|0.04|63|41985|41985|58
1|ARGENTINA|3|1|56853.06|0.0|3|41985|41985|58
7|GERMANY|33|7|34656.38|0.06|33|37505|37505|1037
7|GERMANY|77|7|3936.32|0.1|77|37505|37505|1037
0|ALGERIA|24|0|27299.97|0.0|24|37505|37505|1037
18|CHINA|75|18|31161.36|0.04|75|37505|37505|1037
22|RUSSIA|42|22|7322.8|0.06|42|37505|37505|1037
16|MOZAMBIQUE|31|16|73821.49|0.06|31|37505|37505|1037
16|MOZAMBIQUE|73|16|29968.62|0.08|73|44743|44743|1114
9|INDONESIA|50|9|46949.25|0.1|50|44743|44743|1114
0|ALGERIA|28|0|27810.6|0.06|28|44743|44743|1114
23|UNITED KINGDOM|66|23|12694.5|0.0|66|15714|15714|1103
24|UNITED STATES|10|24|5417.8|0.01|10|15714|15714|1103
24|UNITED STATES|10|24|11340.08|0.01|10|15714|15714|1103
22|RUSSIA|42|22|79137.66|0.02|42|15714|15714|1103
19|ROMANIA|52|19|21162.54|0.05|52|15714|15714|1103
24|UNITED STATES|55|24|60365.0|0.03|55|930|930|1048
8|INDIA|60|8|10581.5|0.0|60|930|930|1048
12|JAPAN|43|12|48839.11|0.08|43|930|930|1048
12|JAPAN|43|12|36939.9|0.07|43|930|930|1048
0|ALGERIA|28|0|35674.59|0.06|28|930|930|1048
17|PERU|1|17|63706.15|0.09|1|33028|33028|1048
8|INDIA|60|8|37304.46|0.04|60|33028|33028|1048
14|KENYA|79|14|52536.33|0.08|79|33028|33028|1048
15|MOROCCO|4|15|18560.4|0.09|4|33028|33028|1048
2|BRAZIL|21|2|2750.94|0.05|21|42720|42720|1015
8|INDIA|15|8|42129.36|0.09|15|8577|8577|25
4|EGYPT|69|4|62034.72|0.03|69|8577|8577|25
8|INDIA|60|8|39402.56|0.04|60|22945|22945|1147
0|ALGERIA|28|0|30812.8|0.04|28|22945|22945|1147
16|MOZAMBIQUE|31|16|50885.2|0.05|31|22945|22945|1147
22|RUSSIA|42|22|45672.88|0.08|42|22945|22945|1147
5|ETHIOPIA|2|5|44984.79|0.0|2|22945|22945|1147
17|PERU|1|17|13874.96|0.09|1|6341|6341|1015
14|KENYA|47|14|36413.0|0.1|47|6341|6341|1015
24|UNITED STATES|49|24|21174.72|0.08|49|6341|6341|1015
19|ROMANIA|52|19|65798.95|0.0|52|6341|6341|1015
5|ETHIOPIA|63|5|50378.74|0.08|63|6341|6341|1015
22|RUSSIA|40|22|43123.08|0.0|40|31878|31878|47
8|INDIA|61|8|5886.35|0.08|61|31878|31878|47
13|JORDAN|36|13|1015.11|0.04|36|31878|31878|47
18|CHINA|75|18|38225.81|0.06|75|31878|31878|47
24|UNITED STATES|64|24|6461.14|0.04|64|31878|31878|47
19|ROMANIA|52|19|45809.6|0.02|52|31878|31878|47
5|ETHIOPIA|2|5|22944.8|0.07|2|31878|31878|47
21|VIETNAM|68|21|23737.92|0.04|68|1095|1095|1147
5|ETHIOPIA|78|5|14862.12|0.06|78|1095|1095|1147
16|MOZAMBIQUE|56|16|27357.96|0.08|56|1095|1095|1147
1|ARGENTINA|29|1|71835.6|0.09|29|1095|1095|1147
12|JAPAN|43|12|49781.28|0.07|43|1095|1095|1147
1|ARGENTINA|3|1|32672.64|0.01|3|1095|1095|1147
16|MOZAMBIQUE|73|16|12838.14|0.05|73|8003|8003|1048
18|CHINA|72|18|15226.11|0.07|72|8003|8003|1048
9|INDONESIA|50|9|58822.4|0.03|50|8003|8003|1048
6|FRANCE|70|6|37314.75|0.02|70|8003|8003|1048
5|ETHIOPIA|78|5|30560.88|0.1|78|8003|8003|1048
14|KENYA|76|14|65937.96|0.1|76|8003|8003|1048
22|RUSSIA|65|22|25847.8|0.07|65|8003|8003|1048
23|UNITED KINGDOM|66|23|39102.48|0.08|66|34180|34180|1114
7|GERMANY|77|7|53865.38|0.08|77|34180|34180|1114
8|INDIA|60|8|28556.09|0.05|60|34180|34180|1114
18|CHINA|41|18|53058.0|0.02|41|34180|34180|1114
1|ARGENTINA|3|1|78667.19|0.1|3|34180|34180|1114
14|KENYA|47|14|14015.4|0.02|47|9601|9601|1147
0|ALGERIA|24|0|32027.66|0.04|24|9601|9601|1147
15|MOROCCO|4|15|24869.88|0.1|4|9601|9601|1147
2|BRAZIL|21|2|41456.24|0.1|21|9601|9601|1147
5|ETHIOPIA|2|5|28531.0|0.0|2|9601|9601|1147
23|UNITED KINGDOM|7|23|34226.66|0.08|7|8578|8578|1169
22|RUSSIA|40|22|23475.75|0.03|40|8578|8578|1169
14|KENYA|79|14|49659.04|0.02|79|8578|8578|1169
3|CANADA|13|3|27484.26|0.04|13|8578|8578|1169
16|MOZAMBIQUE|31|16|53936.7|0.06|31|8578|8578|1169
10|IRAN|34|10|8409.2|0.06|34|40835|40835|58
12|JAPAN|54|12|41755.78|0.09|54|40835|40835|58
22|RUSSIA|16|22|44329.98|0.04|16|40835|40835|58
9|INDONESIA|51|9|20389.92|0.06|51|31815|31815|47
18|CHINA|11|18|61502.6|0.1|11|31815|31815|47
15|MOROCCO|14|15|12429.2|0.05|14|31815|31815|47
8|INDIA|12|8|27353.97|0.08|12|31815|31815|47
4|EGYPT|22|4|26353.75|0.03|22|9316|9316|1114
21|VIETNAM|68|21|59587.94|0.05|68|9316|9316|1114
5|ETHIOPIA|78|5|35686.72|0.05|78|9316|9316|1114
8|INDIA|39|8|40832.28|0.06|39|9316|9316|1114
18|CHINA|41|18|37299.96|0.06|41|9316|9316|1114
10|IRAN|9|10|77796.9|0.06|9|37152|37152|1147
16|MOZAMBIQUE|18|16|22919.7|0.06|18|37152|37152|1147
19|ROMANIA|17|19|58601.4|0.01|17|37152|37152|1147
18|CHINA|41|18|2536.72|0.08|41|38693|38693|47
7|GERMANY|77|7|49643.2|0.06|77|38561|38561|14
15|MOROCCO|4|15|45710.96|0.05|4|38561|38561|14
1|ARGENTINA|71|1|22019.76|0.05|71|19522|19522|1048
10|IRAN|9|10|49621.7|0.09|9|41280|41280|1048
0|ALGERIA|28|0|22686.3|0.04|28|41280|41280|1048
7|GERMANY|77|7|5496.06|0.07|77|32481|32481|47
8|INDIA|12|8|28690.6|0.04|12|32481|32481|47
14|KENYA|6|14|14510.73|0.03|6|39268|39268|1004
7|GERMANY|77|7|6081.55|0.04|77|39268|39268|1004
17|PERU|59|17|46603.06|0.02|59|39268|39268|1004
5|ETHIOPIA|78|5|56687.73|0.09|78|39268|39268|1004
8|INDIA|12|8|17358.75|0.01|12|39268|39268|1004
16|MOZAMBIQUE|18|16|33604.48|0.05|18|39268|39268|1004
24|UNITED STATES|64|24|22957.7|0.03|64|39268|39268|1004
19|ROMANIA|62|19|40186.64|0.0|62|29126|29126|1114
5|ETHIOPIA|78|5|38415.75|0.07|78|29126|29126|1114
16|MOZAMBIQUE|18|16|8234.82|0.01|18|29126|29126|1114
12|JAPAN|54|12|23738.26|0.03|54|29126|29126|1114
16|MOZAMBIQUE|73|16|74869.2|0.03|73|16674|16674|25
7|GERMANY|44|7|60485.01|0.09|44|16674|16674|25
16|MOZAMBIQUE|18|16|18692.16|0.01|18|16674|16674|25
0|ALGERIA|28|0|45197.5|0.05|28|16674|16674|25
8|INDIA|39|8|37610.04|0.07|39|16674|16674|25
0|ALGERIA|28|0|10355.12|0.04|28|16674|16674|25
16|MOZAMBIQUE|31|16|3030.33|0.09|31|16674|16674|25
23|UNITED KINGDOM|66|23|33541.64|0.07|66|38950|38950|1136
18|CHINA|11|18|34330.66|0.06|11|38950|38950|1136
24|UNITED STATES|46|24|53474.26|0.04|46|38950|38950|1136
23|UNITED KINGDOM|32|23|33497.28|0.1|32|38950|38950|1136
1|ARGENTINA|3|1|19188.64|0.05|3|38950|38950|1136
7|GERMANY|33|7|12573.5|0.1|33|38599|38599|25
24|UNITED STATES|19|24|18179.68|0.03|19|38599|38599|25
0|ALGERIA|28|0|65120.0|0.01|28|38599|38599|25
7|GERMANY|53|7|49653.6|0.05|53|26246|26246|1037
1|ARGENTINA|3|1|32291.0|0.05|3|26246|26246|1037
14|KENYA|6|14|35765.84|0.1|6|16743|16743|1114
22|RUSSIA|40|22|37239.6|0.04|40|16743|16743|1114
13|JORDAN|36|13|45849.6|0.01|36|16743|16743|1114
19|ROMANIA|52|19|22544.4|0.02|52|16743|16743|1114
16|MOZAMBIQUE|18|16|62484.86|0.0|18|47488|47488|25
16|MOZAMBIQUE|73|16|7132.6|0.03|73|20384|20384|58
0|ALGERIA|24|0|69486.39|0.03|24|20384|20384|58
17|PERU|57|17|8051.75|0.03|57|20384|20384|58
24|UNITED STATES|49|24|92347.0|0.07|49|20384|20384|58
22|RUSSIA|42|22|34571.51|0.06|42|20384|20384|58
24|UNITED STATES|64|24|2772.06|0.09|64|20384|20384|58
24|UNITED STATES|49|24|3381.58|0.05|49|22375|22375|58
22|RUSSIA|42|22|25867.8|0.03|42|22375|22375|58
5|ETHIOPIA|2|5|9177.92|0.06|2|22375|22375|58
4|EGYPT|22|4|25226.6|0.07|22|47302|47302|1048
18|CHINA|11|18|27399.67|0.05|11|47302|47302|1048
8|INDIA|61|8|52136.28|0.06|61|47302|47302|1048
0|ALGERIA|28|0|65629.96|0.03|28|47302|47302|1048
14|KENYA|6|14|45818.21|0.07|6|25027|25027|58
7|GERMANY|44|7|19261.2|0.02|44|25027|25027|58
18|CHINA|11|18|40316.9|0.1|11|25027|25027|58
21|VIETNAM|68|21|39946.88|0.03|68|25027|25027|58
17|PERU|8|17|65803.92|0.08|8|12135|12135|1136
23|UNITED KINGDOM|66|23|66453.84|0.1|66|12135|12135|1136
21|VIETNAM|26|21|5631.1|0.05|26|12135|12135|1136
4|EGYPT|69|4|43908.28|0.02|69|12135|12135|1136
17|PERU|57|17|16613.76|0.04|57|12135|12135|1136
24|UNITED STATES|19|24|49985.39|0.04|19|12135|12135|1136
19|ROMANIA|52|19|7027.5|0.07|52|12135|12135|1136
7|GERMANY|33|7|2504.7|0.08|33|46752|46752|1015
9|INDONESIA|50|9|58201.51|0.01|50|46752|46752|1015
21|VIETNAM|68|21|5181.56|0.04|68|46752|46752|1015
12|JAPAN|43|12|65435.92|0.05|43|46752|46752|1015
8|INDIA|61|8|17677.44|0.08|61|25665|25665|14
22|RUSSIA|25|22|25083.36|0.01|25|25665|25665|14
