13636
42214
41125
21248
18817
41510
27815
21831
35108
22887
47648
21633
46944
12932
30598
33634
10116
35911
40993
45987
4292
24999
46724
45217
34756
34723
24647
6371
36736
23745
40256
42599
33249
9440
34789
43303
36516
22755
33414
44678
41059
227
15429
32039
25219
13702
33920
40102
33568
7042
23910
23239
40322
44645
44832
832
12833
40003
34338
12965
10369
21314
14406
43974
27969
32864
31236
47329
40641
12613
31522
10336
24416
25824
8230
46405
23712
12866
38727
12800
37638
10820
30433
21666
43424
38628
23844
20995
22689
32512
865
34976
31654
38529
19719
40355
30048
47527
26308
35207
27749
10721
35713
38309
8582
10534
40487
13735
42852
21413
22403
34822
9473
10853
43204
18949
34855
11557
26946
21798
10017
36934
22821
45569
17409
43941
11777
13889
25703
33216
35526
40454
41796
8483
20742
23107
38914
16705
37825
30213
24966
24229
30752
34657
44997
31973
6085
14208
964
23877
44326
20962
10754
17728
46625
678
36549
21347
42720
45635
29509
34503
20775
22018
11524
31335
42016
20643
25538
37858
44007
20357
16738
12327
9154
39937
42247
47428
30147
8065
28805
34019
12899
35878
30983
44579
37957
39618
25637
21479
7141
20038
16903
12129
31621
11843
30565
45602
23459
34118
13603
1190
32930
42885
21765
26528
46823
42753
30851
7394
47714
42049
21699
24768
12228
33700
13669
35746
20258
21952
41862
20676
34437
8450
43556
13317
22656
10435
5381
11139
22337
5062
16419
39904
23811
16837
27617
33315
20225
9121
10688
33667
43622
22304
36967
41763
45349
22854
7075
46658
6470
4160
35427
40289
42500
23778
711
11458
9792
22788
14626
33799
41345
46977
2180
13537
41026
13988
40036
42533
7174
26759
24614
44865
41444
7680
26627
10501
23525
17508
30114
23558
41158
44128
41312
41543
359
26979
28838
44898
612
32611
41378
20896
40135
45668
19939
36802
34624
30400
17959
42401
13856
22502
9572
25956
14659
24449
35779
35559
30884
43523
24933
43138
21600
