19|ROMANIA|62|19|40679.1|0.0|62|25633|25633|874
21|VIETNAM|26|21|30965.0|0.06|26|25633|25633|874
24|UNITED STATES|46|24|37115.52|0.04|46|25633|25633|874
22|RUSSIA|65|22|80604.92|0.08|65|25633|25633|874
4|EGYPT|38|4|43384.15|0.09|38|25633|25633|874
20|SAUDI ARABIA|74|20|10428.44|0.1|74|25633|25633|874
22|RUSSIA|40|22|34507.2|0.06|40|25127|25127|841
4|EGYPT|69|4|41723.88|0.0|69|25127|25127|841
15|MOROCCO|4|15|10162.88|0.08|4|25127|25127|841
14|KENYA|76|14|66916.59|0.02|76|25127|25127|841
16|MOZAMBIQUE|30|16|27229.5|0.03|30|25127|25127|841
22|RUSSIA|65|22|14216.29|0.1|65|39559|39559|379
9|INDONESIA|50|9|9072.9|0.03|50|29318|29318|302
19|ROMANIA|17|19|59968.32|0.08|17|29318|29318|302
24|UNITED STATES|49|24|61118.8|0.05|49|29318|29318|302
23|UNITED KINGDOM|7|23|57156.84|0.0|7|34433|34433|401
16|MOZAMBIQUE|73|16|28292.68|0.08|73|34433|34433|401
17|PERU|1|17|7183.74|0.03|1|12323|12323|742
1|ARGENTINA|71|1|58932.3|0.09|71|12323|12323|742
0|ALGERIA|37|0|35841.1|0.0|37|12323|12323|742
9|INDONESIA|45|9|18055.2|0.0|45|12323|12323|742
2|BRAZIL|21|2|1849.94|0.04|21|12323|12323|742
18|CHINA|41|18|5361.76|0.02|41|12323|12323|742
7|GERMANY|33|7|23665.6|0.1|33|33762|33762|236
15|MOROCCO|14|15|11476.24|0.07|14|33762|33762|236
5|ETHIOPIA|78|5|38665.82|0.0|78|33762|33762|236
24|UNITED STATES|10|24|70922.62|0.1|10|33762|33762|236
18|CHINA|27|18|15761.28|0.05|27|33762|33762|236
18|CHINA|11|18|21436.18|0.02|11|23301|23301|830
9|INDONESIA|23|9|45800.44|0.0|23|23301|23301|830
0|ALGERIA|28|0|40770.96|0.09|28|23301|23301|830
4|EGYPT|22|4|15239.51|0.07|22|29703|29703|962
23|UNITED KINGDOM|66|23|57986.25|0.03|66|29703|29703|962
8|INDIA|15|8|28651.5|0.08|15|29703|29703|962
17|PERU|57|17|15649.12|0.02|57|29703|29703|962
8|INDIA|61|8|74079.0|0.06|61|38118|38118|830
8|INDIA|12|8|5245.64|0.04|12|38118|38118|830
9|INDONESIA|45|9|6390.96|0.1|45|44135|44135|896
24|UNITED STATES|46|24|46322.88|0.0|46|23554|23554|434
11|IRAQ|5|11|41796.88|0.09|5|13665|13665|830
16|MOZAMBIQUE|73|16|22616.16|0.02|73|13665|13665|830
9|INDONESIA|51|9|31813.8|0.04|51|13665|13665|830
7|GERMANY|77|7|13764.7|0.06|77|13665|13665|830
4|EGYPT|69|4|37210.2|0.01|69|13665|13665|830
14|KENYA|79|14|5061.44|0.04|79|13665|13665|830
16|MOZAMBIQUE|58|16|30525.04|0.09|58|15876|15876|896
18|CHINA|41|18|53738.08|0.09|41|15876|15876|896
0|ALGERIA|24|0|19512.57|0.02|24|13764|13764|478
22|RUSSIA|65|22|20382.2|0.03|65|13764|13764|478
16|MOZAMBIQUE|30|16|74835.2|0.04|30|13764|13764|478
11|IRAQ|5|11|67138.56|0.05|5|19649|19649|412
23|UNITED KINGDOM|66|23|19005.0|0.07|66|19649|19649|412
0|ALGERIA|37|0|29759.4|0.01|37|19649|19649|412
15|MOROCCO|4|15|25056.54|0.0|4|19649|19649|412
12|JAPAN|54|12|20406.75|0.02|54|19649|19649|412
17|PERU|1|17|23625.6|0.06|1|22597|22597|500
21|VIETNAM|35|21|34236.1|0.06|35|22597|22597|500
8|INDIA|12|8|3486.78|0.02|12|22597|22597|500
23|UNITED KINGDOM|7|23|57657.6|0.08|7|27271|27271|962
7|GERMANY|44|7|24992.64|0.02|44|27271|27271|962
1|ARGENTINA|71|1|3059.24|0.09|71|27271|27271|962
14|KENYA|47|14|16285.64|0.1|47|27271|27271|962
8|INDIA|12|8|36537.6|0.0|12|27271|27271|962
16|MOZAMBIQUE|18|16|2256.44|0.03|18|27271|27271|962
16|MOZAMBIQUE|18|16|38204.89|0.04|18|27271|27271|962
15|MOROCCO|14|15|46319.7|0.01|14|2306|2306|214
16|MOZAMBIQUE|58|16|42517.02|0.04|58|2306|2306|214
24|UNITED STATES|46|24|73428.0|0.09|46|2306|2306|214
0|ALGERIA|24|0|38911.95|0.06|24|2306|2306|214
14|KENYA|76|14|24802.6|0.07|76|2306|2306|214
24|UNITED STATES|49|24|43475.46|0.04|49|2306|2306|214
16|MOZAMBIQUE|30|16|54809.42|0.0|30|2306|2306|214
23|UNITED KINGDOM|66|23|32945.7|0.09|66|27073|27073|830
11|IRAQ|5|11|28770.6|0.06|5|37060|37060|478
6|FRANCE|70|6|11604.42|0.02|70|37060|37060|478
0|ALGERIA|37|0|936.03|0.0|37|37060|37060|478
4|EGYPT|67|4|33152.07|0.08|67|37060|37060|478
5|ETHIOPIA|78|5|60407.84|0.01|78|37060|37060|478
9|INDONESIA|45|9|53417.96|0.04|45|37060|37060|478
4|EGYPT|38|4|54266.52|0.01|38|37060|37060|478
23|UNITED KINGDOM|7|23|34262.74|0.03|7|39590|39590|368
21|VIETNAM|26|21|15076.5|0.09|26|39590|39590|368
14|KENYA|47|14|40707.86|0.09|47|39590|39590|368
16|MOZAMBIQUE|18|16|2076.26|0.08|18|39590|39590|368
16|MOZAMBIQUE|58|16|5412.0|0.09|58|4614|4614|478
14|KENYA|79|14|34489.8|0.1|79|4614|4614|478
9|INDONESIA|45|9|35461.68|0.07|45|4614|4614|478
24|UNITED STATES|10|24|18031.76|0.09|10|4614|4614|478
8|INDIA|39|8|4255.53|0.08|39|4614|4614|478
18|CHINA|27|18|37320.32|0.1|27|4614|4614|478
20|SAUDI ARABIA|74|20|37638.41|0.01|74|4614|4614|478
17|PERU|59|17|46389.7|0.01|59|1633|1633|115
10|IRAN|34|10|13995.45|0.0|34|1633|1633|115
9|INDONESIA|50|9|34542.0|0.07|50|8519|8519|467
17|PERU|57|17|45890.4|0.07|57|8519|8519|467
3|CANADA|13|3|45451.82|0.07|13|8519|8519|467
24|UNITED STATES|46|24|19508.96|0.08|46|8519|8519|467
1|ARGENTINA|29|1|59771.8|0.05|29|8519|8519|467
22|RUSSIA|65|22|11793.46|0.02|65|8519|8519|467
18|CHINA|11|18|63598.47|0.07|11|4801|4801|698
4|EGYPT|67|4|50818.39|0.1|67|4801|4801|698
14|KENYA|76|14|7103.48|0.04|76|4801|4801|698
22|RUSSIA|65|22|37474.8|0.03|65|4801|4801|698
14|KENYA|79|14|30553.66|0.0|79|39270|39270|874
9|INDONESIA|45|9|51278.72|0.01|45|3975|3975|940
4|EGYPT|69|4|16882.4|0.01|69|1797|1797|995
17|PERU|57|17|20875.89|0.02|57|1797|1797|995
16|MOZAMBIQUE|30|16|19486.08|0.01|30|1797|1797|995
23|UNITED KINGDOM|7|23|38003.44|0.05|7|19172|19172|434
22|RUSSIA|40|22|28731.36|0.08|40|19172|19172|434
7|GERMANY|33|7|51235.25|0.07|33|19172|19172|434
18|CHINA|72|18|33083.28|0.03|72|19172|19172|434
16|MOZAMBIQUE|18|16|24460.95|0.02|18|19172|19172|434
3|CANADA|20|3|34324.29|0.09|20|19172|19172|434
24|UNITED STATES|64|24|52619.76|0.0|64|19172|19172|434
23|UNITED KINGDOM|7|23|54393.28|0.1|7|7847|7847|500
18|CHINA|27|18|13379.22|0.09|27|7847|7847|500
20|SAUDI ARABIA|74|20|55191.4|0.1|74|7847|7847|500
7|GERMANY|33|7|55165.89|0.07|33|9926|9926|203
24|UNITED STATES|55|24|33636.8|0.1|55|9926|9926|203
8|INDIA|60|8|39993.18|0.09|60|9926|9926|203
16|MOZAMBIQUE|31|16|47301.24|0.04|31|9926|9926|203
21|VIETNAM|80|21|48464.06|0.05|80|8419|8419|940
8|INDIA|60|8|54178.52|0.01|60|8419|8419|940
8|INDIA|15|8|50411.46|0.07|15|8419|8419|940
13|JORDAN|36|13|89470.08|0.04|36|8419|8419|940
9|INDONESIA|23|9|18880.8|0.07|23|8419|8419|940
16|MOZAMBIQUE|18|16|42009.63|0.02|18|8419|8419|940
16|MOZAMBIQUE|31|16|2036.22|0.07|31|8419|8419|940
19|ROMANIA|62|19|1077.17|0.01|62|5987|5987|511
18|CHINA|11|18|70121.39|0.08|11|5987|5987|511
17|PERU|57|17|61781.12|0.08|57|5987|5987|511
4|EGYPT|38|4|26088.0|0.1|38|5987|5987|511
14|KENYA|79|14|34003.06|0.0|79|4513|4513|665
24|UNITED STATES|49|24|18622.89|0.08|49|4513|4513|665
18|CHINA|27|18|56961.84|0.01|27|4513|4513|665
20|SAUDI ARABIA|74|20|36376.15|0.03|74|4513|4513|665
7|GERMANY|44|7|41654.4|0.04|44|7714|7714|665
4|EGYPT|69|4|12090.96|0.1|69|7714|7714|665
21|VIETNAM|68|21|21965.58|0.09|68|7714|7714|665
5|ETHIOPIA|63|5|31197.18|0.08|63|7714|7714|665
5|ETHIOPIA|63|5|25727.6|0.04|63|7714|7714|665
14|KENYA|6|14|15725.34|0.01|6|43201|43201|511
16|MOZAMBIQUE|56|16|44625.43|0.05|56|45764|45764|236
5|ETHIOPIA|78|5|9520.5|0.07|78|45764|45764|236
24|UNITED STATES|49|24|55739.6|0.06|49|45764|45764|236
22|RUSSIA|16|22|16337.7|0.03|16|45764|45764|236
10|IRAN|9|10|57180.8|0.01|9|7171|7171|302
14|KENYA|47|14|52536.4|0.05|47|7171|7171|302
15|MOROCCO|14|15|21372.68|0.03|14|7171|7171|302
14|KENYA|79|14|7383.76|0.01|79|7171|7171|302
14|KENYA|79|14|75474.04|0.01|79|7171|7171|302
12|JAPAN|54|12|14471.73|0.02|54|7171|7171|302
5|ETHIOPIA|63|5|13634.76|0.03|63|7171|7171|302
7|GERMANY|77|7|34720.8|0.07|77|20486|20486|973
10|IRAN|9|10|9604.2|0.01|9|20486|20486|973
14|KENYA|76|14|27696.45|0.05|76|20486|20486|973
22|RUSSIA|16|22|27115.87|0.03|16|20486|20486|973
7|GERMANY|53|7|21803.8|0.01|53|20486|20486|973
19|ROMANIA|52|19|66839.52|0.04|52|20486|20486|973
18|CHINA|72|18|39185.72|0.03|72|34049|34049|214
0|ALGERIA|37|0|10541.5|0.08|37|34049|34049|214
22|RUSSIA|40|22|19181.0|0.04|40|17505|17505|313
7|GERMANY|44|7|26305.12|0.08|44|17505|17505|313
14|KENYA|47|14|14631.96|0.07|47|17505|17505|313
15|MOROCCO|14|15|38364.82|0.05|14|17505|17505|313
23|UNITED KINGDOM|7|23|20721.84|0.06|7|22532|22532|478
14|KENYA|48|14|11496.33|0.07|48|22532|22532|478
16|MOZAMBIQUE|18|16|8253.09|0.08|18|22532|22532|478
23|UNITED KINGDOM|32|23|25340.03|0.02|32|22532|22532|478
24|UNITED STATES|19|24|77037.77|0.03|19|10850|10850|841
14|KENYA|76|14|1416.51|0.04|76|10850|10850|841
22|RUSSIA|16|22|8460.27|0.06|16|10850|10850|841
24|UNITED STATES|64|24|19250.7|0.06|64|10850|10850|841
5|ETHIOPIA|2|5|1383.48|0.07|2|10850|10850|841
3|CANADA|13|3|5108.4|0.1|13|37536|37536|379
21|VIETNAM|80|21|61216.0|0.05|80|5568|5568|236
18|CHINA|72|18|56409.85|0.08|72|5568|5568|236
21|VIETNAM|26|21|22416.12|0.01|26|5568|5568|236
24|UNITED STATES|19|24|52383.18|0.09|19|5447|5447|104
21|VIETNAM|80|21|43126.8|0.07|80|2598|2598|896
19|ROMANIA|62|19|20466.23|0.02|62|2598|2598|896
18|CHINA|11|18|6923.32|0.03|11|2598|2598|896
0|ALGERIA|37|0|11472.6|0.0|37|2598|2598|896
17|PERU|59|17|20986.08|0.01|59|2598|2598|896
1|ARGENTINA|29|1|36288.75|0.01|29|8901|8901|863
7|GERMANY|53|7|4766.04|0.0|53|8901|8901|863
9|INDONESIA|50|9|26797.4|0.08|50|17638|17638|841
15|MOROCCO|14|15|25366.74|0.09|14|17638|17638|841
16|MOZAMBIQUE|30|16|20343.96|0.0|30|17638|17638|841
11|IRAQ|5|11|22641.57|0.03|5|10884|10884|599
7|GERMANY|33|7|8865.6|0.01|33|10884|10884|599
8|INDIA|61|8|17256.87|0.01|61|10884|10884|599
9|INDONESIA|23|9|89494.0|0.0|23|10884|10884|599
16|MOZAMBIQUE|18|16|1553.65|0.05|18|10884|10884|599
8|INDIA|61|8|21143.0|0.02|61|36327|36327|412
14|KENYA|47|14|39305.52|0.02|47|36327|36327|412
4|EGYPT|67|4|47301.24|0.07|67|36327|36327|412
8|INDIA|39|8|17983.08|0.01|39|36327|36327|412
23|UNITED KINGDOM|66|23|8825.6|0.0|66|17924|17924|379
14|KENYA|47|14|52360.44|0.07|47|17924|17924|379
18|CHINA|75|18|20966.26|0.0|75|17924|17924|379
7|GERMANY|53|7|70731.36|0.08|53|17924|17924|379
16|MOZAMBIQUE|31|16|42639.57|0.07|31|17924|17924|379
6|FRANCE|70|6|44469.88|0.0|70|13667|13667|973
19|ROMANIA|62|19|34620.74|0.03|62|43686|43686|511
7|GERMANY|77|7|30407.75|0.01|77|43686|43686|511
3|CANADA|13|3|26717.04|0.01|13|43686|43686|511
9|INDONESIA|23|9|41205.36|0.05|23|43686|43686|511
12|JAPAN|43|12|26677.77|0.03|43|42883|42883|478
6|FRANCE|70|6|6294.84|0.07|70|35238|35238|742
13|JORDAN|36|13|63101.5|0.05|36|35238|35238|742
3|CANADA|13|3|19717.28|0.03|13|35238|35238|742
4|EGYPT|67|4|42745.36|0.04|67|35238|35238|742
12|JAPAN|54|12|8064.8|0.02|54|35238|35238|742
18|CHINA|41|18|38872.76|0.09|41|35238|35238|742
15|MOROCCO|14|15|19876.66|0.08|14|20487|20487|214
16|MOZAMBIQUE|56|16|88989.6|0.08|56|20487|20487|214
9|INDONESIA|23|9|17778.96|0.02|23|20487|20487|214
4|EGYPT|67|4|60990.78|0.07|67|20487|20487|214
24|UNITED STATES|55|24|45383.02|0.06|55|14822|14822|379
8|INDIA|61|8|31451.58|0.06|61|14822|14822|379
23|UNITED KINGDOM|32|23|43372.11|0.08|32|14822|14822|379
4|EGYPT|38|4|41184.54|0.02|38|14822|14822|379
7|GERMANY|44|7|15083.38|0.01|44|36613|36613|577
21|VIETNAM|26|21|6031.5|0.0|26|36613|36613|577
21|VIETNAM|26|21|44312.97|0.07|26|6722|6722|412
21|VIETNAM|68|21|51191.73|0.07|68|6722|6722|412
17|PERU|57|17|51655.9|0.08|57|6722|6722|412
14|KENYA|76|14|6550.92|0.03|76|6722|6722|412
12|JAPAN|54|12|59010.7|0.08|54|6722|6722|412
0|ALGERIA|28|0|62436.36|0.07|28|6722|6722|412
22|RUSSIA|42|22|25019.06|0.08|42|6722|6722|412
17|PERU|59|17|92462.02|0.03|59|11809|11809|445
16|MOZAMBIQUE|56|16|27928.74|0.04|56|11809|11809|445
24|UNITED STATES|49|24|24362.1|0.02|49|11809|11809|445
18|CHINA|27|18|32524.2|0.08|27|11809|11809|445
4|EGYPT|38|4|5453.73|0.08|38|11809|11809|445
24|UNITED STATES|64|24|23741.74|0.07|64|11809|11809|445
11|IRAQ|5|11|10781.7|0.06|5|7877|7877|104
8|INDIA|61|8|14971.35|0.01|61|7877|7877|104
8|INDIA|61|8|72127.0|0.03|61|7877|7877|104
21|VIETNAM|35|21|39122.16|0.04|35|7877|7877|104
1|ARGENTINA|29|1|44530.76|0.07|29|7877|7877|104
12|JAPAN|54|12|63336.88|0.06|54|7877|7877|104
4|EGYPT|38|4|31786.29|0.03|38|7877|7877|104
7|GERMANY|44|7|21915.14|0.02|44|2982|2982|676
14|KENYA|48|14|37734.69|0.0|48|2982|2982|676
18|CHINA|75|18|30587.55|0.01|75|2982|2982|676
11|IRAQ|5|11|9858.64|0.05|5|9824|9824|379
15|MOROCCO|14|15|42119.5|0.0|14|9824|9824|379
8|INDIA|12|8|54436.14|0.03|12|9824|9824|379
5|ETHIOPIA|78|5|16055.05|0.07|78|9824|9824|379
15|MOROCCO|4|15|12575.64|0.09|4|9824|9824|379
12|JAPAN|54|12|1486.58|0.02|54|9824|9824|379
24|UNITED STATES|10|24|72008.44|0.04|10|9824|9824|379
18|CHINA|75|18|69074.0|0.08|75|4643|4643|533
23|UNITED KINGDOM|7|23|1542.64|0.09|7|9922|9922|643
17|PERU|1|17|33454.27|0.09|1|9922|9922|643
24|UNITED STATES|19|24|27791.82|0.03|19|9922|9922|643
4|EGYPT|38|4|21463.04|0.06|38|9922|9922|643
22|RUSSIA|42|22|46385.28|0.09|42|9922|9922|643
19|ROMANIA|52|19|2624.82|0.09|52|9922|9922|643
20|SAUDI ARABIA|74|20|32194.0|0.01|74|9922|9922|643
9|INDONESIA|51|9|59103.84|0.09|51|20743|20743|115
15|MOROCCO|14|15|35618.4|0.06|14|20743|20743|115
15|MOROCCO|4|15|8090.64|0.0|4|20743|20743|115
3|CANADA|20|3|9502.08|0.01|20|20743|20743|115
5|ETHIOPIA|2|5|35408.07|0.01|2|20743|20743|115
8|INDIA|12|8|7288.08|0.06|12|40356|40356|533
18|CHINA|75|18|58373.21|0.08|75|40356|40356|533
1|ARGENTINA|3|1|59598.0|0.04|3|40356|40356|533
17|PERU|59|17|25245.81|0.1|59|39718|39718|269
14|KENYA|47|14|6755.12|0.04|47|39718|39718|269
8|INDIA|39|8|15889.44|0.09|39|39718|39718|269
0|ALGERIA|37|0|29852.7|0.02|37|31105|31105|335
8|INDIA|15|8|4420.71|0.09|15|31105|31105|335
16|MOZAMBIQUE|18|16|23930.16|0.0|18|31105|31105|335
0|ALGERIA|28|0|67788.16|0.05|28|31105|31105|335
0|ALGERIA|28|0|45915.4|0.04|28|31105|31105|335
0|ALGERIA|24|0|49367.5|0.05|24|30951|30951|764
18|CHINA|11|18|10431.4|0.07|11|35879|35879|379
5|ETHIOPIA|78|5|9135.99|0.04|78|35879|35879|379
4|EGYPT|38|4|32771.84|0.06|38|35879|35879|379
24|UNITED STATES|49|24|43387.76|0.04|49|35879|35879|379
8|INDIA|60|8|27351.07|0.1|60|21315|21315|148
13|JORDAN|36|13|28955.64|0.09|36|21315|21315|148
8|INDIA|12|8|65188.82|0.09|12|21315|21315|148
17|PERU|57|17|1053.15|0.01|57|33701|33701|5
21|VIETNAM|68|21|46372.6|0.02|68|33701|33701|5
18|CHINA|27|18|36263.22|0.08|27|27904|27904|115
22|RUSSIA|16|22|29960.77|0.03|16|27904|27904|115
17|PERU|57|17|58345.92|0.01|57|31237|31237|214
24|UNITED STATES|19|24|48274.06|0.05|19|31237|31237|214
15|MOROCCO|4|15|32372.2|0.1|4|31237|31237|214
16|MOZAMBIQUE|18|16|23625.12|0.09|18|31237|31237|214
18|CHINA|41|18|14163.36|0.01|41|31237|31237|214
10|IRAN|9|10|14230.96|0.03|9|31457|31457|115
9|INDONESIA|45|9|75905.1|0.0|45|31457|31457|115
14|KENYA|48|14|50944.25|0.09|48|45603|45603|643
22|RUSSIA|25|22|35005.2|0.08|25|45603|45603|643
21|VIETNAM|35|21|38140.23|0.02|35|45603|45603|643
1|ARGENTINA|3|1|9530.32|0.06|3|45603|45603|643
15|MOROCCO|14|15|65068.8|0.01|14|31556|31556|412
21|VIETNAM|68|21|16579.92|0.01|68|31556|31556|412
24|UNITED STATES|49|24|37119.9|0.08|49|31556|31556|412
1|ARGENTINA|71|1|5481.88|0.03|71|21601|21601|379
15|MOROCCO|14|15|4965.45|0.0|14|21601|21601|379
8|INDIA|12|8|70164.39|0.08|12|21601|21601|379
14|KENYA|76|14|33432.63|0.02|76|21601|21601|379
7|GERMANY|44|7|78428.56|0.0|44|514|514|599
9|INDONESIA|45|9|6018.6|0.06|45|514|514|599
8|INDIA|12|8|62591.96|0.08|12|514|514|599
16|MOZAMBIQUE|18|16|32143.23|0.06|18|514|514|599
21|VIETNAM|68|21|13037.76|0.06|68|9255|9255|379
9|INDONESIA|45|9|48955.41|0.08|45|9255|9255|379
12|JAPAN|43|12|15072.64|0.08|43|9255|9255|379
7|GERMANY|53|7|51643.08|0.1|53|9255|9255|379
21|VIETNAM|80|21|18759.7|0.07|80|31425|31425|830
8|INDIA|60|8|25508.08|0.03|60|31425|31425|830
12|JAPAN|54|12|28370.94|0.09|54|31425|31425|830
5|ETHIOPIA|78|5|73806.24|0.07|78|36903|36903|511
8|INDIA|12|8|18934.3|0.07|12|36903|36903|511
24|UNITED STATES|19|24|56261.66|0.0|19|36903|36903|511
1|ARGENTINA|29|1|62746.4|0.03|29|36903|36903|511
1|ARGENTINA|29|1|22328.7|0.09|29|36903|36903|511
19|ROMANIA|17|19|24270.03|0.01|17|36903|36903|511
24|UNITED STATES|64|24|8418.9|0.08|64|36903|36903|511
11|IRAQ|5|11|45361.92|0.04|5|9574|9574|632
16|MOZAMBIQUE|56|16|48768.44|0.04|56|9574|9574|632
7|GERMANY|53|7|29599.92|0.04|53|9574|9574|632
17|PERU|8|17|7519.19|0.04|8|31205|31205|104
8|INDIA|61|8|9955.0|0.0|61|31205|31205|104
1|ARGENTINA|71|1|15857.25|0.08|71|31205|31205|104
13|JORDAN|36|13|24519.04|0.1|36|31205|31205|104
22|RUSSIA|25|22|25436.85|0.09|25|31205|31205|104
22|RUSSIA|16|22|44861.79|0.04|16|31205|31205|104
18|CHINA|75|18|22940.48|0.04|75|31205|31205|104
7|GERMANY|33|7|68410.85|0.06|33|40643|40643|104
7|GERMANY|77|7|23399.99|0.1|77|40643|40643|104
17|PERU|59|17|999.09|0.09|59|40643|40643|104
14|KENYA|47|14|25576.88|0.02|47|40643|40643|104
5|ETHIOPIA|78|5|28422.94|0.06|78|40643|40643|104
24|UNITED STATES|10|24|51967.86|0.09|10|40643|40643|104
3|CANADA|20|3|30407.75|0.06|20|40643|40643|104
22|RUSSIA|42|22|19941.12|0.04|42|5383|5383|247
9|INDONESIA|50|9|64496.46|0.08|50|31524|31524|599
0|ALGERIA|37|0|49599.0|0.01|37|31524|31524|599
24|UNITED STATES|10|24|69781.26|0.08|10|31524|31524|599
14|KENYA|79|14|56256.06|0.08|79|47328|47328|797
21|VIETNAM|35|21|16916.2|0.01|35|47328|47328|797
8|INDIA|61|8|47571.75|0.01|61|38759|38759|5
8|INDIA|15|8|10882.55|0.1|15|38759|38759|5
4|EGYPT|69|4|71752.12|0.08|69|38759|38759|5
5|ETHIOPIA|78|5|25676.28|0.0|78|38759|38759|5
18|CHINA|75|18|3642.93|0.07|75|38759|38759|5
23|UNITED KINGDOM|7|23|49288.32|0.01|7|36801|36801|500
7|GERMANY|44|7|41739.64|0.04|44|36801|36801|500
7|GERMANY|77|7|17597.21|0.02|77|36801|36801|500
16|MOZAMBIQUE|18|16|8152.88|0.06|18|36801|36801|500
12|JAPAN|54|12|35061.18|0.03|54|36801|36801|500
19|ROMANIA|17|19|1629.72|0.03|17|36801|36801|500
3|CANADA|20|3|37524.48|0.01|20|36801|36801|500
4|EGYPT|38|4|26879.25|0.02|38|34656|34656|599
16|MOZAMBIQUE|58|16|23357.08|0.01|58|35844|35844|5
21|VIETNAM|68|21|59349.14|0.09|68|35844|35844|5
16|MOZAMBIQUE|18|16|38387.58|0.02|18|39617|39617|401
2|BRAZIL|21|2|23128.89|0.04|21|39617|39617|401
19|ROMANIA|17|19|81486.0|0.02|17|39617|39617|401
7|GERMANY|53|7|57844.05|0.09|53|39617|39617|401
3|CANADA|13|3|66034.38|0.06|13|46756|46756|346
9|INDONESIA|51|9|67642.92|0.02|51|15847|15847|643
21|VIETNAM|26|21|49156.14|0.06|26|15847|15847|643
22|RUSSIA|25|22|55006.52|0.05|25|15847|15847|643
22|RUSSIA|16|22|68272.6|0.1|16|15847|15847|643
22|RUSSIA|42|22|43023.5|0.05|42|15847|15847|643
9|INDONESIA|51|9|41802.2|0.06|51|23910|23910|577
8|INDIA|61|8|1858.95|0.03|61|8230|8230|841
23|UNITED KINGDOM|32|23|51823.08|0.02|32|8230|8230|841
18|CHINA|27|18|11937.78|0.02|27|8230|8230|841
18|CHINA|75|18|25299.6|0.02|75|8230|8230|841
16|MOZAMBIQUE|30|16|16289.1|0.07|30|8230|8230|841
1|ARGENTINA|3|1|52977.82|0.08|3|8230|8230|841
15|MOROCCO|14|15|45679.95|0.05|14|32710|32710|566
5|ETHIOPIA|78|5|21911.75|0.0|78|32710|32710|566
20|SAUDI ARABIA|74|20|28303.31|0.08|74|32710|32710|566
11|IRAQ|5|11|11300.08|0.01|5|30950|30950|346
14|KENYA|79|14|57595.49|0.1|79|30950|30950|346
21|VIETNAM|68|21|6769.42|0.02|68|30950|30950|346
11|IRAQ|5|11|31962.32|0.07|5|42368|42368|698
22|RUSSIA|40|22|49427.04|0.05|40|42368|42368|698
9|INDONESIA|45|9|23365.99|0.1|45|42368|42368|698
18|CHINA|27|18|30007.5|0.07|27|7460|7460|313
21|VIETNAM|80|21|29154.78|0.04|80|42885|42885|742
0|ALGERIA|24|0|14451.6|0.03|24|42885|42885|742
4|EGYPT|22|4|20069.6|0.01|22|7075|7075|874
9|INDONESIA|50|9|48568.26|0.1|50|7075|7075|874
0|ALGERIA|37|0|52136.0|0.04|37|7075|7075|874
4|EGYPT|69|4|31702.06|0.02|69|7075|7075|874
3|CANADA|13|3|49581.3|0.07|13|7075|7075|874
9|INDONESIA|45|9|53897.6|0.07|45|7075|7075|874
14|KENYA|47|14|22499.64|0.0|47|4160|4160|434
2|BRAZIL|21|2|67224.0|0.04|21|4160|4160|434
1|ARGENTINA|3|1|45022.5|0.1|3|4160|4160|434
7|GERMANY|77|7|37630.95|0.03|77|11106|11106|940
1|ARGENTINA|3|1|9900.8|0.05|3|11106|11106|940
8|INDIA|61|8|32264.32|0.01|61|42725|42725|5
8|INDIA|61|8|11153.7|0.03|61|42725|42725|5
22|RUSSIA|25|22|47405.75|0.06|25|42725|42725|5
3|CANADA|20|3|51856.5|0.01|20|42725|42725|5
14|KENYA|79|14|56670.75|0.06|79|7333|7333|577
5|ETHIOPIA|2|5|3687.96|0.0|2|7333|7333|577
21|VIETNAM|80|21|5866.35|0.05|80|11936|11936|599
22|RUSSIA|40|22|7898.35|0.08|40|11936|11936|599
4|EGYPT|69|4|30965.97|0.03|69|11936|11936|599
24|UNITED STATES|46|24|35018.28|0.1|46|11936|11936|599
24|UNITED STATES|49|24|21980.27|0.1|49|11936|11936|599
3|CANADA|20|3|55415.22|0.02|20|11936|11936|599
8|INDIA|15|8|3816.2|0.1|15|26819|26819|544
14|KENYA|6|14|6475.02|0.09|6|22848|22848|368
18|CHINA|27|18|80100.48|0.0|27|22848|22848|368
7|GERMANY|53|7|35738.62|0.02|53|22848|22848|368
5|ETHIOPIA|63|5|2034.22|0.06|63|22848|22848|368
16|MOZAMBIQUE|30|16|38985.92|0.08|30|22848|22848|368
1|ARGENTINA|3|1|14276.47|0.05|3|22848|22848|368
1|ARGENTINA|71|1|67977.44|0.0|71|4385|4385|973
21|VIETNAM|80|21|42744.25|0.06|80|21859|21859|566
16|MOZAMBIQUE|73|16|17046.72|0.07|73|21859|21859|566
21|VIETNAM|26|21|17382.48|0.04|26|21859|21859|566
8|INDIA|15|8|55967.4|0.07|15|21859|21859|566
16|MOZAMBIQUE|30|16|11548.18|0.01|30|21859|21859|566
7|GERMANY|33|7|62856.78|0.04|33|20935|20935|797
16|MOZAMBIQUE|31|16|77887.35|0.07|31|6982|6982|137
18|CHINA|75|18|43607.6|0.07|75|6982|6982|137
18|CHINA|41|18|79073.99|0.06|41|6982|6982|137
18|CHINA|72|18|11111.7|0.04|72|15619|15619|115
10|IRAN|9|10|49655.76|0.05|9|15619|15619|115
4|EGYPT|69|4|28709.26|0.09|69|15619|15619|115
13|JORDAN|36|13|49696.92|0.03|36|15619|15619|115
21|VIETNAM|35|21|45262.84|0.09|35|15619|15619|115
10|IRAN|34|10|72036.0|0.07|34|15619|15619|115
4|EGYPT|38|4|60944.8|0.09|38|15619|15619|115
21|VIETNAM|80|21|8460.27|0.08|80|35617|35617|104
14|KENYA|47|14|33208.92|0.07|47|934|934|412
17|PERU|8|17|62690.12|0.1|8|33824|33824|731
9|INDONESIA|51|9|46616.31|0.01|51|33824|33824|731
9|INDONESIA|50|9|7267.64|0.01|50|33824|33824|731
14|KENYA|48|14|23377.41|0.02|48|33824|33824|731
17|PERU|1|17|16442.85|0.06|1|7265|7265|478
18|CHINA|75|18|30973.54|0.03|75|7265|7265|478
7|GERMANY|44|7|37968.0|0.01|44|43328|43328|874
23|UNITED KINGDOM|66|23|42361.02|0.06|66|43328|43328|874
5|ETHIOPIA|78|5|42286.0|0.02|78|43328|43328|874
8|INDIA|39|8|29560.11|0.1|39|43328|43328|874
7|GERMANY|53|7|3117.39|0.04|53|43328|43328|874
18|CHINA|75|18|55625.64|0.06|75|41602|41602|236
5|ETHIOPIA|78|5|29971.8|0.06|78|40579|40579|731
22|RUSSIA|42|22|22305.36|0.04|42|40579|40579|731
24|UNITED STATES|10|24|39883.6|0.01|10|12705|12705|236
21|VIETNAM|80|21|15252.51|0.08|80|15719|15719|203
1|ARGENTINA|71|1|29118.56|0.07|71|15719|15719|203
4|EGYPT|69|4|29231.5|0.04|69|15719|15719|203
14|KENYA|76|14|46855.59|0.06|76|15719|15719|203
18|CHINA|11|18|26228.5|0.06|11|30855|30855|874
9|INDONESIA|50|9|32196.58|0.01|50|30855|30855|874
9|INDONESIA|50|9|46867.04|0.1|50|30855|30855|874
17|PERU|1|17|11054.88|0.08|1|36707|36707|940
9|INDONESIA|51|9|12586.64|0.07|51|36707|36707|940
16|MOZAMBIQUE|58|16|23025.0|0.02|58|9059|9059|742
16|MOZAMBIQUE|58|16|27197.52|0.05|58|9059|9059|742
16|MOZAMBIQUE|58|16|56161.0|0.06|58|9059|9059|742
24|UNITED STATES|19|24|7970.52|0.0|19|9059|9059|742
18|CHINA|27|18|46942.59|0.1|27|9059|9059|742
21|VIETNAM|80|21|53485.0|0.0|80|18340|18340|676
8|INDIA|61|8|64082.62|0.08|61|18340|18340|676
8|INDIA|39|8|16563.0|0.09|39|18340|18340|676
24|UNITED STATES|49|24|67631.6|0.03|49|18340|18340|676
18|CHINA|41|18|14567.36|0.07|41|18340|18340|676
21|VIETNAM|68|21|21107.1|0.06|68|36193|36193|665
14|KENYA|79|14|18980.4|0.07|79|36193|36193|665
10|IRAN|34|10|27696.45|0.03|34|36193|36193|665
23|UNITED KINGDOM|32|23|47794.88|0.05|32|36193|36193|665
5|ETHIOPIA|63|5|22045.38|0.01|63|36193|36193|665
5|ETHIOPIA|63|5|31551.3|0.08|63|36193|36193|665
22|RUSSIA|40|22|12727.91|0.05|40|1922|1922|445
7|GERMANY|33|7|26404.35|0.1|33|19297|19297|247
17|PERU|57|17|54027.96|0.09|57|19297|19297|247
19|ROMANIA|17|19|12820.68|0.01|17|19297|19297|247
7|GERMANY|77|7|45890.4|0.0|77|17472|17472|368
21|VIETNAM|26|21|56204.28|0.1|26|17472|17472|368
14|KENYA|48|14|29633.35|0.09|48|37184|37184|478
18|CHINA|27|18|2094.28|0.09|27|37184|37184|478
23|UNITED KINGDOM|66|23|5838.42|0.0|66|16130|16130|676
8|INDIA|61|8|47537.82|0.1|61|16130|16130|676
4|EGYPT|69|4|22564.4|0.04|69|16130|16130|676
14|KENYA|47|14|54662.96|0.04|47|16130|16130|676
10|IRAN|34|10|23485.76|0.03|34|16130|16130|676
22|RUSSIA|16|22|19741.42|0.1|16|16130|16130|676
24|UNITED STATES|64|24|25747.6|0.02|64|16130|16130|676
14|KENYA|6|14|21548.52|0.01|6|8611|8611|511
12|JAPAN|43|12|39801.63|0.09|43|8611|8611|511
23|UNITED KINGDOM|7|23|4428.8|0.07|7|34818|34818|236
11|IRAQ|5|11|7983.45|0.08|5|34818|34818|236
7|GERMANY|33|7|34928.03|0.01|33|34818|34818|236
21|VIETNAM|26|21|20548.66|0.03|26|34818|34818|236
0|ALGERIA|37|0|43056.24|0.07|37|34818|34818|236
4|EGYPT|67|4|43341.55|0.02|67|34818|34818|236
9|INDONESIA|23|9|46879.8|0.09|23|34818|34818|236
23|UNITED KINGDOM|7|23|63187.68|0.06|7|4387|4387|874
4|EGYPT|22|4|37641.6|0.02|22|4387|4387|874
21|VIETNAM|68|21|4654.95|0.05|68|4387|4387|874
10|IRAN|34|10|13695.15|0.0|34|4387|4387|874
16|MOZAMBIQUE|56|16|11478.33|0.0|56|4387|4387|874
16|MOZAMBIQUE|31|16|5624.91|0.02|31|4387|4387|874
1|ARGENTINA|71|1|25221.82|0.04|71|2693|2693|137
22|RUSSIA|16|22|73779.83|0.03|16|2693|2693|137
22|RUSSIA|65|22|8003.5|0.03|65|4640|4640|764
8|INDIA|39|8|17238.6|0.03|39|4640|4640|764
4|EGYPT|38|4|20001.78|0.02|38|4640|4640|764
24|UNITED STATES|64|24|14397.21|0.03|64|4640|4640|764
24|UNITED STATES|64|24|38850.12|0.06|64|4640|4640|764
17|PERU|59|17|42076.35|0.1|59|45829|45829|412
18|CHINA|11|18|30472.4|0.04|11|32838|32838|764
18|CHINA|11|18|18976.3|0.09|11|32838|32838|764
15|MOROCCO|4|15|13456.52|0.1|4|32838|32838|764
1|ARGENTINA|29|1|82195.48|0.01|29|7555|7555|632
19|ROMANIA|17|19|62266.0|0.08|17|7555|7555|632
5|ETHIOPIA|2|5|43026.2|0.0|2|7555|7555|632
19|ROMANIA|62|19|30634.0|0.03|62|8645|8645|500
22|RUSSIA|25|22|58913.79|0.06|25|8645|8645|500
12|JAPAN|43|12|91677.53|0.08|43|12709|12709|214
8|INDIA|39|8|22838.48|0.09|39|12709|12709|214
12|JAPAN|54|12|24490.62|0.06|54|32839|32839|335
24|UNITED STATES|55|24|38498.18|0.02|55|9987|9987|797
7|GERMANY|44|7|58364.32|0.1|44|9987|9987|797
22|RUSSIA|25|22|15020.06|0.06|25|9987|9987|797
24|UNITED STATES|10|24|48801.48|0.06|10|9987|9987|797
19|ROMANIA|17|19|19121.0|0.09|17|9987|9987|797
16|MOZAMBIQUE|31|16|32045.31|0.06|31|9987|9987|797
15|MOROCCO|14|15|75343.38|0.1|14|16032|16032|742
16|MOZAMBIQUE|58|16|62247.74|0.05|58|16032|16032|742
16|MOZAMBIQUE|18|16|31441.22|0.09|18|16032|16032|742
17|PERU|8|17|62967.5|0.0|8|17440|17440|115
7|GERMANY|53|7|40716.69|0.04|53|17440|17440|115
22|RUSSIA|42|22|13294.08|0.0|42|17440|17440|115
22|RUSSIA|42|22|33003.3|0.02|42|17440|17440|115
18|CHINA|72|18|17644.9|0.1|72|2309|2309|797
6|FRANCE|70|6|8919.81|0.0|70|2309|2309|797
0|ALGERIA|24|0|1248.34|0.01|24|2309|2309|797
8|INDIA|39|8|30692.76|0.09|39|2309|2309|797
22|RUSSIA|16|22|48148.8|0.03|16|2309|2309|797
19|ROMANIA|52|19|46280.6|0.08|52|2309|2309|797
5|ETHIOPIA|2|5|5095.55|0.01|2|2309|2309|797
21|VIETNAM|26|21|27939.03|0.06|26|14592|14592|742
14|KENYA|47|14|26489.12|0.0|47|14592|14592|742
12|JAPAN|43|12|65156.4|0.08|43|14592|14592|742
14|KENYA|6|14|59860.24|0.05|6|44292|44292|610
17|PERU|59|17|22767.51|0.01|59|44292|44292|610
21|VIETNAM|26|21|26570.16|0.1|26|44292|44292|610
17|PERU|57|17|80148.48|0.06|57|44292|44292|610
11|IRAQ|5|11|8962.66|0.02|5|17376|17376|940
24|UNITED STATES|55|24|44267.1|0.02|55|17376|17376|940
7|GERMANY|33|7|11261.82|0.0|33|17376|17376|940
1|ARGENTINA|71|1|13313.41|0.09|71|17376|17376|940
14|KENYA|79|14|70319.7|0.0|79|17376|17376|940
12|JAPAN|43|12|31759.25|0.0|43|17376|17376|940
20|SAUDI ARABIA|74|20|28674.8|0.04|74|17376|17376|940
7|GERMANY|33|7|18839.4|0.06|33|14340|14340|313
18|CHINA|11|18|19515.24|0.03|11|14340|14340|313
0|ALGERIA|24|0|85690.5|0.06|24|14340|14340|313
8|INDIA|12|8|29609.74|0.01|12|14340|14340|313
16|MOZAMBIQUE|18|16|57320.55|0.04|18|14340|14340|313
24|UNITED STATES|49|24|37014.73|0.1|49|14340|14340|313
22|RUSSIA|40|22|15922.94|0.08|40|37121|37121|863
18|CHINA|11|18|27986.74|0.05|11|18278|18278|676
9|INDONESIA|51|9|3249.54|0.0|51|28420|28420|775
14|KENYA|48|14|4132.41|0.05|48|22051|22051|500
14|KENYA|47|14|19475.85|0.0|47|22051|22051|500
21|VIETNAM|68|21|48227.64|0.09|68|22051|22051|500
10|IRAN|34|10|38470.53|0.03|34|22051|22051|500
23|UNITED KINGDOM|32|23|40034.29|0.02|32|22051|22051|500
8|INDIA|60|8|14720.16|0.04|60|44293|44293|412
3|CANADA|13|3|26128.5|0.05|13|44293|44293|412
9|INDONESIA|23|9|32217.84|0.02|23|44293|44293|412
9|INDONESIA|23|9|3071.26|0.08|23|44293|44293|412
12|JAPAN|43|12|32923.77|0.02|43|44293|44293|412
24|UNITED STATES|49|24|57097.74|0.07|49|44293|44293|412
19|ROMANIA|52|19|44363.88|0.05|52|44293|44293|412
21|VIETNAM|80|21|55521.83|0.01|80|1827|1827|841
17|PERU|1|17|75985.37|0.0|1|1827|1827|841
11|IRAQ|5|11|7449.12|0.1|5|1827|1827|841
22|RUSSIA|25|22|36903.12|0.0|25|1827|1827|841
4|EGYPT|69|4|3652.04|0.04|69|1827|1827|841
22|RUSSIA|16|22|54058.56|0.03|16|1827|1827|841
24|UNITED STATES|49|24|36025.52|0.05|49|1827|1827|841
21|VIETNAM|35|21|24287.62|0.1|35|39200|39200|412
14|KENYA|76|14|16546.08|0.03|76|39200|39200|412
18|CHINA|41|18|30908.25|0.04|41|39200|39200|412
18|CHINA|41|18|6418.8|0.02|41|39200|39200|412
16|MOZAMBIQUE|30|16|64688.85|0.0|30|39200|39200|412
22|RUSSIA|40|22|65937.96|0.02|40|30082|30082|214
14|KENYA|6|14|33707.88|0.06|6|47462|47462|896
11|IRAQ|5|11|1078.17|0.06|5|47462|47462|896
4|EGYPT|22|4|46218.87|0.06|22|47462|47462|896
21|VIETNAM|35|21|50389.44|0.08|35|47462|47462|896
18|CHINA|41|18|60855.92|0.1|41|47462|47462|896
18|CHINA|11|18|21623.2|0.0|11|36165|36165|247
19|ROMANIA|62|19|4219.5|0.03|62|35780|35780|841
22|RUSSIA|40|22|16962.4|0.05|40|35780|35780|841
22|RUSSIA|65|22|18752.02|0.02|65|35780|35780|841
20|SAUDI ARABIA|74|20|26692.82|0.0|74|35780|35780|841
7|GERMANY|44|7|53722.08|0.01|44|29158|29158|533
18|CHINA|72|18|63956.2|0.05|72|29158|29158|533
14|KENYA|47|14|37033.26|0.09|47|29158|29158|533
8|INDIA|12|8|68281.01|0.06|12|29158|29158|533
16|MOZAMBIQUE|18|16|45535.56|0.0|18|29158|29158|533
18|CHINA|75|18|47637.66|0.06|75|29158|29158|533
3|CANADA|20|3|58860.45|0.08|20|29158|29158|533
18|CHINA|75|18|43899.41|0.06|75|28993|28993|643
21|VIETNAM|80|21|30248.4|0.08|80|36033|36033|467
18|CHINA|72|18|4232.6|0.09|72|36033|36033|467
3|CANADA|13|3|20740.5|0.0|13|36033|36033|467
10|IRAN|34|10|39942.25|0.0|34|36033|36033|467
19|ROMANIA|62|19|55819.86|0.1|62|17377|17377|731
22|RUSSIA|40|22|21965.58|0.08|40|13186|13186|445
19|ROMANIA|62|19|52808.7|0.01|62|13186|13186|445
10|IRAN|9|10|77696.7|0.06|9|13186|13186|445
16|MOZAMBIQUE|58|16|27455.4|0.07|58|13186|13186|445
9|INDONESIA|45|9|37700.95|0.04|45|13186|13186|445
17|PERU|57|17|21157.65|0.04|57|25572|25572|346
4|EGYPT|38|4|65638.08|0.03|38|25572|25572|346
11|IRAQ|5|11|21357.95|0.03|5|14242|14242|731
18|CHINA|11|18|5988.54|0.09|11|14242|14242|731
18|CHINA|72|18|44043.26|0.08|72|14242|14242|731
18|CHINA|72|18|16077.0|0.02|72|14242|14242|731
17|PERU|57|17|9530.22|0.04|57|14242|14242|731
5|ETHIOPIA|78|5|41558.88|0.08|78|17058|17058|313
8|INDIA|12|8|16730.55|0.05|12|17058|17058|313
9|INDONESIA|45|9|9850.8|0.06|45|17058|17058|313
15|MOROCCO|4|15|33153.96|0.03|4|17058|17058|313
24|UNITED STATES|64|24|1484.58|0.03|64|17058|17058|313
16|MOZAMBIQUE|30|16|27554.24|0.07|30|17058|17058|313
21|VIETNAM|80|21|68336.68|0.06|80|19940|19940|995
17|PERU|8|17|23209.44|0.01|8|19940|19940|995
15|MOROCCO|4|15|31569.3|0.1|4|19940|19940|995
8|INDIA|39|8|32625.73|0.08|39|19940|19940|995
21|VIETNAM|35|21|36494.88|0.1|35|2918|2918|940
1|ARGENTINA|29|1|25202.5|0.06|29|10052|10052|610
8|INDIA|61|8|16807.8|0.06|61|22086|22086|676
0|ALGERIA|37|0|29358.88|0.02|37|24198|24198|313
16|MOZAMBIQUE|18|16|48744.17|0.0|18|24198|24198|313
3|CANADA|20|3|37781.44|0.1|20|24198|24198|313
5|ETHIOPIA|63|5|82687.5|0.05|63|24198|24198|313
18|CHINA|41|18|31251.44|0.01|41|24198|24198|313
16|MOZAMBIQUE|30|16|15504.96|0.01|30|24198|24198|313
6|FRANCE|70|6|36560.4|0.01|70|11075|11075|995
22|RUSSIA|25|22|54238.5|0.09|25|11075|11075|995
10|IRAN|34|10|43372.11|0.03|34|11075|11075|995
5|ETHIOPIA|63|5|43632.99|0.1|63|11075|11075|995
23|UNITED KINGDOM|7|23|49304.0|0.06|7|16487|16487|973
22|RUSSIA|16|22|26326.89|0.0|16|22240|22240|335
7|GERMANY|44|7|55899.6|0.06|44|18720|18720|478
6|FRANCE|70|6|12228.96|0.09|70|18720|18720|478
0|ALGERIA|24|0|26299.84|0.0|24|18720|18720|478
24|UNITED STATES|10|24|70474.8|0.08|10|18720|18720|478
24|UNITED STATES|10|24|14836.2|0.1|10|18720|18720|478
16|MOZAMBIQUE|31|16|41516.48|0.03|31|18720|18720|478
7|GERMANY|53|7|47821.0|0.01|53|18720|18720|478
9|INDONESIA|51|9|22472.0|0.08|51|30182|30182|643
23|UNITED KINGDOM|66|23|1447.54|0.01|66|16993|16993|742
13|JORDAN|36|13|54338.88|0.01|36|16993|16993|742
17|PERU|57|17|26769.4|0.06|57|16993|16993|742
22|RUSSIA|65|22|34168.34|0.03|65|16993|16993|742
3|CANADA|20|3|14704.16|0.0|20|16993|16993|742
20|SAUDI ARABIA|74|20|9394.16|0.05|74|16993|16993|742
18|CHINA|41|18|26989.88|0.02|41|16993|16993|742
16|MOZAMBIQUE|73|16|20363.7|0.05|73|31271|31271|764
22|RUSSIA|25|22|28670.24|0.0|25|31271|31271|764
9|INDONESIA|45|9|12677.44|0.03|45|31271|31271|764
22|RUSSIA|65|22|11100.24|0.1|65|31271|31271|764
3|CANADA|20|3|22440.0|0.05|20|31271|31271|764
13|JORDAN|36|13|52010.87|0.05|36|18435|18435|5
2|BRAZIL|21|2|52167.17|0.04|21|18435|18435|5
4|EGYPT|38|4|45700.5|0.07|38|18435|18435|5
5|ETHIOPIA|63|5|13904.9|0.06|63|18435|18435|5
1|ARGENTINA|29|1|8550.36|0.02|29|14178|14178|313
9|INDONESIA|23|9|85640.5|0.04|23|15553|15553|302
3|CANADA|20|3|26647.5|0.1|20|15553|15553|302
7|GERMANY|33|7|16036.92|0.03|33|37894|37894|412
5|ETHIOPIA|78|5|7757.4|0.04|78|37894|37894|412
14|KENYA|76|14|19256.58|0.04|76|37894|37894|412
17|PERU|8|17|4633.0|0.1|8|17379|17379|379
7|GERMANY|44|7|8982.81|0.09|44|17379|17379|379
18|CHINA|72|18|23305.2|0.08|72|17379|17379|379
14|KENYA|79|14|35003.15|0.08|79|17379|17379|379
7|GERMANY|53|7|39486.94|0.1|53|17379|17379|379
16|MOZAMBIQUE|73|16|5716.2|0.06|73|13155|13155|863
8|INDIA|60|8|44918.3|0.1|60|13155|13155|863
22|RUSSIA|25|22|43317.6|0.05|25|13155|13155|863
3|CANADA|13|3|34354.2|0.08|13|13155|13155|863
21|VIETNAM|35|21|20822.4|0.04|35|13155|13155|863
2|BRAZIL|21|2|30484.66|0.08|21|13155|13155|863
22|RUSSIA|16|22|14271.36|0.1|16|13155|13155|863
23|UNITED KINGDOM|66|23|66586.84|0.06|66|32482|32482|379
14|KENYA|76|14|25851.36|0.08|76|32482|32482|379
6|FRANCE|70|6|19929.28|0.0|70|28005|28005|500
16|MOZAMBIQUE|31|16|57423.49|0.05|31|28005|28005|500
23|UNITED KINGDOM|7|23|52240.65|0.02|7|36387|36387|676
8|INDIA|60|8|1519.61|0.03|60|36387|36387|676
13|JORDAN|36|13|65632.07|0.02|36|36387|36387|676
5|ETHIOPIA|78|5|49114.54|0.1|78|36387|36387|676
4|EGYPT|38|4|68373.0|0.01|38|36387|36387|676
4|EGYPT|38|4|5529.92|0.07|38|36387|36387|676
9|INDONESIA|51|9|58913.79|0.06|51|45473|45473|478
23|UNITED KINGDOM|66|23|25468.36|0.06|66|45473|45473|478
21|VIETNAM|68|21|73529.4|0.02|68|45473|45473|478
16|MOZAMBIQUE|30|16|74958.8|0.03|30|45473|45473|478
7|GERMANY|77|7|50754.6|0.07|77|45793|45793|214
15|MOROCCO|14|15|46675.23|0.01|14|45793|45793|214
14|KENYA|6|14|35516.07|0.04|6|15686|15686|544
5|ETHIOPIA|78|5|68693.32|0.06|78|15686|15686|544
9|INDONESIA|45|9|8676.54|0.08|45|15686|15686|544
21|VIETNAM|80|21|39017.92|0.05|80|21571|21571|137
21|VIETNAM|80|21|11262.15|0.08|80|21571|21571|137
0|ALGERIA|24|0|74985.12|0.07|24|21571|21571|137
24|UNITED STATES|64|24|22398.12|0.06|64|21571|21571|137
3|CANADA|20|3|7147.52|0.0|20|21571|21571|137
1|ARGENTINA|3|1|48624.3|0.05|3|21571|21571|137
18|CHINA|11|18|16085.28|0.08|11|36960|36960|544
6|FRANCE|70|6|19821.8|0.03|70|24640|24640|335
14|KENYA|48|14|56060.0|0.09|48|24640|24640|335
16|MOZAMBIQUE|56|16|20507.1|0.05|56|24640|24640|335
5|ETHIOPIA|78|5|17802.96|0.04|78|24640|24640|335
23|UNITED KINGDOM|32|23|5133.52|0.1|32|24640|24640|335
19|ROMANIA|17|19|23945.8|0.04|17|24640|24640|335
18|CHINA|41|18|47320.17|0.1|41|24640|24640|335
4|EGYPT|22|4|63559.76|0.03|22|36421|36421|995
24|UNITED STATES|55|24|5097.48|0.07|55|36421|36421|995
8|INDIA|61|8|11342.3|0.03|61|36421|36421|995
18|CHINA|72|18|41800.2|0.0|72|36421|36421|995
8|INDIA|12|8|51469.95|0.02|12|36421|36421|995
22|RUSSIA|65|22|15122.52|0.02|65|36421|36421|995
18|CHINA|27|18|46292.4|0.07|27|36421|36421|995
23|UNITED KINGDOM|7|23|19111.74|0.06|7|38148|38148|203
7|GERMANY|33|7|42971.5|0.07|33|38148|38148|203
22|RUSSIA|25|22|59463.2|0.07|25|38148|38148|203
21|VIETNAM|68|21|12465.53|0.07|68|38148|38148|203
9|INDONESIA|23|9|25051.14|0.0|23|38148|38148|203
4|EGYPT|38|4|62211.6|0.09|38|38148|38148|203
20|SAUDI ARABIA|74|20|30848.58|0.08|74|38148|38148|203
22|RUSSIA|40|22|66262.56|0.03|40|27105|27105|302
7|GERMANY|77|7|16465.92|0.06|77|27105|27105|302
22|RUSSIA|16|22|2650.84|0.1|16|27105|27105|302
23|UNITED KINGDOM|66|23|10090.88|0.05|66|166|166|863
3|CANADA|13|3|52559.24|0.09|13|166|166|863
0|ALGERIA|28|0|69650.39|0.07|28|166|166|863
19|ROMANIA|52|19|16020.29|0.09|52|166|166|863
17|PERU|1|17|12965.76|0.04|1|23431|23431|863
4|EGYPT|22|4|18115.68|0.1|22|23431|23431|863
0|ALGERIA|28|0|76448.41|0.08|28|23431|23431|863
4|EGYPT|38|4|11004.12|0.01|38|23431|23431|863
17|PERU|1|17|47780.7|0.1|1|44034|44034|863
11|IRAQ|5|11|30036.5|0.1|5|44034|44034|863
0|ALGERIA|24|0|1056.15|0.05|24|44034|44034|863
0|ALGERIA|28|0|85890.5|0.08|28|44034|44034|863
3|CANADA|20|3|34841.52|0.07|20|44034|44034|863
14|KENYA|6|14|25052.5|0.05|6|42373|42373|632
9|INDONESIA|51|9|45687.29|0.09|51|42373|42373|632
7|GERMANY|77|7|52301.33|0.1|77|42373|42373|632
9|INDONESIA|50|9|70156.71|0.07|50|42373|42373|632
19|ROMANIA|52|19|56130.3|0.1|52|42373|42373|632
7|GERMANY|44|7|8306.88|0.03|44|27237|27237|335
8|INDIA|15|8|23593.12|0.01|15|27237|27237|335
14|KENYA|76|14|21011.1|0.07|76|27237|27237|335
4|EGYPT|22|4|79071.79|0.09|22|44353|44353|478
18|CHINA|72|18|33845.91|0.08|72|44353|44353|478
8|INDIA|60|8|12873.8|0.05|60|44353|44353|478
21|VIETNAM|35|21|60651.92|0.06|35|44353|44353|478
17|PERU|8|17|13605.0|0.07|8|12871|12871|940
8|INDIA|61|8|57712.5|0.09|61|12871|12871|940
15|MOROCCO|14|15|14004.9|0.0|14|12871|12871|940
1|ARGENTINA|29|1|38524.18|0.08|29|12871|12871|940
16|MOZAMBIQUE|18|16|33465.63|0.0|18|12871|12871|940
16|MOZAMBIQUE|30|16|30082.5|0.02|30|12871|12871|940
14|KENYA|6|14|69374.0|0.09|6|17733|17733|676
7|GERMANY|77|7|26579.0|0.07|77|17733|17733|676
3|CANADA|13|3|45934.35|0.08|13|17733|17733|676
16|MOZAMBIQUE|56|16|43750.08|0.08|56|17733|17733|676
15|MOROCCO|4|15|21229.46|0.08|4|17733|17733|676
7|GERMANY|44|7|33777.1|0.09|44|27204|27204|115
9|INDONESIA|23|9|40776.01|0.03|23|27204|27204|115
24|UNITED STATES|19|24|11820.56|0.1|19|27204|27204|115
16|MOZAMBIQUE|18|16|30933.25|0.07|18|27204|27204|115
24|UNITED STATES|10|24|13460.31|0.07|10|27204|27204|115
5|ETHIOPIA|78|5|16142.55|0.1|78|40096|40096|940
9|INDONESIA|45|9|37210.2|0.02|45|40096|40096|940
14|KENYA|6|14|61824.27|0.1|6|23047|23047|368
14|KENYA|6|14|37000.0|0.02|6|23047|23047|368
23|UNITED KINGDOM|32|23|9099.99|0.0|32|23047|23047|368
19|ROMANIA|17|19|31091.97|0.08|17|23047|23047|368
3|CANADA|20|3|20404.93|0.05|20|23047|23047|368
21|VIETNAM|80|21|41708.8|0.04|80|33475|33475|731
17|PERU|8|17|30191.67|0.01|8|33475|33475|731
18|CHINA|72|18|37786.23|0.01|72|33475|33475|731
17|PERU|57|17|43086.8|0.01|57|33475|33475|731
10|IRAN|34|10|47477.98|0.09|34|33475|33475|731
5|ETHIOPIA|2|5|34056.12|0.07|2|33475|33475|731
10|IRAN|9|10|18160.0|0.07|9|35653|35653|863
8|INDIA|15|8|18499.06|0.02|15|35653|35653|863
9|INDONESIA|51|9|14560.16|0.03|51|15974|15974|874
18|CHINA|11|18|40644.1|0.06|11|15974|15974|874
18|CHINA|11|18|38117.89|0.08|11|15974|15974|874
12|JAPAN|54|12|27390.3|0.1|54|43397|43397|764
23|UNITED KINGDOM|7|23|21892.75|0.02|7|10342|10342|511
9|INDONESIA|50|9|10234.96|0.1|50|10342|10342|511
14|KENYA|48|14|4204.5|0.08|48|10342|10342|511
9|INDONESIA|23|9|56065.86|0.04|23|10342|10342|511
3|CANADA|20|3|74179.0|0.06|20|10342|10342|511
20|SAUDI ARABIA|74|20|49319.34|0.0|74|10342|10342|511
23|UNITED KINGDOM|7|23|13887.0|0.04|7|32452|32452|896
19|ROMANIA|17|19|44796.84|0.06|17|32452|32452|896
19|ROMANIA|17|19|11516.24|0.09|17|32452|32452|896
16|MOZAMBIQUE|30|16|49204.0|0.06|30|32452|32452|896
21|VIETNAM|80|21|44496.75|0.08|80|39844|39844|467
14|KENYA|6|14|39733.68|0.07|6|39844|39844|467
7|GERMANY|44|7|7177.74|0.03|44|39844|39844|467
18|CHINA|72|18|50748.06|0.06|72|39844|39844|467
22|RUSSIA|25|22|44811.74|0.02|25|39844|39844|467
15|MOROCCO|14|15|18941.57|0.02|14|11233|11233|544
13|JORDAN|36|13|35642.88|0.1|36|11233|11233|544
24|UNITED STATES|19|24|25152.5|0.05|19|11233|11233|544
