16098
23490
28165
33280
16263
3618
36580
14470
19585
12193
14151
29540
25184
47173
19651
12160
23270
34083
390
18661
22181
42080
29155
19200
27296
28770
28198
36294
39044
16164
26691
29991
192
39110
45094
10081
18980
16450
4806
3937
32070
3717
24293
16230
18694
37383
24260
19431
25382
26053
37570
38241
39011
16032
14272
29188
15493
27395
26372
25063
12391
38791
26592
19079
17990
17572
44390
14052
37284
15075
22082
19365
24161
19299
38560
39077
23171
1924
17088
19684
19552
28099
38692
1605
24194
13381
27681
47074
45061
26020
16131
3904
15394
18210
25250
19750
28132
28066
37251
47360
2727
29760
39264
27076
26086
29089
7809
23072
41090
15141
2628
39297
13282
47393
18023
1539
28385
27175
39682
39396
35172
12292
38021
15460
1825
36162
38593
47041
44071
17440
46051
35073
1506
35491
15680
2914
28550
15042
19783
36096
27010
29122
25283
18375
33093
29056
35040
18276
39143
21092
37152
2309
36261
32290
36481
19233
