22|RUSSIA|16|22|63067.2|0.08|16|24742|24742|1063
22|RUSSIA|65|22|22420.42|0.0|65|32673|32673|815
17|PERU|8|17|56357.4|0.02|8|31045|31045|617
14|KENYA|48|14|24567.68|0.03|48|31045|31045|617
24|UNITED STATES|46|24|34716.6|0.05|46|31045|31045|617
16|MOZAMBIQUE|30|16|15812.83|0.09|30|31045|31045|617
19|ROMANIA|17|19|11914.98|0.07|17|14369|14369|1085
20|SAUDI ARABIA|74|20|41310.45|0.02|74|14369|14369|1085
24|UNITED STATES|64|24|12605.36|0.02|64|46500|46500|518
8|INDIA|61|8|49926.72|0.0|61|12994|12994|1162
18|CHINA|72|18|51271.44|0.0|72|26821|26821|859
17|PERU|57|17|8865.42|0.1|57|26821|26821|859
12|JAPAN|54|12|77650.08|0.1|54|26821|26821|859
9|INDONESIA|50|9|35267.7|0.09|50|13159|13159|628
16|MOZAMBIQUE|58|16|84989.5|0.02|58|13159|13159|628
7|GERMANY|44|7|80385.0|0.03|44|5925|5925|1162
18|CHINA|72|18|62370.72|0.02|72|5925|5925|1162
22|RUSSIA|25|22|27931.0|0.03|25|5925|5925|1162
14|KENYA|79|14|48350.07|0.0|79|5925|5925|1162
5|ETHIOPIA|78|5|39822.6|0.02|78|5925|5925|1162
5|ETHIOPIA|2|5|66934.98|0.05|2|5925|5925|1162
12|JAPAN|54|12|31499.22|0.05|54|2724|2724|1096
17|PERU|1|17|41624.88|0.01|1|3747|3747|1195
7|GERMANY|33|7|15865.22|0.08|33|3747|3747|1195
6|FRANCE|70|6|30303.0|0.0|70|3747|3747|1195
15|MOROCCO|14|15|24449.46|0.0|14|3747|3747|1195
23|UNITED KINGDOM|32|23|29056.0|0.08|32|3747|3747|1195
0|ALGERIA|28|0|43097.04|0.05|28|3747|3747|1195
22|RUSSIA|16|22|42433.62|0.0|16|3747|3747|1195
13|JORDAN|36|13|17478.6|0.03|36|19780|19780|859
0|ALGERIA|24|0|63472.5|0.03|24|19780|19780|859
10|IRAN|34|10|51337.44|0.01|34|19780|19780|859
12|JAPAN|54|12|1147.24|0.05|54|19780|19780|859
22|RUSSIA|40|22|22058.15|0.02|40|39360|39360|1063
3|CANADA|13|3|34003.06|0.0|13|39360|39360|1063
9|INDONESIA|23|9|77208.78|0.07|23|39360|39360|1063
12|JAPAN|43|12|41420.48|0.03|43|39360|39360|1063
22|RUSSIA|42|22|36999.06|0.1|42|39360|39360|1063
6|FRANCE|70|6|39325.4|0.08|70|4835|4835|1162
21|VIETNAM|68|21|23911.56|0.0|68|4835|4835|1162
21|VIETNAM|35|21|4877.16|0.09|35|4835|4835|1162
16|MOZAMBIQUE|73|16|45548.0|0.02|73|7717|7717|617
22|RUSSIA|40|22|2925.12|0.0|40|7717|7717|617
12|JAPAN|43|12|33672.1|0.03|43|7717|7717|617
18|CHINA|27|18|18229.65|0.0|27|7717|7717|617
16|MOZAMBIQUE|31|16|73968.3|0.02|31|7717|7717|617
7|GERMANY|77|7|8584.05|0.1|77|3844|3844|628
1|ARGENTINA|71|1|1956.14|0.03|71|3844|3844|628
21|VIETNAM|80|21|52179.4|0.09|80|7716|7716|1151
1|ARGENTINA|29|1|42535.0|0.04|29|7716|7716|1151
16|MOZAMBIQUE|31|16|41243.33|0.05|31|7716|7716|1151
19|ROMANIA|52|19|3606.9|0.09|52|7716|7716|1151
17|PERU|1|17|8132.7|0.07|1|18370|18370|40
8|INDIA|61|8|5666.94|0.06|61|18370|18370|40
21|VIETNAM|26|21|58952.79|0.0|26|18370|18370|40
9|INDONESIA|45|9|40433.75|0.02|45|18370|18370|40
4|EGYPT|22|4|66671.1|0.03|22|6759|6759|1195
23|UNITED KINGDOM|32|23|41756.01|0.05|32|6759|6759|1195
0|ALGERIA|28|0|2847.12|0.07|28|6759|6759|1195
17|PERU|59|17|9865.71|0.05|59|1830|1830|1052
1|ARGENTINA|29|1|70602.1|0.0|29|1830|1830|1052
4|EGYPT|38|4|55787.04|0.07|38|1830|1830|1052
18|CHINA|72|18|54858.8|0.01|72|17191|17191|1151
24|UNITED STATES|19|24|70060.8|0.01|19|17191|17191|1151
1|ARGENTINA|29|1|3372.66|0.02|29|17191|17191|1151
19|ROMANIA|17|19|80709.71|0.05|17|17191|17191|1151
17|PERU|59|17|2508.7|0.05|59|18181|18181|1030
5|ETHIOPIA|78|5|34137.72|0.01|78|18181|18181|1030
12|JAPAN|43|12|25641.36|0.07|43|18181|18181|1030
16|MOZAMBIQUE|31|16|12069.09|0.05|31|18181|18181|1030
23|UNITED KINGDOM|7|23|50748.06|0.01|7|35424|35424|617
11|IRAQ|5|11|18958.57|0.07|5|35424|35424|617
24|UNITED STATES|55|24|55463.04|0.01|55|35424|35424|617
21|VIETNAM|26|21|60737.93|0.05|26|35424|35424|617
14|KENYA|79|14|55390.68|0.06|79|35424|35424|617
18|CHINA|27|18|54383.22|0.0|27|35424|35424|617
18|CHINA|75|18|43011.38|0.06|75|35424|35424|617
21|VIETNAM|80|21|12207.39|0.1|80|24996|24996|826
22|RUSSIA|40|22|71369.25|0.06|40|24996|24996|826
1|ARGENTINA|71|1|23995.67|0.04|71|24996|24996|826
5|ETHIOPIA|78|5|1589.68|0.1|78|24996|24996|826
0|ALGERIA|28|0|62617.5|0.08|28|24996|24996|826
3|CANADA|20|3|54309.0|0.02|20|24996|24996|826
11|IRAQ|5|11|42734.92|0.08|5|34401|34401|1030
18|CHINA|72|18|10631.22|0.07|72|34401|34401|1030
8|INDIA|12|8|44410.73|0.0|12|34401|34401|1030
9|INDONESIA|23|9|45100.0|0.08|23|34401|34401|1030
6|FRANCE|70|6|48171.0|0.03|70|4|4|1096
9|INDONESIA|45|9|47548.66|0.08|45|23687|23687|628
14|KENYA|47|14|15486.77|0.06|47|10564|10564|815
16|MOZAMBIQUE|18|16|3631.82|0.02|18|10564|10564|815
18|CHINA|27|18|28113.36|0.04|27|10564|10564|815
16|MOZAMBIQUE|31|16|24251.75|0.0|31|10564|10564|815
14|KENYA|6|14|63964.6|0.06|6|40770|40770|40
5|ETHIOPIA|2|5|48522.17|0.02|2|40770|40770|40
17|PERU|8|17|16253.1|0.09|8|2532|2532|749
10|IRAN|9|10|76081.0|0.02|9|2532|2532|749
22|RUSSIA|25|22|38948.91|0.06|25|2532|2532|749
9|INDONESIA|23|9|3967.26|0.06|23|2532|2532|749
14|KENYA|76|14|21923.8|0.09|76|2532|2532|749
12|JAPAN|54|12|975.07|0.0|54|2532|2532|749
7|GERMANY|77|7|47510.12|0.1|77|1223|1223|73
16|MOZAMBIQUE|73|16|12901.68|0.07|73|3940|3940|1195
21|VIETNAM|68|21|57981.6|0.08|68|3940|3940|1195
15|MOROCCO|4|15|10901.99|0.09|4|3940|3940|1195
24|UNITED STATES|49|24|37228.0|0.0|49|3940|3940|1195
19|ROMANIA|52|19|43507.53|0.1|52|3940|3940|1195
24|UNITED STATES|10|24|52551.76|0.07|10|27846|27846|518
4|EGYPT|67|4|18686.23|0.07|67|43235|43235|1085
7|GERMANY|33|7|26648.6|0.05|33|20388|20388|925
4|EGYPT|22|4|37336.7|0.06|22|20388|20388|925
8|INDIA|61|8|38191.77|0.09|61|20388|20388|925
15|MOROCCO|4|15|30791.28|0.02|4|20388|20388|925
16|MOZAMBIQUE|58|16|17737.98|0.03|58|10213|10213|1030
24|UNITED STATES|49|24|4456.84|0.0|49|10213|10213|1030
19|ROMANIA|52|19|12226.05|0.1|52|10213|10213|1030
7|GERMANY|33|7|10501.5|0.04|33|12930|12930|859
16|MOZAMBIQUE|73|16|36759.12|0.07|73|4038|4038|749
1|ARGENTINA|71|1|7123.68|0.07|71|4038|4038|749
12|JAPAN|54|12|36670.33|0.04|54|4038|4038|749
14|KENYA|76|14|31789.51|0.07|76|4038|4038|749
22|RUSSIA|16|22|27726.0|0.1|16|4038|4038|749
1|ARGENTINA|3|1|58662.4|0.05|3|4038|4038|749
23|UNITED KINGDOM|7|23|6234.78|0.07|7|7844|7844|1195
3|CANADA|13|3|54550.14|0.05|13|7844|7844|1195
2|BRAZIL|21|2|34434.92|0.04|21|7844|7844|1195
9|INDONESIA|50|9|34356.72|0.04|50|5632|5632|628
15|MOROCCO|14|15|46707.36|0.06|14|5632|5632|628
24|UNITED STATES|46|24|36662.64|0.02|46|5632|5632|628
8|INDIA|60|8|2877.15|0.0|60|1760|1760|914
9|INDONESIA|23|9|63260.88|0.09|23|1760|1760|914
22|RUSSIA|42|22|43827.96|0.05|42|1760|1760|914
22|RUSSIA|40|22|2847.04|0.04|40|3971|3971|826
20|SAUDI ARABIA|74|20|78243.72|0.06|74|3971|3971|826
11|IRAQ|5|11|37946.04|0.1|5|27717|27717|947
22|RUSSIA|40|22|8152.88|0.02|40|27717|27717|947
18|CHINA|72|18|16776.54|0.04|72|27717|27717|947
17|PERU|59|17|18211.32|0.02|59|27717|27717|947
17|PERU|8|17|48429.48|0.1|8|32678|32678|848
6|FRANCE|70|6|9033.76|0.03|70|32678|32678|848
19|ROMANIA|17|19|28080.9|0.1|17|32678|32678|848
17|PERU|8|17|34309.4|0.05|8|43458|43458|518
9|INDONESIA|45|9|42567.98|0.04|45|43458|43458|518
5|ETHIOPIA|78|5|47538.12|0.07|78|43458|43458|518
0|ALGERIA|28|0|21911.04|0.04|28|7296|7296|1195
16|MOZAMBIQUE|73|16|39246.24|0.1|73|20006|20006|859
7|GERMANY|44|7|11172.1|0.1|44|20006|20006|859
8|INDIA|61|8|33224.42|0.0|61|20006|20006|859
8|INDIA|15|8|54662.96|0.04|15|20006|20006|859
23|UNITED KINGDOM|32|23|19534.28|0.05|32|20006|20006|859
12|JAPAN|43|12|66273.84|0.05|43|20006|20006|859
22|RUSSIA|16|22|75561.9|0.1|16|20006|20006|859
17|PERU|8|17|43011.88|0.1|8|47429|47429|40
17|PERU|1|17|13379.22|0.01|1|47429|47429|40
23|UNITED KINGDOM|7|23|69077.52|0.01|7|6274|6274|62
21|VIETNAM|26|21|19312.54|0.04|26|6274|6274|62
16|MOZAMBIQUE|58|16|14601.86|0.05|58|6274|6274|62
9|INDONESIA|45|9|46381.92|0.07|45|6274|6274|62
12|JAPAN|54|12|15577.77|0.01|54|6274|6274|62
12|JAPAN|54|12|39025.14|0.03|54|6274|6274|62
0|ALGERIA|28|0|30760.89|0.06|28|6274|6274|62
4|EGYPT|22|4|40062.32|0.06|22|10624|10624|1030
16|MOZAMBIQUE|58|16|25876.08|0.1|58|10624|10624|1030
9|INDONESIA|45|9|45108.0|0.09|45|10624|10624|1030
20|SAUDI ARABIA|74|20|45544.14|0.03|74|10624|10624|1030
20|SAUDI ARABIA|74|20|25063.06|0.02|74|10624|10624|1030
17|PERU|8|17|43610.19|0.02|8|40962|40962|419
12|JAPAN|54|12|48931.48|0.03|54|40962|40962|419
12|JAPAN|43|12|44322.6|0.0|43|40962|40962|419
7|GERMANY|53|7|20127.78|0.04|53|40962|40962|419
16|MOZAMBIQUE|30|16|20064.76|0.1|30|40962|40962|419
17|PERU|8|17|17529.72|0.08|8|23557|23557|914
0|ALGERIA|37|0|53517.6|0.01|37|23557|23557|914
22|RUSSIA|25|22|17974.35|0.1|25|23557|23557|914
0|ALGERIA|24|0|48903.5|0.06|24|23557|23557|914
3|CANADA|20|3|45489.2|0.0|20|23557|23557|914
16|MOZAMBIQUE|31|16|48485.28|0.09|31|23557|23557|914
16|MOZAMBIQUE|73|16|23443.2|0.04|73|24646|24646|914
8|INDIA|15|8|32961.77|0.07|15|24646|24646|914
21|VIETNAM|35|21|37768.64|0.08|35|24646|24646|914
24|UNITED STATES|19|24|32467.2|0.0|19|24646|24646|914
19|ROMANIA|17|19|28054.83|0.08|17|24646|24646|914
19|ROMANIA|17|19|16842.0|0.08|17|24646|24646|914
18|CHINA|11|18|30104.13|0.01|11|743|743|628
22|RUSSIA|40|22|47889.66|0.09|40|22534|22534|1151
14|KENYA|79|14|1037.13|0.1|79|22534|22534|1151
19|ROMANIA|52|19|51824.87|0.0|52|22534|22534|1151
23|UNITED KINGDOM|7|23|55729.28|0.08|7|42214|42214|628
9|INDONESIA|50|9|16133.68|0.03|50|42214|42214|628
12|JAPAN|54|12|39990.86|0.03|54|42214|42214|628
12|JAPAN|54|12|53222.82|0.06|54|42214|42214|628
2|BRAZIL|21|2|47816.66|0.03|21|42214|42214|628
3|CANADA|20|3|24490.95|0.01|20|42214|42214|628
16|MOZAMBIQUE|31|16|19747.14|0.05|31|42214|42214|628
17|PERU|1|17|24446.62|0.1|1|31687|31687|62
14|KENYA|79|14|9670.36|0.01|79|31687|31687|62
12|JAPAN|54|12|45242.45|0.1|54|31687|31687|62
17|PERU|59|17|13658.49|0.01|59|44832|44832|826
22|RUSSIA|40|22|33173.07|0.01|40|10820|10820|529
19|ROMANIA|62|19|26260.56|0.02|62|10820|10820|529
24|UNITED STATES|55|24|22984.48|0.05|55|10820|10820|529
23|UNITED KINGDOM|66|23|41203.96|0.1|66|10820|10820|529
5|ETHIOPIA|78|5|32873.36|0.01|78|10820|10820|529
8|INDIA|39|8|37670.07|0.09|39|10820|10820|529
4|EGYPT|38|4|2276.46|0.06|38|10820|10820|529
24|UNITED STATES|55|24|77698.08|0.03|55|30279|30279|826
21|VIETNAM|68|21|37160.32|0.1|68|30279|30279|826
21|VIETNAM|35|21|4126.41|0.01|35|30279|30279|826
21|VIETNAM|68|21|26091.72|0.04|68|30279|30279|826
24|UNITED STATES|46|24|18374.14|0.01|46|30279|30279|826
2|BRAZIL|21|2|20301.48|0.1|21|30279|30279|826
16|MOZAMBIQUE|30|16|36130.64|0.0|30|30279|30279|826
0|ALGERIA|24|0|50955.94|0.1|24|39717|39717|40
23|UNITED KINGDOM|7|23|8192.96|0.09|7|36934|36934|40
14|KENYA|6|14|48099.87|0.04|6|36934|36934|40
9|INDONESIA|51|9|12783.7|0.02|51|36934|36934|40
22|RUSSIA|25|22|16913.93|0.02|25|36934|36934|40
4|EGYPT|38|4|17803.57|0.06|38|36934|36934|40
17|PERU|1|17|50887.68|0.1|1|26913|26913|859
14|KENYA|79|14|53432.32|0.02|79|26913|26913|859
7|GERMANY|77|7|59095.45|0.07|77|645|645|914
7|GERMANY|77|7|21064.86|0.1|77|645|645|914
17|PERU|59|17|40335.29|0.06|59|645|645|914
14|KENYA|47|14|66909.3|0.1|47|645|645|914
9|INDONESIA|23|9|81573.24|0.05|23|645|645|914
8|INDIA|15|8|37420.2|0.05|15|10215|10215|826
15|MOROCCO|14|15|22327.97|0.1|14|10215|10215|826
15|MOROCCO|4|15|1184.28|0.0|4|10215|10215|826
12|JAPAN|43|12|9262.08|0.02|43|10215|10215|826
2|BRAZIL|21|2|56837.1|0.04|21|10215|10215|826
21|VIETNAM|80|21|16622.46|0.08|80|44705|44705|73
0|ALGERIA|37|0|72786.08|0.03|37|44705|44705|73
17|PERU|57|17|44262.73|0.05|57|44705|44705|73
19|ROMANIA|52|19|55929.57|0.03|52|44705|44705|73
23|UNITED KINGDOM|66|23|2977.16|0.1|66|44837|44837|529
10|IRAN|34|10|35030.52|0.0|34|44837|44837|529
19|ROMANIA|17|19|22889.48|0.1|17|44837|44837|529
24|UNITED STATES|64|24|52619.76|0.09|64|44837|44837|529
20|SAUDI ARABIA|74|20|53439.4|0.05|74|44837|44837|529
1|ARGENTINA|3|1|19686.15|0.03|3|44837|44837|529
21|VIETNAM|26|21|15907.22|0.0|26|31748|31748|749
9|INDONESIA|45|9|17699.38|0.06|45|31748|31748|749
1|ARGENTINA|29|1|41596.14|0.04|29|31748|31748|749
7|GERMANY|53|7|40813.47|0.1|53|31748|31748|749
24|UNITED STATES|64|24|33841.08|0.06|64|31748|31748|749
18|CHINA|41|18|41218.74|0.03|41|31748|31748|749
15|MOROCCO|14|15|19550.86|0.07|14|7840|7840|518
15|MOROCCO|14|15|13951.21|0.1|14|7840|7840|518
24|UNITED STATES|46|24|59942.39|0.04|46|7840|7840|518
18|CHINA|27|18|47889.0|0.04|27|7840|7840|518
21|VIETNAM|26|21|44984.02|0.08|26|4485|4485|419
0|ALGERIA|24|0|47017.52|0.04|24|4485|4485|419
8|INDIA|39|8|55873.77|0.01|39|4485|4485|419
22|RUSSIA|42|22|44228.88|0.08|42|4485|4485|419
19|ROMANIA|62|19|6342.0|0.04|62|3492|3492|815
7|GERMANY|77|7|88029.59|0.09|77|3492|3492|815
14|KENYA|79|14|32315.1|0.02|79|3492|3492|815
4|EGYPT|38|4|13496.31|0.01|38|4064|4064|1030
3|CANADA|20|3|18244.65|0.02|20|4064|4064|1030
5|ETHIOPIA|63|5|62995.16|0.03|63|4064|4064|1030
14|KENYA|6|14|28055.0|0.01|6|8068|8068|1063
8|INDIA|61|8|44688.24|0.07|61|8068|8068|1063
21|VIETNAM|68|21|25587.36|0.03|68|8068|8068|1063
23|UNITED KINGDOM|32|23|27668.16|0.03|32|8068|8068|1063
3|CANADA|20|3|53299.61|0.08|20|8068|8068|1063
24|UNITED STATES|64|24|35437.75|0.04|64|8068|8068|1063
16|MOZAMBIQUE|30|16|31282.1|0.03|30|8068|8068|1063
14|KENYA|6|14|32375.0|0.01|6|6594|6594|1030
16|MOZAMBIQUE|58|16|39431.86|0.0|58|6594|6594|1030
10|IRAN|34|10|9901.71|0.0|34|6594|6594|1030
19|ROMANIA|17|19|24883.3|0.02|17|6594|6594|1030
16|MOZAMBIQUE|31|16|8252.82|0.1|31|6594|6594|1030
7|GERMANY|53|7|26764.32|0.1|53|6594|6594|1030
16|MOZAMBIQUE|31|16|69373.89|0.05|31|6594|6594|1030
7|GERMANY|77|7|2809.0|0.05|77|4130|4130|826
22|RUSSIA|16|22|58318.48|0.07|16|4130|4130|826
12|JAPAN|43|12|47597.22|0.07|43|42503|42503|1151
16|MOZAMBIQUE|56|16|34982.08|0.01|56|43878|43878|1151
0|ALGERIA|28|0|20469.92|0.04|28|43878|43878|1151
16|MOZAMBIQUE|31|16|62917.5|0.01|31|43878|43878|1151
3|CANADA|20|3|4985.28|0.1|20|43878|43878|1151
18|CHINA|75|18|20261.34|0.04|75|43878|43878|1151
22|RUSSIA|65|22|49813.38|0.04|65|41029|41029|925
12|JAPAN|54|12|1743.84|0.02|54|41029|41029|925
18|CHINA|27|18|67185.76|0.08|27|41029|41029|925
4|EGYPT|38|4|36747.48|0.07|38|41029|41029|925
4|EGYPT|69|4|24953.06|0.03|69|30723|30723|518
0|ALGERIA|28|0|16113.6|0.04|28|30723|30723|518
5|ETHIOPIA|63|5|18510.58|0.05|63|30723|30723|518
23|UNITED KINGDOM|7|23|43193.92|0.09|7|20416|20416|727
7|GERMANY|44|7|71861.44|0.08|44|20416|20416|727
8|INDIA|15|8|56130.3|0.09|15|20416|20416|727
10|IRAN|34|10|46670.05|0.0|34|20416|20416|727
20|SAUDI ARABIA|74|20|27595.7|0.0|74|20416|20416|727
16|MOZAMBIQUE|73|16|17881.11|0.05|73|21956|21956|529
7|GERMANY|44|7|61121.76|0.0|44|21956|21956|529
7|GERMANY|77|7|63001.83|0.05|77|21956|21956|529
19|ROMANIA|17|19|35150.76|0.05|17|21956|21956|529
7|GERMANY|53|7|61434.98|0.0|53|21956|21956|529
0|ALGERIA|24|0|21136.78|0.0|24|8993|8993|628
18|CHINA|27|18|40907.84|0.02|27|8993|8993|628
14|KENYA|6|14|28919.05|0.05|6|9411|9411|529
22|RUSSIA|25|22|25528.0|0.09|25|9411|9411|529
23|UNITED KINGDOM|7|23|11622.6|0.09|7|29571|29571|1096
14|KENYA|6|14|34410.74|0.08|6|29571|29571|1096
0|ALGERIA|37|0|85104.67|0.08|37|29571|29571|1096
21|VIETNAM|68|21|34110.72|0.04|68|29571|29571|1096
10|IRAN|9|10|57469.92|0.06|9|6817|6817|529
13|JORDAN|36|13|64904.4|0.03|36|6817|6817|529
8|INDIA|15|8|9003.6|0.02|15|14084|14084|518
0|ALGERIA|24|0|70684.98|0.05|24|14084|14084|518
22|RUSSIA|16|22|52290.18|0.04|16|14084|14084|518
3|CANADA|20|3|63793.94|0.0|20|14084|14084|518
18|CHINA|41|18|61254.36|0.07|41|14084|14084|518
24|UNITED STATES|49|24|9027.9|0.09|49|19463|19463|914
9|INDONESIA|51|9|15234.52|0.01|51|39395|39395|859
6|FRANCE|70|6|54093.6|0.1|70|39395|39395|859
4|EGYPT|69|4|47420.4|0.1|69|39395|39395|859
15|MOROCCO|14|15|18440.4|0.0|14|39395|39395|859
10|IRAN|34|10|36470.64|0.03|34|39395|39395|859
18|CHINA|27|18|21296.31|0.07|27|39395|39395|859
1|ARGENTINA|3|1|24840.6|0.09|3|39395|39395|859
7|GERMANY|44|7|25586.08|0.02|44|1153|1153|958
24|UNITED STATES|55|24|7182.65|0.02|55|1153|1153|958
18|CHINA|11|18|70121.39|0.01|11|1153|1153|958
24|UNITED STATES|46|24|23725.2|0.0|46|1153|1153|958
14|KENYA|79|14|46400.85|0.0|79|1153|1153|958
1|ARGENTINA|29|1|62667.5|0.0|29|1153|1153|958
1|ARGENTINA|29|1|31208.5|0.0|29|1153|1153|958
8|INDIA|60|8|44286.97|0.09|60|3111|3111|1063
0|ALGERIA|24|0|18597.88|0.05|24|3111|3111|1063
8|INDIA|12|8|13114.1|0.02|12|3111|3111|1063
14|KENYA|76|14|29451.24|0.0|76|3111|3111|1063
12|JAPAN|43|12|21935.98|0.06|43|3111|3111|1063
12|JAPAN|54|12|40753.5|0.06|54|3111|3111|1063
20|SAUDI ARABIA|74|20|7928.4|0.03|74|3111|3111|1063
8|INDIA|60|8|50164.78|0.08|60|9920|9920|859
14|KENYA|48|14|40026.56|0.08|48|9920|9920|859
16|MOZAMBIQUE|18|16|972.07|0.06|18|9920|9920|859
4|EGYPT|69|4|63598.47|0.03|69|11906|11906|419
21|VIETNAM|35|21|36840.42|0.1|35|5796|5796|1195
24|UNITED STATES|46|24|18120.0|0.09|46|2375|2375|40
21|VIETNAM|80|21|29116.08|0.01|80|5444|5444|1030
4|EGYPT|22|4|44007.6|0.08|22|5444|5444|1030
13|JORDAN|36|13|22116.15|0.07|36|5444|5444|1030
4|EGYPT|67|4|49533.2|0.05|67|5444|5444|1030
12|JAPAN|43|12|45291.51|0.05|43|5444|5444|1030
4|EGYPT|38|4|26614.56|0.04|38|5444|5444|1030
16|MOZAMBIQUE|73|16|20382.45|0.07|73|8128|8128|958
24|UNITED STATES|46|24|2949.24|0.01|46|8128|8128|958
13|JORDAN|36|13|64369.0|0.02|36|38594|38594|73
8|INDIA|12|8|38042.0|0.08|12|38594|38594|73
16|MOZAMBIQUE|56|16|37375.78|0.05|56|38594|38594|73
22|RUSSIA|16|22|5441.8|0.1|16|38594|38594|73
11|IRAQ|5|11|20872.35|0.03|5|24195|24195|958
16|MOZAMBIQUE|18|16|37462.59|0.05|18|24195|24195|958
12|JAPAN|54|12|25101.69|0.01|54|24195|24195|958
0|ALGERIA|28|0|47589.3|0.09|28|24195|24195|958
18|CHINA|27|18|47336.94|0.08|27|24195|24195|958
24|UNITED STATES|46|24|28884.87|0.0|46|14273|14273|826
14|KENYA|76|14|43141.8|0.0|76|14273|14273|826
16|MOZAMBIQUE|73|16|51190.4|0.05|73|1607|1607|1195
4|EGYPT|22|4|63620.16|0.0|22|1607|1607|1195
0|ALGERIA|24|0|68559.15|0.05|24|1607|1607|1195
9|INDONESIA|23|9|73436.22|0.0|23|1607|1607|1195
1|ARGENTINA|29|1|2831.02|0.02|29|1607|1607|1195
21|VIETNAM|80|21|48403.52|0.08|80|4929|4929|1195
18|CHINA|72|18|20182.0|0.0|72|4929|4929|1195
4|EGYPT|67|4|61024.8|0.08|67|4929|4929|1195
7|GERMANY|53|7|34380.72|0.09|53|4929|4929|1195
7|GERMANY|53|7|46094.62|0.0|53|4929|4929|1195
6|FRANCE|70|6|3731.92|0.08|70|47362|47362|40
24|UNITED STATES|46|24|77961.25|0.1|46|47362|47362|40
21|VIETNAM|68|21|45002.64|0.08|68|47362|47362|40
9|INDONESIA|23|9|29313.46|0.05|23|47362|47362|40
10|IRAN|34|10|16542.19|0.05|34|47362|47362|40
1|ARGENTINA|29|1|34836.03|0.0|29|47362|47362|40
12|JAPAN|54|12|34539.54|0.09|54|47362|47362|40
23|UNITED KINGDOM|66|23|35295.0|0.06|66|12294|12294|628
9|INDONESIA|50|9|72412.8|0.05|50|12294|12294|628
16|MOZAMBIQUE|18|16|14370.75|0.06|18|12294|12294|628
18|CHINA|75|18|15937.44|0.0|75|12294|12294|628
18|CHINA|41|18|67892.76|0.1|41|12294|12294|628
19|ROMANIA|62|19|15472.56|0.05|62|38881|38881|848
18|CHINA|11|18|40921.32|0.07|11|38881|38881|848
4|EGYPT|22|4|1483.58|0.06|22|38881|38881|848
5|ETHIOPIA|78|5|71616.44|0.0|78|38881|38881|848
4|EGYPT|67|4|40718.0|0.1|67|38881|38881|848
0|ALGERIA|28|0|52496.24|0.02|28|38881|38881|848
4|EGYPT|38|4|52953.6|0.03|38|38881|38881|848
18|CHINA|27|18|8884.35|0.02|27|44161|44161|947
17|PERU|57|17|22353.66|0.08|57|10051|10051|529
9|INDONESIA|45|9|43425.84|0.08|45|10051|10051|529
0|ALGERIA|28|0|48473.46|0.08|28|10051|10051|529
22|RUSSIA|42|22|47145.84|0.06|42|10051|10051|529
18|CHINA|72|18|13965.45|0.07|72|26375|26375|958
8|INDIA|12|8|38042.0|0.04|12|26375|26375|958
22|RUSSIA|65|22|31650.06|0.08|65|26375|26375|958
14|KENYA|76|14|43548.56|0.05|76|26375|26375|958
10|IRAN|34|10|30869.68|0.02|34|24230|24230|925
8|INDIA|12|8|49824.0|0.03|12|24230|24230|925
22|RUSSIA|42|22|48707.17|0.09|42|24230|24230|925
22|RUSSIA|42|22|44188.73|0.05|42|24230|24230|925
14|KENYA|6|14|77443.78|0.1|6|43591|43591|1195
4|EGYPT|22|4|54321.76|0.05|22|43591|43591|1195
9|INDONESIA|45|9|63912.2|0.02|45|43591|43591|1195
10|IRAN|34|10|67495.38|0.02|34|43591|43591|1195
21|VIETNAM|35|21|48151.8|0.03|35|24583|24583|1030
14|KENYA|6|14|54694.29|0.1|6|19842|19842|617
22|RUSSIA|40|22|27929.7|0.08|40|19842|19842|617
24|UNITED STATES|10|24|48730.92|0.02|10|19842|19842|617
3|CANADA|20|3|41381.01|0.1|20|19842|19842|617
18|CHINA|41|18|52277.16|0.02|41|19842|19842|617
16|MOZAMBIQUE|30|16|1257.35|0.02|30|19842|19842|617
16|MOZAMBIQUE|30|16|73116.8|0.0|30|19842|19842|617
7|GERMANY|33|7|31590.16|0.03|33|38146|38146|826
8|INDIA|61|8|27841.74|0.03|61|38146|38146|826
7|GERMANY|77|7|3210.51|0.02|77|27587|27587|617
21|VIETNAM|35|21|35171.18|0.0|35|27587|27587|617
24|UNITED STATES|46|24|15576.5|0.02|46|27587|27587|617
1|ARGENTINA|29|1|10611.6|0.0|29|27587|27587|617
4|EGYPT|38|4|31433.75|0.01|38|27587|27587|617
4|EGYPT|22|4|83968.2|0.09|22|18436|18436|1052
4|EGYPT|38|4|43859.16|0.04|38|18436|18436|1052
7|GERMANY|53|7|40151.66|0.0|53|18436|18436|1052
6|FRANCE|70|6|38618.58|0.08|70|19459|19459|859
18|CHINA|75|18|57985.56|0.1|75|21472|21472|727
7|GERMANY|44|7|16635.92|0.0|44|28963|28963|1162
0|ALGERIA|24|0|44772.25|0.02|24|28963|28963|1162
17|PERU|57|17|32709.65|0.03|57|28963|28963|1162
10|IRAN|34|10|55262.83|0.06|34|28963|28963|1162
12|JAPAN|54|12|7189.74|0.04|54|28963|28963|1162
17|PERU|1|17|17196.48|0.05|1|39974|39974|859
7|GERMANY|77|7|57543.04|0.01|77|39974|39974|859
22|RUSSIA|16|22|67610.91|0.02|16|39974|39974|859
22|RUSSIA|42|22|10631.52|0.1|42|39974|39974|859
21|VIETNAM|80|21|29408.32|0.1|80|34596|34596|73
0|ALGERIA|37|0|14247.36|0.07|37|34596|34596|73
17|PERU|57|17|44762.85|0.05|57|34596|34596|73
14|KENYA|76|14|35528.4|0.06|76|34596|34596|73
18|CHINA|27|18|24146.4|0.08|27|34596|34596|73
1|ARGENTINA|3|1|11544.72|0.04|3|34596|34596|73
21|VIETNAM|80|21|30414.56|0.07|80|47301|47301|62
18|CHINA|11|18|5820.42|0.0|11|47301|47301|62
3|CANADA|13|3|63163.32|0.09|13|47301|47301|62
9|INDONESIA|50|9|58947.0|0.02|50|29734|29734|925
7|GERMANY|53|7|35738.62|0.06|53|29734|29734|925
21|VIETNAM|68|21|5806.2|0.04|68|26049|26049|749
19|ROMANIA|17|19|37936.32|0.0|17|26049|26049|749
22|RUSSIA|40|22|13495.69|0.09|40|22595|22595|826
21|VIETNAM|26|21|15767.08|0.02|26|22595|22595|826
9|INDONESIA|23|9|54818.46|0.07|23|22595|22595|826
24|UNITED STATES|19|24|2636.82|0.09|19|22595|22595|826
8|INDIA|39|8|19581.0|0.09|39|22595|22595|826
20|SAUDI ARABIA|74|20|1190.29|0.1|74|22595|22595|826
19|ROMANIA|52|19|63753.15|0.09|52|22595|22595|826
23|UNITED KINGDOM|7|23|52240.32|0.02|7|12772|12772|1162
9|INDONESIA|51|9|62251.62|0.07|51|12772|12772|1162
0|ALGERIA|24|0|35633.22|0.09|24|12772|12772|1162
10|IRAN|34|10|60095.04|0.01|34|12772|12772|1162
24|UNITED STATES|64|24|39912.6|0.04|64|12772|12772|1162
23|UNITED KINGDOM|7|23|9592.14|0.1|7|45156|45156|815
18|CHINA|72|18|48997.36|0.06|72|45156|45156|815
24|UNITED STATES|46|24|36134.4|0.05|46|45156|45156|815
2|BRAZIL|21|2|18564.16|0.03|21|45156|45156|815
14|KENYA|76|14|3576.87|0.04|76|45156|45156|815
18|CHINA|72|18|6739.12|0.02|72|11232|11232|529
21|VIETNAM|35|21|15986.9|0.0|35|11232|11232|529
16|MOZAMBIQUE|56|16|39308.05|0.07|56|11232|11232|529
2|BRAZIL|21|2|9242.94|0.04|21|11232|11232|529
23|UNITED KINGDOM|7|23|23560.05|0.07|7|12486|12486|1030
14|KENYA|6|14|35717.6|0.1|6|12486|12486|1030
9|INDONESIA|51|9|35129.86|0.08|51|12486|12486|1030
19|ROMANIA|62|19|20104.85|0.06|62|12486|12486|1030
16|MOZAMBIQUE|58|16|28032.42|0.09|58|12486|12486|1030
22|RUSSIA|65|22|44279.88|0.01|65|12486|12486|1030
0|ALGERIA|28|0|6795.16|0.08|28|12486|12486|1030
16|MOZAMBIQUE|58|16|60123.96|0.09|58|45189|45189|1162
15|MOROCCO|4|15|24001.74|0.03|4|45189|45189|1162
7|GERMANY|53|7|5986.45|0.03|53|45189|45189|1162
18|CHINA|41|18|16506.18|0.03|41|45189|45189|1162
8|INDIA|15|8|44904.24|0.05|15|24674|24674|73
10|IRAN|34|10|17112.48|0.06|34|24674|24674|73
20|SAUDI ARABIA|74|20|77051.27|0.0|74|24674|24674|73
24|UNITED STATES|46|24|52574.39|0.07|46|35587|35587|1184
8|INDIA|39|8|9640.53|0.02|39|35587|35587|1184
4|EGYPT|38|4|37639.6|0.05|38|35587|35587|1184
24|UNITED STATES|49|24|51714.12|0.02|49|35587|35587|1184
5|ETHIOPIA|63|5|59553.9|0.06|63|35587|35587|1184
7|GERMANY|44|7|14348.4|0.1|44|10210|10210|749
0|ALGERIA|37|0|19325.35|0.03|37|10210|10210|749
16|MOZAMBIQUE|58|16|39229.26|0.06|58|10210|10210|749
12|JAPAN|54|12|13790.56|0.02|54|10210|10210|749
8|INDIA|39|8|7595.96|0.04|39|10210|10210|749
19|ROMANIA|52|19|11682.6|0.09|52|10210|10210|749
5|ETHIOPIA|2|5|45985.32|0.02|2|10210|10210|749
8|INDIA|61|8|40896.9|0.07|61|33189|33189|1195
22|RUSSIA|65|22|8777.52|0.02|65|33189|33189|1195
18|CHINA|41|18|12220.52|0.05|41|33189|33189|1195
22|RUSSIA|42|22|43150.08|0.0|42|46851|46851|1085
11|IRAQ|5|11|40675.69|0.05|5|41571|41571|529
0|ALGERIA|37|0|10901.99|0.07|37|41571|41571|529
8|INDIA|15|8|36309.41|0.02|15|41571|41571|529
2|BRAZIL|21|2|35878.64|0.03|21|41571|41571|529
22|RUSSIA|42|22|55851.84|0.08|42|41571|41571|529
