16|MOZAMBIQUE|58|16|9502.15|0.02|58|34786|34786|761|761|19
23|UNITED KINGDOM|7|23|11592.72|0.02|7|24519|24519|761|761|19
11|IRAQ|5|11|13901.76|0.03|5|24519|24519|761|761|19
11|IRAQ|5|11|49402.2|0.01|5|24519|24519|761|761|19
8|INDIA|60|8|57565.92|0.04|60|24519|24519|761|761|19
8|INDIA|12|8|33705.54|0.05|12|24519|24519|761|761|19
9|INDONESIA|23|9|46426.6|0.02|23|24519|24519|761|761|19
18|CHINA|41|18|27409.4|0.03|41|24519|24519|761|761|19
8|INDIA|60|8|28234.36|0.04|60|25061|25061|761|761|19
17|PERU|59|17|3864.24|0.1|59|25061|25061|761|761|19
17|PERU|59|17|28632.66|0.06|59|25061|25061|761|761|19
16|MOZAMBIQUE|56|16|31625.66|0.0|56|25061|25061|761|761|19
2|BRAZIL|21|2|22185.52|0.06|21|25061|25061|761|761|19
16|MOZAMBIQUE|31|16|1489.58|0.05|31|25061|25061|761|761|19
16|MOZAMBIQUE|31|16|38859.34|0.01|31|25061|25061|761|761|19
23|UNITED KINGDOM|66|23|33671.58|0.09|66|47553|47553|761|761|19
14|KENYA|48|14|55274.4|0.02|48|47553|47553|761|761|19
4|EGYPT|38|4|60565.5|0.09|38|47553|47553|761|761|19
24|UNITED STATES|64|24|40419.12|0.07|64|47553|47553|761|761|19
0|ALGERIA|28|0|72568.44|0.09|28|13730|13730|761|761|19
14|KENYA|47|14|3727.02|0.06|47|14049|14049|761|761|19
16|MOZAMBIQUE|58|16|14415.4|0.07|58|14049|14049|761|761|19
8|INDIA|12|8|44898.75|0.0|12|14049|14049|761|761|19
17|PERU|8|17|23897.44|0.06|8|3234|3234|112|112|19
16|MOZAMBIQUE|73|16|68968.35|0.01|73|3234|3234|112|112|19
0|ALGERIA|28|0|17028.34|0.01|28|3234|3234|112|112|19
16|MOZAMBIQUE|31|16|36033.18|0.03|31|3234|3234|112|112|19
20|SAUDI ARABIA|74|20|93498.0|0.09|74|3234|3234|112|112|19
19|ROMANIA|52|19|24326.75|0.01|52|46305|46305|112|112|19
19|ROMANIA|17|19|16613.46|0.03|17|26917|26917|112|112|19
17|PERU|8|17|62942.88|0.09|8|29249|29249|112|112|19
4|EGYPT|67|4|28961.02|0.05|67|29249|29249|112|112|19
14|KENYA|76|14|9200.1|0.09|76|29249|29249|112|112|19
4|EGYPT|38|4|4733.01|0.0|38|29249|29249|112|112|19
16|MOZAMBIQUE|31|16|18140.0|0.08|31|29249|29249|112|112|19
5|ETHIOPIA|63|5|43292.7|0.03|63|29249|29249|112|112|19
18|CHINA|11|18|25033.69|0.01|11|41287|41287|154|154|19
21|VIETNAM|26|21|52768.76|0.0|26|41287|41287|154|154|19
8|INDIA|60|8|36517.0|0.02|60|12579|12579|154|154|19
21|VIETNAM|80|21|36589.0|0.03|80|43457|43457|154|154|19
16|MOZAMBIQUE|73|16|41354.01|0.02|73|43457|43457|154|154|19
15|MOROCCO|14|15|40411.21|0.03|14|43457|43457|154|154|19
7|GERMANY|53|7|10731.7|0.08|53|43457|43457|154|154|19
22|RUSSIA|40|22|34955.44|0.07|40|25792|25792|154|154|19
2|BRAZIL|21|2|48616.2|0.02|21|36199|36199|154|154|19
0|ALGERIA|28|0|39685.34|0.1|28|36199|36199|154|154|19
18|CHINA|75|18|42446.4|0.06|75|36199|36199|154|154|19
24|UNITED STATES|55|24|46051.17|0.02|55|30373|30373|154|154|19
8|INDIA|61|8|35381.07|0.1|61|30373|30373|154|154|19
21|VIETNAM|68|21|67251.03|0.05|68|30373|30373|154|154|19
23|UNITED KINGDOM|32|23|7452.95|0.0|32|30373|30373|154|154|19
18|CHINA|41|18|42670.08|0.06|41|30373|30373|154|154|19
16|MOZAMBIQUE|30|16|18899.8|0.08|30|30373|30373|154|154|19
21|VIETNAM|26|21|33076.4|0.08|26|6977|6977|782|782|19
9|INDONESIA|23|9|48040.43|0.07|23|6977|6977|782|782|19
2|BRAZIL|21|2|34036.5|0.05|21|6977|6977|782|782|19
7|GERMANY|53|7|35813.25|0.02|53|6977|6977|782|782|19
1|ARGENTINA|3|1|11370.24|0.09|3|6977|6977|782|782|19
7|GERMANY|44|7|46896.3|0.06|44|25701|25701|782|782|19
18|CHINA|72|18|57877.2|0.1|72|25701|25701|782|782|19
4|EGYPT|69|4|33300.3|0.02|69|25701|25701|782|782|19
24|UNITED STATES|46|24|38915.0|0.08|46|25701|25701|782|782|19
0|ALGERIA|28|0|15722.1|0.0|28|25701|25701|782|782|19
19|ROMANIA|52|19|1978.16|0.02|52|25701|25701|782|782|19
13|JORDAN|36|13|53338.08|0.0|36|32579|32579|782|782|19
17|PERU|8|17|51757.86|0.09|8|33348|33348|782|782|19
23|UNITED KINGDOM|66|23|55218.45|0.01|66|18754|18754|782|782|19
21|VIETNAM|35|21|42276.33|0.06|35|18754|18754|782|782|19
15|MOROCCO|14|15|56907.06|0.0|14|40964|40964|595|595|19
22|RUSSIA|16|22|29281.75|0.04|16|40964|40964|595|595|19
23|UNITED KINGDOM|66|23|2891.08|0.02|66|17891|17891|595|595|19
14|KENYA|47|14|30811.0|0.0|47|17891|17891|595|595|19
15|MOROCCO|4|15|23830.99|0.07|4|17891|17891|595|595|19
18|CHINA|41|18|52633.24|0.06|41|17891|17891|595|595|19
18|CHINA|11|18|62662.05|0.04|11|11271|11271|595|595|19
4|EGYPT|22|4|25027.5|0.09|22|11271|11271|595|595|19
7|GERMANY|77|7|28845.43|0.08|77|11271|11271|595|595|19
8|INDIA|60|8|2774.96|0.0|60|11271|11271|595|595|19
3|CANADA|13|3|27055.98|0.04|13|11271|11271|595|595|19
0|ALGERIA|24|0|63001.83|0.09|24|11271|11271|595|595|19
8|INDIA|12|8|25074.14|0.0|12|11271|11271|595|595|19
19|ROMANIA|62|19|51126.08|0.02|62|45155|45155|595|595|19
7|GERMANY|44|7|14331.48|0.06|44|45155|45155|595|595|19
6|FRANCE|70|6|36147.44|0.07|70|45155|45155|595|595|19
18|CHINA|75|18|36405.15|0.0|75|45155|45155|595|595|19
1|ARGENTINA|3|1|35410.85|0.03|3|45155|45155|595|595|19
16|MOZAMBIQUE|73|16|36998.12|0.08|73|18789|18789|595|595|19
4|EGYPT|69|4|46417.6|0.04|69|18789|18789|595|595|19
24|UNITED STATES|46|24|45040.64|0.02|46|18789|18789|595|595|19
14|KENYA|76|14|6547.14|0.0|76|18789|18789|595|595|19
18|CHINA|27|18|19477.28|0.07|27|18789|18789|595|595|19
16|MOZAMBIQUE|30|16|67800.48|0.03|30|18789|18789|595|595|19
16|MOZAMBIQUE|58|16|36367.9|0.1|58|45543|45543|485|485|19
22|RUSSIA|25|22|57833.23|0.06|25|45543|45543|485|485|19
16|MOZAMBIQUE|18|16|66011.5|0.06|18|45543|45543|485|485|19
4|EGYPT|22|4|26846.98|0.1|22|5825|5825|485|485|19
7|GERMANY|77|7|63680.98|0.03|77|32007|32007|485|485|19
9|INDONESIA|50|9|27786.24|0.01|50|32007|32007|485|485|19
8|INDIA|15|8|14751.52|0.03|15|20612|20612|485|485|19
3|CANADA|13|3|44328.0|0.04|13|20612|20612|485|485|19
16|MOZAMBIQUE|18|16|55679.85|0.1|18|20612|20612|485|485|19
3|CANADA|13|3|27889.8|0.09|13|513|513|485|485|19
16|MOZAMBIQUE|31|16|82498.68|0.01|31|513|513|485|485|19
22|RUSSIA|40|22|88547.06|0.09|40|46372|46372|485|485|19
18|CHINA|11|18|22118.55|0.05|11|46372|46372|485|485|19
16|MOZAMBIQUE|58|16|8449.2|0.05|58|46372|46372|485|485|19
1|ARGENTINA|29|1|19986.45|0.01|29|46372|46372|485|485|19
3|CANADA|20|3|45503.76|0.1|20|46372|46372|485|485|19
1|ARGENTINA|3|1|1436.53|0.02|3|46372|46372|485|485|19
14|KENYA|47|14|13066.3|0.0|47|24772|24772|560|560|19
18|CHINA|11|18|22311.61|0.02|11|42055|42055|560|560|19
7|GERMANY|44|7|84729.24|0.06|44|42055|42055|560|560|19
16|MOZAMBIQUE|30|16|51428.35|0.03|30|42055|42055|560|560|19
7|GERMANY|44|7|6755.42|0.0|44|2467|2467|274|274|19
22|RUSSIA|40|22|18453.63|0.02|40|20321|20321|274|274|19
21|VIETNAM|35|21|13469.31|0.01|35|20321|20321|274|274|19
15|MOROCCO|4|15|44116.54|0.06|4|20321|20321|274|274|19
16|MOZAMBIQUE|73|16|72391.5|0.07|73|21124|21124|274|274|19
14|KENYA|76|14|23705.28|0.06|76|21124|21124|274|274|19
12|JAPAN|43|12|30524.56|0.09|43|21124|21124|274|274|19
18|CHINA|41|18|72765.0|0.05|41|21124|21124|274|274|19
21|VIETNAM|35|21|14733.73|0.05|35|4006|4006|274|274|19
16|MOZAMBIQUE|56|16|20992.68|0.05|56|4006|4006|274|274|19
1|ARGENTINA|29|1|45222.5|0.0|29|4006|4006|274|274|19
18|CHINA|27|18|16292.7|0.01|27|4006|4006|274|274|19
10|IRAN|34|10|26786.43|0.05|34|43558|43558|274|274|19
2|BRAZIL|21|2|47535.12|0.04|21|43558|43558|274|274|19
23|UNITED KINGDOM|7|23|5874.24|0.08|7|20004|20004|274|274|19
14|KENYA|48|14|31155.54|0.03|48|20004|20004|274|274|19
22|RUSSIA|25|22|84830.3|0.01|25|20004|20004|274|274|19
1|ARGENTINA|29|1|49789.39|0.02|29|20004|20004|274|274|19
19|ROMANIA|17|19|39775.86|0.08|17|20004|20004|274|274|19
14|KENYA|79|14|58766.45|0.03|79|20867|20867|274|274|19
16|MOZAMBIQUE|30|16|24666.24|0.07|30|20867|20867|274|274|19
16|MOZAMBIQUE|73|16|46670.05|0.07|73|19363|19363|274|274|19
7|GERMANY|33|7|3757.05|0.01|33|19363|19363|274|274|19
4|EGYPT|69|4|3712.08|0.06|69|19363|19363|274|274|19
13|JORDAN|36|13|30876.12|0.0|36|19363|19363|274|274|19
15|MOROCCO|14|15|61815.36|0.08|14|19363|19363|274|274|19
0|ALGERIA|24|0|31311.8|0.0|24|19363|19363|274|274|19
12|JAPAN|43|12|52555.87|0.07|43|19363|19363|274|274|19
8|INDIA|61|8|22956.99|0.02|61|1671|1671|274|274|19
15|MOROCCO|14|15|20789.78|0.06|14|1671|1671|274|274|19
24|UNITED STATES|10|24|67692.22|0.08|10|1671|1671|274|274|19
12|JAPAN|54|12|10968.12|0.07|54|1671|1671|274|274|19
12|JAPAN|54|12|6602.05|0.0|54|1671|1671|274|274|19
24|UNITED STATES|49|24|6647.04|0.05|49|1671|1671|274|274|19
8|INDIA|61|8|32795.7|0.0|61|38432|38432|274|274|19
15|MOROCCO|4|15|8402.1|0.05|4|38432|38432|274|274|19
16|MOZAMBIQUE|31|16|47781.43|0.09|31|38432|38432|274|274|19
4|EGYPT|69|4|75273.13|0.07|69|21031|21031|274|274|19
14|KENYA|79|14|1972.16|0.02|79|21031|21031|274|274|19
8|INDIA|60|8|20469.92|0.06|60|35334|35334|274|274|19
23|UNITED KINGDOM|32|23|42956.2|0.08|32|35334|35334|274|274|19
14|KENYA|6|14|63105.08|0.0|6|21026|21026|692|692|19
16|MOZAMBIQUE|30|16|51615.2|0.1|30|21026|21026|692|692|19
17|PERU|57|17|37380.96|0.01|57|23878|23878|692|692|19
7|GERMANY|77|7|45003.47|0.03|77|36999|36999|692|692|19
7|GERMANY|44|7|44431.36|0.06|44|36999|36999|692|692|19
8|INDIA|60|8|19754.93|0.07|60|13317|13317|692|692|19
4|EGYPT|67|4|40985.12|0.06|67|13317|13317|692|692|19
7|GERMANY|77|7|56908.42|0.01|77|25188|25188|692|692|19
10|IRAN|9|10|40765.72|0.08|9|25188|25188|692|692|19
23|UNITED KINGDOM|32|23|65877.12|0.08|32|25188|25188|692|692|19
4|EGYPT|22|4|40286.08|0.1|22|40294|40294|692|692|19
17|PERU|59|17|16793.88|0.1|59|26050|26050|151|151|19
13|JORDAN|36|13|30830.12|0.02|36|26050|26050|151|151|19
8|INDIA|12|8|920.01|0.01|12|26050|26050|151|151|19
9|INDONESIA|45|9|19413.46|0.0|45|26050|26050|151|151|19
9|INDONESIA|23|9|12620.3|0.06|23|26050|26050|151|151|19
2|BRAZIL|21|2|13222.43|0.07|21|26050|26050|151|151|19
18|CHINA|75|18|39258.94|0.01|75|26050|26050|151|151|19
17|PERU|8|17|17784.38|0.01|8|33312|33312|151|151|19
23|UNITED KINGDOM|7|23|48507.84|0.03|7|33312|33312|151|151|19
0|ALGERIA|24|0|39002.58|0.09|24|33312|33312|151|151|19
0|ALGERIA|28|0|41354.54|0.03|28|33312|33312|151|151|19
9|INDONESIA|23|9|65086.78|0.0|23|34468|34468|151|151|19
14|KENYA|47|14|48557.11|0.0|47|13637|13637|151|151|19
18|CHINA|75|18|16957.2|0.1|75|7495|7495|151|151|19
20|SAUDI ARABIA|74|20|65681.07|0.01|74|22981|22981|151|151|19
8|INDIA|60|8|52376.0|0.01|60|32003|32003|1079|1079|19
8|INDIA|60|8|46837.56|0.06|60|32003|32003|1079|1079|19
14|KENYA|48|14|18587.58|0.1|48|32003|32003|1079|1079|19
4|EGYPT|67|4|34260.34|0.09|67|32003|32003|1079|1079|19
24|UNITED STATES|64|24|2732.92|0.05|64|32003|32003|1079|1079|19
5|ETHIOPIA|63|5|28607.26|0.05|63|22983|22983|1079|1079|19
21|VIETNAM|26|21|3788.16|0.07|26|2529|2529|1079|1079|19
19|ROMANIA|62|19|21097.5|0.01|62|29696|29696|1079|1079|19
24|UNITED STATES|19|24|45168.8|0.09|19|29696|29696|1079|1079|19
7|GERMANY|77|7|27148.64|0.0|77|38787|38787|1079|1079|19
8|INDIA|60|8|64832.88|0.1|60|38787|38787|1079|1079|19
14|KENYA|48|14|44652.72|0.02|48|38787|38787|1079|1079|19
16|MOZAMBIQUE|31|16|28210.2|0.09|31|38787|38787|1079|1079|19
16|MOZAMBIQUE|31|16|34588.62|0.08|31|38787|38787|1079|1079|19
0|ALGERIA|37|0|3336.63|0.03|37|41155|41155|1058|1058|19
4|EGYPT|69|4|9600.29|0.09|69|41155|41155|1058|1058|19
19|ROMANIA|17|19|40556.21|0.09|17|41155|41155|1058|1058|19
18|CHINA|41|18|2386.58|0.05|41|41155|41155|1058|1058|19
23|UNITED KINGDOM|66|23|40760.46|0.05|66|42082|42082|1058|1058|19
7|GERMANY|77|7|35034.86|0.09|77|42082|42082|1058|1058|19
18|CHINA|11|18|57092.09|0.1|11|42082|42082|1058|1058|19
1|ARGENTINA|29|1|35177.8|0.07|29|42082|42082|1058|1058|19
1|ARGENTINA|29|1|46030.16|0.07|29|42082|42082|1058|1058|19
7|GERMANY|53|7|43805.41|0.07|53|42082|42082|1058|1058|19
9|INDONESIA|50|9|45500.0|0.07|50|16323|16323|1058|1058|19
3|CANADA|13|3|62381.88|0.03|13|16323|16323|1058|1058|19
23|UNITED KINGDOM|32|23|52543.04|0.01|32|16323|16323|1058|1058|19
22|RUSSIA|16|22|79572.0|0.07|16|16323|16323|1058|1058|19
17|PERU|59|17|55708.5|0.06|59|18948|18948|1078|1078|19
22|RUSSIA|25|22|2738.92|0.04|25|18948|18948|1078|1078|19
3|CANADA|13|3|41519.8|0.0|13|18948|18948|1078|1078|19
5|ETHIOPIA|78|5|27510.3|0.09|78|18948|18948|1078|1078|19
5|ETHIOPIA|63|5|24866.8|0.01|63|18948|18948|1078|1078|19
21|VIETNAM|80|21|36855.33|0.09|80|9313|9313|1078|1078|19
24|UNITED STATES|55|24|21825.98|0.05|55|9313|9313|1078|1078|19
6|FRANCE|70|6|79954.77|0.01|70|9313|9313|1078|1078|19
10|IRAN|9|10|50135.78|0.01|9|9313|9313|1078|1078|19
4|EGYPT|38|4|22680.16|0.1|38|9313|9313|1078|1078|19
19|ROMANIA|52|19|31353.12|0.01|52|9313|9313|1078|1078|19
21|VIETNAM|35|21|66575.97|0.04|35|21219|21219|1078|1078|19
3|CANADA|13|3|48958.44|0.06|13|21219|21219|1078|1078|19
23|UNITED KINGDOM|32|23|8012.58|0.03|32|21219|21219|1078|1078|19
23|UNITED KINGDOM|32|23|6168.72|0.04|32|21219|21219|1078|1078|19
24|UNITED STATES|64|24|12593.5|0.02|64|21219|21219|1078|1078|19
1|ARGENTINA|3|1|42670.25|0.07|3|21219|21219|1078|1078|19
4|EGYPT|67|4|31589.81|0.01|67|42050|42050|1078|1078|19
16|MOZAMBIQUE|58|16|16693.71|0.02|58|28323|28323|1078|1078|19
22|RUSSIA|65|22|30693.6|0.09|65|28323|28323|1078|1078|19
18|CHINA|27|18|75889.8|0.02|27|28323|28323|1078|1078|19
8|INDIA|61|8|27860.13|0.05|61|9955|9955|808|808|19
21|VIETNAM|26|21|25282.6|0.05|26|9955|9955|808|808|19
4|EGYPT|69|4|61007.1|0.01|69|9955|9955|808|808|19
14|KENYA|47|14|11892.78|0.01|47|9955|9955|808|808|19
10|IRAN|34|10|16938.3|0.0|34|9955|9955|808|808|19
24|UNITED STATES|10|24|34165.44|0.09|10|9955|9955|808|808|19
5|ETHIOPIA|2|5|26362.38|0.0|2|43459|43459|808|808|19
16|MOZAMBIQUE|73|16|77217.6|0.1|73|23525|23525|808|808|19
10|IRAN|9|10|75399.2|0.04|9|18689|18689|808|808|19
9|INDONESIA|23|9|32270.7|0.03|23|18689|18689|808|808|19
19|ROMANIA|17|19|44546.26|0.07|17|18689|18689|808|808|19
21|VIETNAM|26|21|43384.15|0.0|26|12035|12035|808|808|19
4|EGYPT|38|4|33220.38|0.06|38|12035|12035|808|808|19
20|SAUDI ARABIA|74|20|37105.25|0.08|74|12035|12035|808|808|19
5|ETHIOPIA|2|5|9670.36|0.04|2|12035|12035|808|808|19
24|UNITED STATES|55|24|60365.0|0.03|55|930|930|1048|1048|19
8|INDIA|60|8|10581.5|0.0|60|930|930|1048|1048|19
12|JAPAN|43|12|48839.11|0.08|43|930|930|1048|1048|19
12|JAPAN|43|12|36939.9|0.07|43|930|930|1048|1048|19
0|ALGERIA|28|0|35674.59|0.06|28|930|930|1048|1048|19
17|PERU|1|17|63706.15|0.09|1|33028|33028|1048|1048|19
8|INDIA|60|8|37304.46|0.04|60|33028|33028|1048|1048|19
14|KENYA|79|14|52536.33|0.08|79|33028|33028|1048|1048|19
15|MOROCCO|4|15|18560.4|0.09|4|33028|33028|1048|1048|19
16|MOZAMBIQUE|73|16|12838.14|0.05|73|8003|8003|1048|1048|19
18|CHINA|72|18|15226.11|0.07|72|8003|8003|1048|1048|19
9|INDONESIA|50|9|58822.4|0.03|50|8003|8003|1048|1048|19
6|FRANCE|70|6|37314.75|0.02|70|8003|8003|1048|1048|19
5|ETHIOPIA|78|5|30560.88|0.1|78|8003|8003|1048|1048|19
14|KENYA|76|14|65937.96|0.1|76|8003|8003|1048|1048|19
22|RUSSIA|65|22|25847.8|0.07|65|8003|8003|1048|1048|19
1|ARGENTINA|71|1|22019.76|0.05|71|19522|19522|1048|1048|19
10|IRAN|9|10|49621.7|0.09|9|41280|41280|1048|1048|19
0|ALGERIA|28|0|22686.3|0.04|28|41280|41280|1048|1048|19
4|EGYPT|22|4|25226.6|0.07|22|47302|47302|1048|1048|19
18|CHINA|11|18|27399.67|0.05|11|47302|47302|1048|1048|19
8|INDIA|61|8|52136.28|0.06|61|47302|47302|1048|1048|19
0|ALGERIA|28|0|65629.96|0.03|28|47302|47302|1048|1048|19
21|VIETNAM|80|21|11090.97|0.04|80|20866|20866|1148|1148|19
1|ARGENTINA|29|1|59959.35|0.02|29|20866|20866|1148|1148|19
24|UNITED STATES|64|24|67846.38|0.04|64|20866|20866|1148|1148|19
22|RUSSIA|42|22|42515.57|0.1|42|20866|20866|1148|1148|19
5|ETHIOPIA|2|5|20073.24|0.01|2|20866|20866|1148|1148|19
21|VIETNAM|80|21|12707.75|0.04|80|21734|21734|1154|1154|19
18|CHINA|11|18|7483.88|0.03|11|21734|21734|1154|1154|19
13|JORDAN|36|13|4785.25|0.03|36|21734|21734|1154|1154|19
5|ETHIOPIA|2|5|54868.8|0.01|2|21734|21734|1154|1154|19
11|IRAQ|5|11|72456.56|0.06|5|31236|31236|1154|1154|19
21|VIETNAM|35|21|15159.92|0.02|35|31236|31236|1154|1154|19
17|PERU|57|17|12438.09|0.08|57|31236|31236|1154|1154|19
21|VIETNAM|35|21|42747.87|0.02|35|31236|31236|1154|1154|19
18|CHINA|72|18|59959.35|0.01|72|8391|8391|43|43|19
0|ALGERIA|28|0|44526.3|0.0|28|8391|8391|43|43|19
4|EGYPT|38|4|2871.15|0.06|38|8391|8391|43|43|19
22|RUSSIA|42|22|9820.8|0.08|42|8391|8391|43|43|19
16|MOZAMBIQUE|31|16|56132.2|0.01|31|8391|8391|43|43|19
19|ROMANIA|52|19|15537.12|0.08|52|8391|8391|43|43|19
16|MOZAMBIQUE|73|16|5155.65|0.07|73|25349|25349|43|43|19
14|KENYA|48|14|5030.5|0.05|48|25349|25349|43|43|19
17|PERU|57|17|50361.12|0.07|57|25349|25349|43|43|19
17|PERU|1|17|40951.68|0.03|1|4390|4390|43|43|19
24|UNITED STATES|46|24|38892.35|0.07|46|4390|4390|43|43|19
16|MOZAMBIQUE|18|16|71727.6|0.05|18|4390|4390|43|43|19
22|RUSSIA|65|22|53688.64|0.07|65|4390|4390|43|43|19
17|PERU|59|17|56188.57|0.0|59|21959|21959|43|43|19
15|MOROCCO|4|15|14003.21|0.07|4|21959|21959|43|43|19
14|KENYA|76|14|40112.1|0.09|76|21959|21959|43|43|19
16|MOZAMBIQUE|31|16|42526.08|0.1|31|21959|21959|43|43|19
7|GERMANY|53|7|49934.82|0.05|53|21959|21959|43|43|19
23|UNITED KINGDOM|7|23|34536.4|0.1|7|35584|35584|43|43|19
22|RUSSIA|40|22|62244.22|0.0|40|35584|35584|43|43|19
7|GERMANY|77|7|993.09|0.06|77|35584|35584|43|43|19
15|MOROCCO|14|15|18532.58|0.07|14|14503|14503|538|538|19
9|INDONESIA|23|9|42768.74|0.06|23|14503|14503|538|538|19
4|EGYPT|67|4|60922.68|0.06|67|14503|14503|538|538|19
1|ARGENTINA|3|1|45468.3|0.05|3|14503|14503|538|538|19
14|KENYA|6|14|41850.9|0.02|6|25286|25286|538|538|19
14|KENYA|48|14|36074.01|0.0|48|25286|25286|538|538|19
5|ETHIOPIA|63|5|44008.0|0.08|63|25286|25286|538|538|19
19|ROMANIA|62|19|59501.19|0.04|62|18114|18114|538|538|19
4|EGYPT|38|4|1835.93|0.0|38|18114|18114|538|538|19
8|INDIA|15|8|7499.88|0.07|15|46113|46113|538|538|19
22|RUSSIA|25|22|2046.24|0.09|25|46113|46113|538|538|19
9|INDONESIA|23|9|56556.96|0.06|23|46113|46113|538|538|19
5|ETHIOPIA|78|5|30657.35|0.1|78|46113|46113|538|538|19
24|UNITED STATES|49|24|17120.7|0.1|49|46113|46113|538|538|19
9|INDONESIA|51|9|60250.26|0.04|51|15302|15302|538|538|19
14|KENYA|47|14|18995.4|0.03|47|15302|15302|538|538|19
1|ARGENTINA|29|1|73078.0|0.03|29|15302|15302|538|538|19
7|GERMANY|53|7|31309.88|0.06|53|15302|15302|538|538|19
9|INDONESIA|51|9|10938.62|0.06|51|33376|33376|538|538|19
24|UNITED STATES|55|24|49543.11|0.1|55|12421|12421|538|538|19
18|CHINA|72|18|44134.32|0.0|72|12421|12421|538|538|19
0|ALGERIA|24|0|40636.72|0.04|24|12421|12421|538|538|19
24|UNITED STATES|49|24|6042.6|0.09|49|12421|12421|538|538|19
18|CHINA|75|18|41966.51|0.05|75|12421|12421|538|538|19
16|MOZAMBIQUE|30|16|56089.2|0.07|30|12421|12421|538|538|19
24|UNITED STATES|55|24|54588.14|0.02|55|14247|14247|538|538|19
7|GERMANY|33|7|7514.1|0.03|33|14247|14247|538|538|19
8|INDIA|61|8|21850.14|0.02|61|14247|14247|538|538|19
8|INDIA|61|8|36347.43|0.06|61|14247|14247|538|538|19
16|MOZAMBIQUE|58|16|22006.75|0.0|58|14247|14247|538|538|19
8|INDIA|39|8|20560.47|0.04|39|14247|14247|538|538|19
16|MOZAMBIQUE|31|16|50907.12|0.02|31|14247|14247|538|538|19
17|PERU|59|17|51024.0|0.03|59|5799|5799|208|208|19
4|EGYPT|38|4|67967.75|0.04|38|5799|5799|208|208|19
24|UNITED STATES|55|24|21474.18|0.08|55|608|608|208|208|19
16|MOZAMBIQUE|58|16|59222.8|0.03|58|608|608|208|208|19
19|ROMANIA|62|19|31134.18|0.02|62|36001|36001|208|208|19
4|EGYPT|22|4|48892.54|0.0|22|36001|36001|208|208|19
6|FRANCE|70|6|10384.44|0.02|70|36001|36001|208|208|19
14|KENYA|48|14|62370.72|0.02|48|36001|36001|208|208|19
4|EGYPT|69|4|2928.21|0.06|69|36001|36001|208|208|19
4|EGYPT|67|4|34267.2|0.04|67|36001|36001|208|208|19
5|ETHIOPIA|63|5|28055.5|0.01|63|36001|36001|208|208|19
15|MOROCCO|4|15|56845.68|0.02|4|42052|42052|208|208|19
14|KENYA|76|14|30553.32|0.1|76|42052|42052|208|208|19
23|UNITED KINGDOM|32|23|1414.51|0.08|32|42052|42052|208|208|19
5|ETHIOPIA|63|5|54736.5|0.1|63|42052|42052|208|208|19
7|GERMANY|77|7|41930.46|0.0|77|17314|17314|208|208|19
24|UNITED STATES|46|24|15248.8|0.1|46|17314|17314|208|208|19
17|PERU|1|17|41282.58|0.08|1|42689|42689|317|317|19
22|RUSSIA|25|22|4297.59|0.03|25|3399|3399|976|976|19
16|MOZAMBIQUE|18|16|27217.96|0.09|18|3399|3399|976|976|19
4|EGYPT|38|4|10699.44|0.01|38|3399|3399|976|976|19
16|MOZAMBIQUE|31|16|21212.31|0.09|31|3399|3399|976|976|19
21|VIETNAM|80|21|37395.38|0.03|80|33952|33952|976|976|19
19|ROMANIA|52|19|32195.2|0.08|52|33952|33952|976|976|19
23|UNITED KINGDOM|7|23|20941.8|0.06|7|22628|22628|976|976|19
24|UNITED STATES|49|24|37039.5|0.07|49|22628|22628|976|976|19
16|MOZAMBIQUE|31|16|20200.04|0.1|31|22628|22628|976|976|19
16|MOZAMBIQUE|31|16|41184.54|0.1|31|22628|22628|976|976|19
9|INDONESIA|23|9|46464.6|0.07|23|38919|38919|976|976|19
22|RUSSIA|16|22|25972.32|0.01|16|38919|38919|976|976|19
7|GERMANY|77|7|43543.17|0.05|77|18593|18593|976|976|19
4|EGYPT|22|4|81895.95|0.0|22|18593|18593|976|976|19
13|JORDAN|36|13|35233.17|0.08|36|18593|18593|976|976|19
3|CANADA|13|3|14343.12|0.1|13|18593|18593|976|976|19
14|KENYA|79|14|50525.37|0.01|79|18593|18593|976|976|19
16|MOZAMBIQUE|18|16|67188.67|0.06|18|18593|18593|976|976|19
24|UNITED STATES|64|24|38750.91|0.07|64|21921|21921|832|832|19
16|MOZAMBIQUE|73|16|18544.76|0.01|73|47809|47809|832|832|19
7|GERMANY|77|7|11652.4|0.03|77|47809|47809|832|832|19
17|PERU|59|17|65629.96|0.0|59|47809|47809|832|832|19
14|KENYA|79|14|45477.2|0.09|79|47809|47809|832|832|19
8|INDIA|12|8|7435.98|0.1|12|47809|47809|832|832|19
8|INDIA|12|8|29071.24|0.05|12|47809|47809|832|832|19
22|RUSSIA|16|22|8865.42|0.05|16|47809|47809|832|832|19
7|GERMANY|44|7|39840.02|0.06|44|13120|13120|832|832|19
14|KENYA|6|14|36255.6|0.09|6|8160|8160|436|436|19
13|JORDAN|36|13|83584.2|0.09|36|8160|8160|436|436|19
24|UNITED STATES|49|24|50155.0|0.09|49|8160|8160|436|436|19
17|PERU|1|17|30001.2|0.1|1|22950|22950|436|436|19
18|CHINA|11|18|6421.02|0.05|11|22950|22950|436|436|19
24|UNITED STATES|64|24|53369.94|0.05|64|22950|22950|436|436|19
17|PERU|1|17|55500.0|0.08|1|24578|24578|436|436|19
8|INDIA|61|8|13800.3|0.03|61|21379|21379|436|436|19
8|INDIA|61|8|36130.64|0.05|61|21379|21379|436|436|19
8|INDIA|60|8|54855.46|0.0|60|21379|21379|436|436|19
18|CHINA|75|18|54781.46|0.02|75|21379|21379|436|436|19
22|RUSSIA|40|22|67753.81|0.02|40|22304|22304|436|436|19
8|INDIA|15|8|34571.51|0.07|15|22304|22304|436|436|19
14|KENYA|79|14|54834.66|0.02|79|22304|22304|436|436|19
2|BRAZIL|21|2|26685.98|0.0|21|22304|22304|436|436|19
16|MOZAMBIQUE|30|16|23281.44|0.03|30|22304|22304|436|436|19
19|ROMANIA|62|19|81045.36|0.03|62|9700|9700|436|436|19
18|CHINA|72|18|67523.4|0.04|72|9700|9700|436|436|19
4|EGYPT|67|4|46376.4|0.06|67|9700|9700|436|436|19
15|MOROCCO|4|15|13208.04|0.01|4|9700|9700|436|436|19
15|MOROCCO|4|15|55300.28|0.08|4|9700|9700|436|436|19
22|RUSSIA|42|22|52414.87|0.1|42|9700|9700|436|436|19
24|UNITED STATES|64|24|32864.96|0.01|64|38786|38786|436|436|19
19|ROMANIA|52|19|19588.25|0.07|52|38786|38786|436|436|19
7|GERMANY|44|7|17659.44|0.03|44|21445|21445|706|706|19
24|UNITED STATES|55|24|65157.6|0.05|55|21445|21445|706|706|19
24|UNITED STATES|55|24|41097.32|0.07|55|21445|21445|706|706|19
5|ETHIOPIA|78|5|10739.52|0.09|78|21445|21445|706|706|19
8|INDIA|61|8|1019.11|0.01|61|34947|34947|706|706|19
14|KENYA|47|14|57234.84|0.03|47|34947|34947|706|706|19
10|IRAN|34|10|12613.6|0.09|34|34947|34947|706|706|19
16|MOZAMBIQUE|18|16|53996.84|0.1|18|34947|34947|706|706|19
18|CHINA|27|18|43517.84|0.06|27|34947|34947|706|706|19
5|ETHIOPIA|63|5|72127.0|0.04|63|34947|34947|706|706|19
1|ARGENTINA|3|1|59598.0|0.05|3|34947|34947|706|706|19
7|GERMANY|33|7|54014.28|0.03|33|11590|11590|706|706|19
10|IRAN|9|10|39485.46|0.01|9|11590|11590|706|706|19
0|ALGERIA|37|0|92168.02|0.01|37|11590|11590|706|706|19
22|RUSSIA|25|22|39732.86|0.01|25|11590|11590|706|706|19
8|INDIA|12|8|32407.83|0.06|12|11590|11590|706|706|19
23|UNITED KINGDOM|7|23|64181.37|0.08|7|42021|42021|706|706|19
17|PERU|57|17|46117.17|0.1|57|42021|42021|706|706|19
18|CHINA|75|18|71096.86|0.0|75|42021|42021|706|706|19
24|UNITED STATES|64|24|43166.8|0.04|64|42021|42021|706|706|19
7|GERMANY|33|7|47779.3|0.09|33|43495|43495|706|706|19
21|VIETNAM|26|21|25988.16|0.07|26|27361|27361|715|715|19
14|KENYA|76|14|8184.82|0.02|76|4707|4707|715|715|19
23|UNITED KINGDOM|32|23|48317.92|0.0|32|4707|4707|715|715|19
16|MOZAMBIQUE|73|16|7272.75|0.05|73|29952|29952|715|715|19
8|INDIA|61|8|51064.94|0.06|61|29952|29952|715|715|19
9|INDONESIA|45|9|39443.47|0.02|45|29952|29952|715|715|19
18|CHINA|41|18|42745.36|0.04|41|29952|29952|715|715|19
10|IRAN|9|10|24935.79|0.03|9|37667|37667|611|611|19
16|MOZAMBIQUE|58|16|10098.11|0.05|58|37667|37667|611|611|19
2|BRAZIL|21|2|1201.3|0.07|21|37667|37667|611|611|19
4|EGYPT|38|4|42549.54|0.05|38|37667|37667|611|611|19
22|RUSSIA|42|22|58364.32|0.05|42|37667|37667|611|611|19
8|INDIA|61|8|8961.76|0.09|61|8806|8806|611|611|19
3|CANADA|13|3|46498.75|0.06|13|8806|8806|611|611|19
15|MOROCCO|4|15|58959.36|0.03|4|8806|8806|611|611|19
5|ETHIOPIA|63|5|46305.0|0.04|63|8806|8806|611|611|19
14|KENYA|48|14|46733.31|0.1|48|1414|1414|611|611|19
7|GERMANY|53|7|7011.4|0.02|53|1414|1414|611|611|19
24|UNITED STATES|49|24|18735.52|0.0|49|6912|6912|611|611|19
8|INDIA|12|8|12168.39|0.04|12|20259|20259|611|611|19
10|IRAN|34|10|72077.0|0.04|34|20259|20259|611|611|19
4|EGYPT|22|4|47201.7|0.04|22|17958|17958|611|611|19
14|KENYA|79|14|60464.4|0.02|79|17958|17958|611|611|19
21|VIETNAM|68|21|9239.7|0.0|68|17958|17958|611|611|19
23|UNITED KINGDOM|32|23|15304.51|0.1|32|17958|17958|611|611|19
12|JAPAN|43|12|60652.08|0.07|43|17958|17958|611|611|19
19|ROMANIA|62|19|35014.08|0.01|62|34052|34052|611|611|19
18|CHINA|11|18|4953.32|0.07|11|34052|34052|611|611|19
8|INDIA|39|8|9472.02|0.03|39|34052|34052|611|611|19
16|MOZAMBIQUE|31|16|10481.4|0.1|31|34052|34052|611|611|19
1|ARGENTINA|3|1|41188.77|0.05|3|34052|34052|611|611|19
23|UNITED KINGDOM|7|23|45894.33|0.01|7|33476|33476|941|941|19
17|PERU|1|17|63124.83|0.01|1|33476|33476|941|941|19
17|PERU|57|17|59966.64|0.03|57|33476|33476|941|941|19
16|MOZAMBIQUE|31|16|61949.52|0.02|31|33476|33476|941|941|19
24|UNITED STATES|46|24|23738.99|0.01|46|15814|15814|941|941|19
4|EGYPT|67|4|24462.0|0.08|67|15814|15814|941|941|19
22|RUSSIA|65|22|20702.88|0.09|65|15814|15814|941|941|19
16|MOZAMBIQUE|30|16|49492.2|0.02|30|15814|15814|941|941|19
4|EGYPT|69|4|47846.4|0.04|69|47072|47072|941|941|19
23|UNITED KINGDOM|66|23|22423.8|0.03|66|26433|26433|941|941|19
21|VIETNAM|35|21|36063.5|0.04|35|26433|26433|941|941|19
0|ALGERIA|24|0|27928.74|0.06|24|26433|26433|941|941|19
8|INDIA|12|8|14393.6|0.09|12|26433|26433|941|941|19
4|EGYPT|38|4|29372.94|0.04|38|26433|26433|941|941|19
20|SAUDI ARABIA|74|20|12613.5|0.01|74|26433|26433|941|941|19
17|PERU|8|17|21165.32|0.04|8|44451|44451|941|941|19
17|PERU|57|17|54390.75|0.09|57|44451|44451|941|941|19
9|INDONESIA|23|9|58621.02|0.1|23|44451|44451|941|941|19
18|CHINA|41|18|59193.45|0.05|41|44451|44451|941|941|19
19|ROMANIA|52|19|74899.12|0.01|52|44451|44451|941|941|19
20|SAUDI ARABIA|74|20|55663.74|0.1|74|44451|44451|941|941|19
17|PERU|8|17|5981.45|0.09|8|45223|45223|941|941|19
14|KENYA|6|14|77661.9|0.0|6|45223|45223|941|941|19
23|UNITED KINGDOM|66|23|1020.11|0.09|66|45223|45223|941|941|19
8|INDIA|60|8|6812.3|0.07|60|45223|45223|941|941|19
14|KENYA|47|14|35713.0|0.01|47|45223|45223|941|941|19
2|BRAZIL|21|2|16627.6|0.03|21|45223|45223|941|941|19
4|EGYPT|38|4|19117.41|0.05|38|45223|45223|941|941|19
17|PERU|8|17|35435.07|0.05|8|25732|25732|149|149|19
4|EGYPT|22|4|49137.57|0.09|22|25732|25732|149|149|19
21|VIETNAM|26|21|17222.87|0.02|26|25732|25732|149|149|19
14|KENYA|47|14|69374.0|0.08|47|25732|25732|149|149|19
17|PERU|57|17|17286.36|0.03|57|25732|25732|149|149|19
1|ARGENTINA|29|1|9830.8|0.07|29|25732|25732|149|149|19
16|MOZAMBIQUE|31|16|25728.0|0.1|31|25732|25732|149|149|19
22|RUSSIA|40|22|9325.17|0.1|40|16033|16033|149|149|19
22|RUSSIA|25|22|27279.75|0.01|25|16033|16033|149|149|19
3|CANADA|13|3|30308.04|0.1|13|16033|16033|149|149|19
9|INDONESIA|23|9|38288.88|0.09|23|16033|16033|149|149|19
24|UNITED STATES|10|24|13194.1|0.06|10|16033|16033|149|149|19
19|ROMANIA|17|19|2566.76|0.01|17|16033|16033|149|149|19
23|UNITED KINGDOM|7|23|48093.34|0.03|7|24165|24165|149|149|19
17|PERU|1|17|8381.03|0.05|1|24165|24165|149|149|19
23|UNITED KINGDOM|32|23|71174.95|0.03|32|24165|24165|149|149|19
11|IRAQ|5|11|7259.91|0.09|5|35586|35586|149|149|19
23|UNITED KINGDOM|66|23|27580.0|0.07|66|35586|35586|149|149|19
4|EGYPT|69|4|2012.2|0.03|69|35586|35586|149|149|19
8|INDIA|39|8|60615.5|0.04|39|35586|35586|149|149|19
24|UNITED STATES|64|24|42360.26|0.0|64|35586|35586|149|149|19
19|ROMANIA|52|19|48904.2|0.05|52|35586|35586|149|149|19
17|PERU|8|17|9999.64|0.06|8|5669|5669|589|589|19
16|MOZAMBIQUE|73|16|2296.48|0.06|73|5669|5669|589|589|19
16|MOZAMBIQUE|18|16|30573.3|0.07|18|5669|5669|589|589|19
18|CHINA|75|18|50056.01|0.04|75|5669|5669|589|589|19
5|ETHIOPIA|63|5|46530.4|0.0|63|5669|5669|589|589|19
7|GERMANY|77|7|17965.62|0.06|77|2951|2951|589|589|19
16|MOZAMBIQUE|58|16|4585.05|0.03|58|2951|2951|589|589|19
24|UNITED STATES|46|24|31049.97|0.06|46|2951|2951|589|589|19
15|MOROCCO|4|15|55619.2|0.02|4|2951|2951|589|589|19
7|GERMANY|53|7|19536.0|0.07|53|2951|2951|589|589|19
5|ETHIOPIA|2|5|23737.92|0.07|2|2951|2951|589|589|19
19|ROMANIA|62|19|44007.25|0.02|62|38309|38309|589|589|19
7|GERMANY|33|7|36171.41|0.1|33|38309|38309|589|589|19
8|INDIA|60|8|3679.86|0.04|60|38309|38309|589|589|19
10|IRAN|9|10|24567.68|0.02|9|38309|38309|589|589|19
21|VIETNAM|26|21|37884.0|0.08|26|38309|38309|589|589|19
24|UNITED STATES|64|24|39029.58|0.09|64|38309|38309|589|589|19
19|ROMANIA|52|19|45239.88|0.02|52|38309|38309|589|589|19
21|VIETNAM|80|21|18378.47|0.0|80|6276|6276|589|589|19
24|UNITED STATES|10|24|6146.6|0.08|10|6276|6276|589|589|19
22|RUSSIA|65|22|43049.5|0.01|65|6276|6276|589|589|19
14|KENYA|76|14|67368.0|0.1|76|6276|6276|589|589|19
5|ETHIOPIA|2|5|32044.8|0.02|2|6276|6276|589|589|19
23|UNITED KINGDOM|7|23|23605.38|0.02|7|19654|19654|589|589|19
11|IRAQ|5|11|27597.24|0.03|5|19654|19654|589|589|19
14|KENYA|48|14|10515.28|0.07|48|19654|19654|589|589|19
16|MOZAMBIQUE|18|16|66604.2|0.03|18|19654|19654|589|589|19
4|EGYPT|38|4|37319.2|0.01|38|19654|19654|589|589|19
11|IRAQ|5|11|14084.18|0.03|5|20034|20034|424|424|19
19|ROMANIA|17|19|91971.53|0.06|17|20034|20034|424|424|19
0|ALGERIA|37|0|28657.2|0.01|37|23169|23169|424|424|19
14|KENYA|47|14|59772.57|0.04|47|23169|23169|424|424|19
8|INDIA|12|8|23785.56|0.09|12|23169|23169|424|424|19
22|RUSSIA|16|22|30322.76|0.05|16|23169|23169|424|424|19
7|GERMANY|53|7|55415.22|0.02|53|23169|23169|424|424|19
23|UNITED KINGDOM|7|23|47390.76|0.01|7|39041|39041|424|424|19
7|GERMANY|44|7|48225.15|0.09|44|39041|39041|424|424|19
24|UNITED STATES|55|24|20490.1|0.1|55|39041|39041|424|424|19
14|KENYA|47|14|38966.25|0.01|47|39041|39041|424|424|19
16|MOZAMBIQUE|56|16|37877.4|0.01|56|39041|39041|424|424|19
16|MOZAMBIQUE|30|16|68705.14|0.04|30|39041|39041|424|424|19
9|INDONESIA|50|9|19686.47|0.06|50|15936|15936|424|424|19
22|RUSSIA|25|22|28950.8|0.08|25|15936|15936|424|424|19
0|ALGERIA|24|0|3912.28|0.0|24|15936|15936|424|424|19
23|UNITED KINGDOM|32|23|45423.51|0.09|32|15936|15936|424|424|19
7|GERMANY|53|7|28879.2|0.1|53|15936|15936|424|424|19
22|RUSSIA|42|22|42453.98|0.1|42|15936|15936|424|424|19
17|PERU|59|17|53225.61|0.09|59|20897|20897|424|424|19
17|PERU|59|17|66774.84|0.05|59|20897|20897|424|424|19
17|PERU|8|17|48569.68|0.04|8|29600|29600|424|424|19
14|KENYA|6|14|1426.52|0.1|6|29600|29600|424|424|19
17|PERU|57|17|997.09|0.09|57|29600|29600|424|424|19
12|JAPAN|54|12|23895.96|0.04|54|29600|29600|424|424|19
7|GERMANY|33|7|29192.1|0.08|33|199|199|424|424|19
0|ALGERIA|37|0|47902.5|0.02|37|199|199|424|424|19
23|UNITED KINGDOM|7|23|57156.84|0.0|7|34433|34433|401|401|19
16|MOZAMBIQUE|73|16|28292.68|0.08|73|34433|34433|401|401|19
16|MOZAMBIQUE|18|16|38387.58|0.02|18|39617|39617|401|401|19
2|BRAZIL|21|2|23128.89|0.04|21|39617|39617|401|401|19
19|ROMANIA|17|19|81486.0|0.02|17|39617|39617|401|401|19
7|GERMANY|53|7|57844.05|0.09|53|39617|39617|401|401|19
9|INDONESIA|45|9|51278.72|0.01|45|3975|3975|940|940|19
21|VIETNAM|80|21|48464.06|0.05|80|8419|8419|940|940|19
8|INDIA|60|8|54178.52|0.01|60|8419|8419|940|940|19
8|INDIA|15|8|50411.46|0.07|15|8419|8419|940|940|19
13|JORDAN|36|13|89470.08|0.04|36|8419|8419|940|940|19
9|INDONESIA|23|9|18880.8|0.07|23|8419|8419|940|940|19
16|MOZAMBIQUE|18|16|42009.63|0.02|18|8419|8419|940|940|19
16|MOZAMBIQUE|31|16|2036.22|0.07|31|8419|8419|940|940|19
7|GERMANY|77|7|37630.95|0.03|77|11106|11106|940|940|19
1|ARGENTINA|3|1|9900.8|0.05|3|11106|11106|940|940|19
17|PERU|1|17|11054.88|0.08|1|36707|36707|940|940|19
9|INDONESIA|51|9|12586.64|0.07|51|36707|36707|940|940|19
11|IRAQ|5|11|8962.66|0.02|5|17376|17376|940|940|19
24|UNITED STATES|55|24|44267.1|0.02|55|17376|17376|940|940|19
7|GERMANY|33|7|11261.82|0.0|33|17376|17376|940|940|19
1|ARGENTINA|71|1|13313.41|0.09|71|17376|17376|940|940|19
14|KENYA|79|14|70319.7|0.0|79|17376|17376|940|940|19
12|JAPAN|43|12|31759.25|0.0|43|17376|17376|940|940|19
20|SAUDI ARABIA|74|20|28674.8|0.04|74|17376|17376|940|940|19
21|VIETNAM|35|21|36494.88|0.1|35|2918|2918|940|940|19
17|PERU|8|17|13605.0|0.07|8|12871|12871|940|940|19
8|INDIA|61|8|57712.5|0.09|61|12871|12871|940|940|19
15|MOROCCO|14|15|14004.9|0.0|14|12871|12871|940|940|19
1|ARGENTINA|29|1|38524.18|0.08|29|12871|12871|940|940|19
16|MOZAMBIQUE|18|16|33465.63|0.0|18|12871|12871|940|940|19
16|MOZAMBIQUE|30|16|30082.5|0.02|30|12871|12871|940|940|19
5|ETHIOPIA|78|5|16142.55|0.1|78|40096|40096|940|940|19
9|INDONESIA|45|9|37210.2|0.02|45|40096|40096|940|940|19
16|MOZAMBIQUE|73|16|40188.4|0.06|73|26082|26082|631|631|19
9|INDONESIA|50|9|22334.61|0.1|50|26082|26082|631|631|19
24|UNITED STATES|46|24|75071.12|0.1|46|26082|26082|631|631|19
5|ETHIOPIA|63|5|9279.84|0.07|63|26082|26082|631|631|19
11|IRAQ|5|11|28770.6|0.09|5|47714|47714|631|631|19
19|ROMANIA|62|19|59778.9|0.07|62|47714|47714|631|631|19
9|INDONESIA|51|9|49187.08|0.04|51|47714|47714|631|631|19
1|ARGENTINA|71|1|53677.55|0.03|71|47714|47714|631|631|19
8|INDIA|60|8|84472.8|0.01|60|47714|47714|631|631|19
6|FRANCE|70|6|18268.36|0.05|70|47714|47714|631|631|19
14|KENYA|47|14|34121.91|0.01|47|47714|47714|631|631|19
18|CHINA|72|18|23692.99|0.06|72|9831|9831|631|631|19
0|ALGERIA|24|0|53929.35|0.02|24|9831|9831|631|631|19
21|VIETNAM|35|21|56927.68|0.0|35|4672|4672|631|631|19
8|INDIA|12|8|30062.12|0.01|12|4672|4672|631|631|19
15|MOROCCO|4|15|60004.35|0.08|4|4672|4672|631|631|19
2|BRAZIL|21|2|17555.85|0.1|21|4672|4672|631|631|19
12|JAPAN|43|12|20582.4|0.02|43|4672|4672|631|631|19
24|UNITED STATES|10|24|28758.96|0.04|10|4672|4672|631|631|19
19|ROMANIA|17|19|56071.66|0.01|17|4672|4672|631|631|19
24|UNITED STATES|19|24|9394.16|0.03|19|25729|25729|631|631|19
9|INDONESIA|51|9|21655.2|0.06|51|13253|13253|631|631|19
16|MOZAMBIQUE|73|16|21118.86|0.1|73|13253|13253|631|631|19
21|VIETNAM|35|21|93148.0|0.03|35|13253|13253|631|631|19
3|CANADA|13|3|4180.56|0.01|13|13253|13253|631|631|19
11|IRAQ|5|11|32026.32|0.03|5|34341|34341|631|631|19
24|UNITED STATES|46|24|72016.12|0.1|46|34341|34341|631|631|19
24|UNITED STATES|19|24|7400.05|0.02|19|34341|34341|631|631|19
23|UNITED KINGDOM|32|23|47343.24|0.05|32|34341|34341|631|631|19
