12003.67|0.06|10722
72605.28|0.04|30786
66510.4|0.02|42336
41120.64|0.02|9540
7387.85|0.09|9892
11606.65|0.07|46945
38387.58|0.09|31941
18771.4|0.03|11943
55567.16|0.05|36803
9117.99|0.09|23746
56159.1|0.07|41379
46538.31|0.09|25858
48842.15|0.09|44448
47374.75|0.06|37826
2536.72|0.07|38816
58758.92|0.05|36803
53957.4|0.09|31655
21643.92|0.01|24868
38164.77|0.04|20325
25928.25|0.0|20325
36744.33|0.02|42369
59616.18|0.08|11239
44112.48|0.07|37925
41262.77|0.09|6020
83163.4|0.08|20325
52945.8|0.08|4480
3705.99|0.01|26529
32866.56|0.02|20325
70738.8|0.0|46307
9418.08|0.1|998
38261.65|0.03|46626
19965.12|0.04|43106
26704.44|0.03|44646
25887.8|0.09|23812
52410.87|0.06|22118
18475.56|0.05|33888
15456.4|0.06|12768
23577.12|0.0|21447
4935.4|0.08|866
33664.4|0.08|8583
1401.5|0.07|22338
15388.56|0.04|30786
37921.5|0.01|23559
1397.49|0.09|21766
60915.5|0.1|46725
50933.7|0.04|45317
47775.66|0.09|9221
1894.99|0.0|8033
32948.37|0.1|23207
17699.38|0.07|40675
61412.13|0.0|11008
65270.0|0.07|11877
22101.94|0.01|14528
9670.36|0.1|12416
18565.58|0.01|8165
6482.88|0.1|11877
39187.4|0.04|35813
44656.43|0.08|44679
5345.64|0.02|9892
59076.7|0.03|31875
48687.24|0.06|9089
25924.74|0.1|43744
19971.28|0.02|36418
57486.86|0.01|646
5681.97|0.1|34757
41624.4|0.06|22723
53229.12|0.08|21953
5902.28|0.09|8352
39280.05|0.04|11239
10048.62|0.06|25605
41327.55|0.01|33888
60608.5|0.0|9221
33243.84|0.05|1092
39395.05|0.09|21799
88557.12|0.07|42688
44848.8|0.08|37507
9479.95|0.01|9573
28927.64|0.0|23207
13646.76|0.04|33888
5580.12|0.07|11426
43805.41|0.05|44613
45193.28|0.04|15815
65117.56|0.01|30467
66455.04|0.0|41632
20329.26|0.0|30852
4423.71|0.08|46945
2548.74|0.03|30599
27926.58|0.09|30720
53811.31|0.08|9221
6386.85|0.01|8231
23317.02|0.02|22404
9859.5|0.1|15815
18307.44|0.05|41632
90142.56|0.04|10755
30301.04|0.1|24868
1689.78|0.04|14627
42116.4|0.01|32513
21262.65|0.02|35813
29624.13|0.0|30852
48744.17|0.03|43106
13194.1|0.0|23713
22511.64|0.08|32513
27191.7|0.0|42754
48503.0|0.05|26947
63455.62|0.01|23911
18443.74|0.02|30016
19376.52|0.02|26947
45518.2|0.0|23812
12370.23|0.1|8550
35777.94|0.01|41632
64613.25|0.04|6372
58274.72|0.0|22756
29733.0|0.04|6273
43441.53|0.04|11206
72236.56|0.1|30016
45998.25|0.05|42336
20174.22|0.03|33217
25449.17|0.09|41511
47540.4|0.1|35846
41919.78|0.03|4161
40293.75|0.09|36737
39347.7|0.02|13604
11045.64|0.05|9254
33732.14|0.06|26529
10811.8|0.06|39938
25377.82|0.03|11712
18835.92|0.05|14913
46400.85|0.04|9573
36954.1|0.08|6053
34750.41|0.03|33635
41690.88|0.09|6020
16462.68|0.0|33569
75232.9|0.08|27618
28830.8|0.06|23559
34449.24|0.07|41764
22974.66|0.03|12768
27582.24|0.04|30214
1270.36|0.01|21249
35083.53|0.02|36517
72989.42|0.09|30016
86853.18|0.07|25638
51609.95|0.07|39938
9500.4|0.0|41379
7528.32|0.08|45218
1383.48|0.03|21953
11460.24|0.04|18917
37089.9|0.01|41379
11791.0|0.06|8550
28839.2|0.0|31523
19857.6|0.07|6691
32263.0|0.0|37859
18235.98|0.02|45317
40660.78|0.0|23812
61589.27|0.03|6020
51571.08|0.08|30720
2070.26|0.01|9793
14323.68|0.05|45504
43951.16|0.02|36803
49554.0|0.09|33635
30903.6|0.05|39938
5477.84|0.09|32931
40633.89|0.07|40224
28412.59|0.09|8000
4880.35|0.04|11877
22938.7|0.1|38915
41885.6|0.03|43106
41299.77|0.08|34658
30849.92|0.03|31655
6852.3|0.09|41764
71240.25|0.07|24516
4865.24|0.0|11877
34292.2|0.04|22822
7387.98|0.05|46912
33460.75|0.09|33701
30399.84|0.04|30533
17061.33|0.07|21634
50070.72|0.03|26529
29357.46|0.08|42501
4637.0|0.02|37507
18792.52|0.01|23812
57441.23|0.02|31842
17767.44|0.08|42567
52151.5|0.0|31204
58671.78|0.08|31655
21991.52|0.03|9254
25948.32|0.08|30852
48141.45|0.04|31204
1027.12|0.04|37606
1250.34|0.05|129
48052.0|0.01|36803
18340.2|0.01|17729
51495.2|0.09|8352
50919.65|0.06|9793
37799.6|0.05|31622
35595.44|0.0|36803
22851.78|0.08|4260
46143.78|0.09|42501
50184.45|0.01|8165
79065.26|0.07|11943
16327.3|0.1|30214
12061.2|0.03|15617
25349.5|0.0|38915
10923.99|0.0|32931
17120.7|0.09|36836
47570.22|0.06|35527
45075.35|0.08|44646
67234.91|0.05|26529
10835.4|0.09|10722
3047.24|0.0|25825
20737.2|0.02|22723
41035.2|0.04|37606
24251.5|0.01|46945
15526.95|0.02|13604
22956.66|0.05|46912
58247.55|0.05|21447
42195.0|0.05|17729
26754.98|0.09|46725
38257.48|0.03|5382
19299.21|0.0|21766
15793.34|0.09|10502
44651.88|0.07|8132
44442.3|0.01|11008
33424.72|0.0|129
38552.58|0.04|41379
36295.36|0.03|11426
36760.4|0.06|13604
51870.9|0.09|44613
41655.22|0.1|41830
10321.99|0.07|45504
31083.5|0.01|23328
17694.84|0.08|36517
40082.24|0.08|42567
13081.95|0.04|11943
21183.0|0.03|15617
53145.12|0.06|35428
72676.4|0.1|646
46697.98|0.06|21799
38183.73|0.06|31655
55360.89|0.05|25638
5892.48|0.09|998
27948.14|0.07|38915
9550.14|0.08|8231
49131.9|0.08|14726
36262.59|0.0|28839
23851.25|0.01|37925
1480.58|0.04|998
32674.6|0.02|23812
64497.66|0.03|11745
49491.2|0.09|34438
18514.95|0.1|38915
38591.4|0.02|24802
22444.32|0.02|35428
5200.7|0.1|11239
32195.1|0.05|22305
58624.98|0.08|10117
34737.0|0.07|33767
19690.25|0.05|16706
44923.32|0.07|7461
20183.76|0.08|12768
45571.47|0.06|37859
12001.2|0.05|42886
21953.63|0.1|34339
11088.24|0.02|16706
39257.16|0.08|36517
38878.56|0.0|15815
15054.93|0.08|42754
46305.0|0.04|34658
1834.02|0.05|8352
9586.22|0.0|33701
40002.9|0.07|38915
29263.44|0.07|6372
19486.08|0.09|43975
8617.36|0.1|10502
17448.4|0.09|17927
22362.12|0.09|23746
59838.72|0.03|41027
17035.33|0.05|23559
2392.58|0.08|8352
35301.05|0.0|12900
42115.5|0.05|22338
39840.39|0.0|10722
63331.68|0.07|31204
18716.52|0.06|21348
74798.4|0.06|40037
20289.96|0.04|38915
11782.87|0.1|8000
27238.65|0.09|7175
4570.86|0.07|9254
17313.75|0.01|34438
17886.55|0.03|31875
36985.73|0.03|36869
28300.36|0.07|24802
55708.16|0.03|8132
33454.27|0.08|37826
57937.62|0.03|40103
48842.02|0.0|11239
64596.08|0.09|41412
41120.64|0.08|25506
71099.44|0.05|26309
39081.9|0.02|16838
10434.13|0.06|28608
11004.12|0.09|22723
1029.12|0.04|17927
33124.16|0.1|39619
34570.26|0.03|34339
58373.21|0.08|40356
54573.75|0.02|25825
9950.9|0.04|32128
20539.47|0.08|41313
15581.61|0.06|31303
65543.16|0.08|25825
14998.06|0.03|12900
51990.12|0.07|26947
20325.92|0.08|21447
8353.85|0.04|23009
49781.76|0.06|31842
29492.4|0.1|43524
61426.36|0.04|10722
24920.64|0.03|8550
29100.78|0.05|36737
17750.38|0.05|13604
47150.1|0.1|13604
65120.4|0.02|14528
44067.12|0.04|40994
48099.15|0.02|8583
9910.9|0.1|23207
1195.29|0.02|7362
1600.7|0.01|3072
50626.99|0.0|41764
51058.94|0.09|42369
29515.98|0.06|13923
13996.07|0.1|41764
69121.08|0.04|6691
33387.42|0.06|129
1329.42|0.04|833
57762.5|0.0|11943
16892.07|0.03|26309
8261.89|0.06|42017
8964.81|0.02|36737
46513.6|0.1|45504
29263.44|0.0|40257
8478.36|0.04|33569
68269.85|0.09|39718
17308.62|0.0|7043
3165.36|0.05|1092
44867.52|0.09|23207
52031.25|0.1|46912
16745.88|0.01|26309
44533.06|0.02|35813
6318.68|0.09|9793
1389.48|0.1|5283
22487.64|0.08|4161
61385.2|0.01|39619
54891.34|0.02|34658
49914.0|0.08|20325
51686.32|0.01|6790
27785.52|0.1|8132
27140.19|0.07|26848
39522.7|0.02|11745
55462.9|0.05|6020
67139.3|0.09|21414
34987.8|0.09|23911
11917.08|0.03|10117
25269.3|0.07|42886
17988.9|0.01|45504
48307.2|0.01|31941
4580.05|0.06|20710
40013.4|0.1|10018
5436.0|0.06|43524
11723.39|0.04|3072
39312.57|0.09|34823
41759.28|0.0|14627
33461.75|0.02|44448
9360.3|0.04|9155
19312.54|0.05|13956
18411.47|0.0|32931
21863.8|0.07|12867
25996.32|0.07|33415
59173.48|0.09|42369
41644.8|0.07|21249
56429.4|0.1|20226
26110.29|0.0|30016
20485.23|0.07|4161
8393.12|0.1|44613
50180.46|0.01|14627
57855.42|0.06|30852
91296.0|0.1|45922
6351.85|0.01|30214
42458.92|0.08|129
55581.8|0.09|34339
28770.61|0.04|41313
28591.36|0.1|33921
56466.48|0.02|13923
70034.96|0.0|34339
51756.4|0.09|37859
37459.4|0.03|33635
83599.56|0.02|30885
42004.2|0.0|36517
13560.82|0.02|24868
25778.25|0.06|12768
82256.4|0.08|44833
35503.72|0.1|45317
41455.96|0.03|33921
12532.41|0.02|40994
76730.64|0.02|30533
33810.4|0.06|20545
24914.52|0.01|31138
22596.64|0.0|32898
23473.68|0.08|31941
8881.6|0.09|40455
47895.12|0.07|11712
8481.28|0.03|36737
77698.32|0.02|32898
39543.12|0.06|30533
22583.14|0.0|42886
8120.7|0.09|3072
20572.05|0.05|11008
52435.8|0.05|23746
49300.82|0.05|8231
63318.6|0.07|3072
23082.99|0.02|26309
17616.9|0.04|18917
53877.24|0.0|2082
68870.57|0.03|31523
34408.92|0.02|37859
3165.45|0.07|36418
18431.06|0.0|32931
6755.12|0.04|39718
54958.97|0.0|646
15442.29|0.08|30214
34576.74|0.03|23559
19292.4|0.06|23207
1490.59|0.0|13923
37032.12|0.04|30214
43366.2|0.04|7681
43464.58|0.03|33217
28338.24|0.05|23746
44112.48|0.04|10722
80049.15|0.0|41379
61966.5|0.1|23713
28705.32|0.06|6691
26782.77|0.05|34977
9604.2|0.06|35813
61116.0|0.02|40224
23338.08|0.04|6691
54109.05|0.01|41412
30921.99|0.01|13824
13815.3|0.0|32865
