21|VIETNAM|80|21|66850.98|0.07|80|13280
21|VIETNAM|80|21|21533.22|0.01|80|28581
21|VIETNAM|80|21|75184.65|0.07|80|2945
17|PERU|8|17|87794.12|0.0|8|33091
21|VIETNAM|80|21|53485.0|0.0|80|18340
17|PERU|8|17|62345.42|0.08|8|47490
23|UNITED KINGDOM|7|23|20319.93|0.02|7|47490
23|UNITED KINGDOM|7|23|11622.6|0.09|7|29571
14|KENYA|6|14|32182.03|0.01|6|29153
14|KENYA|6|14|34410.74|0.08|6|29571
17|PERU|1|17|5730.3|0.02|1|4419
17|PERU|1|17|15038.38|0.06|1|15040
11|IRAQ|5|11|46032.96|0.08|5|19077
11|IRAQ|5|11|43299.52|0.1|5|45092
9|INDONESIA|51|9|25508.28|0.06|51|2945
22|RUSSIA|40|22|12727.91|0.05|40|1922
9|INDONESIA|51|9|81460.02|0.0|51|16096
16|MOZAMBIQUE|73|16|46670.05|0.07|73|19363
16|MOZAMBIQUE|73|16|20001.45|0.09|73|28581
9|INDONESIA|51|9|12803.7|0.09|51|2945
22|RUSSIA|40|22|19028.02|0.08|40|19264
9|INDONESIA|51|9|32088.1|0.05|51|17185
16|MOZAMBIQUE|73|16|50781.39|0.0|73|2945
4|EGYPT|22|4|11772.7|0.03|22|15172
18|CHINA|11|18|67271.2|0.09|11|28581
7|GERMANY|77|7|50894.8|0.02|77|15172
7|GERMANY|44|7|7820.47|0.0|44|2978
7|GERMANY|44|7|40458.72|0.08|44|17383
23|UNITED KINGDOM|66|23|54593.8|0.01|66|1702
23|UNITED KINGDOM|66|23|44117.97|0.03|66|16096
4|EGYPT|22|4|43290.74|0.0|22|1702
7|GERMANY|33|7|3757.05|0.01|33|19363
24|UNITED STATES|55|24|27294.07|0.02|55|1702
7|GERMANY|77|7|33211.2|0.07|77|19462
7|GERMANY|77|7|43543.17|0.05|77|18593
23|UNITED KINGDOM|66|23|39102.48|0.08|66|34180
7|GERMANY|77|7|48268.07|0.05|77|13280
4|EGYPT|22|4|81895.95|0.0|22|18593
18|CHINA|11|18|40411.21|0.1|11|16294
24|UNITED STATES|55|24|37231.26|0.09|55|2978
7|GERMANY|33|7|26404.35|0.1|33|19297
7|GERMANY|77|7|53865.38|0.08|77|34180
23|UNITED KINGDOM|66|23|19508.86|0.05|66|16294
7|GERMANY|44|7|10641.6|0.02|44|18692
7|GERMANY|44|7|45200.0|0.07|44|17383
7|GERMANY|44|7|66838.59|0.04|44|18692
18|CHINA|72|18|27583.95|0.08|72|19462
8|INDIA|61|8|43804.92|0.05|61|26370
18|CHINA|72|18|69879.34|0.08|72|16096
8|INDIA|61|8|79238.7|0.01|61|4419
8|INDIA|61|8|64082.62|0.08|61|18340
8|INDIA|61|8|21759.01|0.0|61|3715
18|CHINA|72|18|47967.15|0.0|72|38272
8|INDIA|60|8|31834.08|0.0|60|17031
8|INDIA|60|8|7235.6|0.06|60|28581
8|INDIA|60|8|28234.36|0.04|60|25061
8|INDIA|60|8|28556.09|0.05|60|34180
8|INDIA|60|8|17967.32|0.01|60|3814
1|ARGENTINA|71|1|32647.65|0.06|71|7939
8|INDIA|60|8|28157.6|0.1|60|25281
6|FRANCE|70|6|7347.72|0.1|70|5508
10|IRAN|9|10|57469.92|0.06|9|6817
10|IRAN|9|10|38514.42|0.01|9|2978
6|FRANCE|70|6|34361.75|0.09|70|19462
6|FRANCE|70|6|26044.32|0.04|70|19264
6|FRANCE|70|6|32029.56|0.08|70|1988
10|IRAN|9|10|4090.38|0.09|9|17570
8|INDIA|15|8|44872.25|0.1|15|28262
8|INDIA|15|8|29322.19|0.08|15|7906
14|KENYA|48|14|27118.8|0.08|48|17570
8|INDIA|15|8|34937.25|0.08|15|2406
21|VIETNAM|26|21|26152.14|0.1|26|15040
0|ALGERIA|37|0|63191.08|0.07|37|18692
14|KENYA|48|14|36382.92|0.09|48|27360
17|PERU|59|17|60737.93|0.05|59|17350
17|PERU|59|17|28590.66|0.04|59|19264
0|ALGERIA|37|0|47708.18|0.0|37|39394
17|PERU|59|17|3864.24|0.1|59|25061
17|PERU|59|17|28632.66|0.06|59|25061
21|VIETNAM|26|21|28302.02|0.08|26|1988
0|ALGERIA|37|0|67047.3|0.0|37|1702
0|ALGERIA|37|0|63559.76|0.04|37|16481
17|PERU|59|17|13181.04|0.03|59|16096
0|ALGERIA|37|0|85104.67|0.08|37|29571
14|KENYA|48|14|47747.92|0.0|48|17251
21|VIETNAM|26|21|46085.4|0.1|26|39361
17|PERU|59|17|30140.5|0.01|59|1317
0|ALGERIA|37|0|6907.4|0.08|37|19077
8|INDIA|15|8|36781.33|0.05|15|3715
14|KENYA|48|14|28030.5|0.07|48|19781
4|EGYPT|69|4|22771.84|0.03|69|12290
15|MOROCCO|14|15|4953.32|0.08|14|2978
4|EGYPT|69|4|3712.08|0.06|69|19363
22|RUSSIA|25|22|37364.3|0.06|25|13093
13|JORDAN|36|13|30876.12|0.0|36|19363
16|MOZAMBIQUE|58|16|27373.8|0.04|58|15040
14|KENYA|47|14|42285.44|0.1|47|26183
13|JORDAN|36|13|61589.27|0.07|36|2945
13|JORDAN|36|13|35233.17|0.08|36|18593
22|RUSSIA|25|22|6505.08|0.06|25|27173
13|JORDAN|36|13|64904.4|0.03|36|6817
4|EGYPT|69|4|20884.0|0.05|69|17570
15|MOROCCO|14|15|61815.36|0.08|14|19363
4|EGYPT|69|4|47846.4|0.04|69|47072
13|JORDAN|36|13|16557.5|0.09|36|19462
15|MOROCCO|14|15|44579.88|0.06|14|3814
13|JORDAN|36|13|23575.05|0.02|36|47490
14|KENYA|47|14|68624.5|0.04|47|28196
21|VIETNAM|35|21|41723.88|0.01|35|17383
14|KENYA|79|14|48247.65|0.09|79|2626
3|CANADA|13|3|28561.5|0.04|13|29351
0|ALGERIA|24|0|58391.94|0.05|24|28581
24|UNITED STATES|46|24|39163.05|0.08|46|17570
14|KENYA|79|14|46942.59|0.0|79|2978
3|CANADA|13|3|14343.12|0.1|13|18593
0|ALGERIA|24|0|6615.28|0.02|24|3814
14|KENYA|79|14|50525.37|0.01|79|18593
14|KENYA|79|14|22163.94|0.02|79|2208
21|VIETNAM|68|21|21107.1|0.06|68|36193
0|ALGERIA|24|0|31311.8|0.0|24|19363
21|VIETNAM|68|21|18091.8|0.01|68|19462
14|KENYA|79|14|18980.4|0.07|79|36193
17|PERU|57|17|54027.96|0.09|57|19297
21|VIETNAM|68|21|34110.72|0.04|68|29571
14|KENYA|79|14|27461.76|0.04|79|25281
14|KENYA|79|14|16917.9|0.09|79|45092
21|VIETNAM|68|21|73038.42|0.07|68|38272
3|CANADA|13|3|44146.76|0.06|13|18054
9|INDONESIA|45|9|42029.55|0.01|45|47490
16|MOZAMBIQUE|56|16|10505.55|0.02|56|25281
5|ETHIOPIA|78|5|46849.8|0.03|78|15040
8|INDIA|12|8|23705.6|0.01|12|16096
8|INDIA|12|8|61966.5|0.07|12|2208
16|MOZAMBIQUE|56|16|27669.6|0.06|56|26370
9|INDONESIA|45|9|17118.24|0.06|45|17251
5|ETHIOPIA|78|5|12643.6|0.08|78|17383
16|MOZAMBIQUE|56|16|61031.78|0.08|56|2208
9|INDONESIA|23|9|8247.89|0.05|23|1317
4|EGYPT|67|4|2592.78|0.05|67|2626
9|INDONESIA|45|9|11424.6|0.1|45|3814
5|ETHIOPIA|78|5|30692.76|0.05|78|19110
10|IRAN|34|10|27696.45|0.03|34|36193
16|MOZAMBIQUE|56|16|31625.66|0.0|56|25061
8|INDIA|12|8|1200.29|0.09|12|15172
8|INDIA|12|8|39905.7|0.07|12|19110
9|INDONESIA|23|9|40779.84|0.1|23|16096
4|EGYPT|67|4|55289.22|0.0|67|29153
4|EGYPT|67|4|2588.78|0.09|67|18692
24|UNITED STATES|19|24|7267.64|0.02|19|19077
24|UNITED STATES|19|24|21875.58|0.09|19|25281
24|UNITED STATES|19|24|39498.84|0.02|19|1317
1|ARGENTINA|29|1|23461.2|0.1|29|7939
16|MOZAMBIQUE|18|16|67188.67|0.06|18|18593
1|ARGENTINA|29|1|65205.6|0.08|29|2208
1|ARGENTINA|29|1|23082.36|0.09|29|28581
16|MOZAMBIQUE|18|16|22919.7|0.07|18|17383
16|MOZAMBIQUE|18|16|31244.35|0.03|18|47490
16|MOZAMBIQUE|18|16|45856.44|0.07|18|1702
16|MOZAMBIQUE|18|16|39448.94|0.05|18|27360
22|RUSSIA|65|22|1138.23|0.06|65|17031
23|UNITED KINGDOM|32|23|25251.6|0.03|32|45092
12|JAPAN|54|12|41852.16|0.01|54|39361
23|UNITED KINGDOM|32|23|47794.88|0.05|32|36193
12|JAPAN|54|12|40138.84|0.03|54|26370
22|RUSSIA|65|22|20053.6|0.01|65|3715
23|UNITED KINGDOM|32|23|33050.38|0.08|32|1317
2|BRAZIL|21|2|22185.52|0.06|21|25061
24|UNITED STATES|10|24|1495.59|0.06|10|47490
12|JAPAN|43|12|52555.87|0.07|43|19363
12|JAPAN|43|12|62918.5|0.07|43|28262
2|BRAZIL|21|2|5880.48|0.09|21|16481
23|UNITED KINGDOM|32|23|26856.69|0.06|32|15172
24|UNITED STATES|10|24|60482.17|0.07|10|12290
24|UNITED STATES|10|24|5129.4|0.1|10|17185
22|RUSSIA|65|22|56519.63|0.04|65|19264
24|UNITED STATES|10|24|42706.8|0.0|10|2208
24|UNITED STATES|10|24|22343.84|0.02|10|26370
19|ROMANIA|17|19|46890.8|0.05|17|5728
8|INDIA|39|8|44147.1|0.05|39|2945
8|INDIA|39|8|62370.72|0.07|39|19077
19|ROMANIA|17|19|32352.84|0.07|17|2978
0|ALGERIA|28|0|24176.5|0.08|28|45092
0|ALGERIA|28|0|13538.64|0.03|28|19781
19|ROMANIA|17|19|12820.68|0.01|17|19297
8|INDIA|39|8|16563.0|0.09|39|18340
24|UNITED STATES|49|24|14775.52|0.02|49|19264
18|CHINA|27|18|17560.9|0.08|27|15172
4|EGYPT|38|4|34533.24|0.1|38|1702
4|EGYPT|38|4|30084.12|0.05|38|2406
24|UNITED STATES|49|24|67631.6|0.03|49|18340
24|UNITED STATES|49|24|34540.51|0.03|49|17570
4|EGYPT|38|4|48478.5|0.0|38|4419
4|EGYPT|38|4|55720.26|0.03|38|28262
18|CHINA|27|18|10651.44|0.06|27|1988
24|UNITED STATES|49|24|58372.38|0.05|49|17570
7|GERMANY|53|7|14298.12|0.08|53|1988
24|UNITED STATES|64|24|52904.16|0.09|64|1988
22|RUSSIA|42|22|28430.4|0.04|42|3814
16|MOZAMBIQUE|31|16|1489.58|0.05|31|25061
24|UNITED STATES|64|24|73585.74|0.09|64|19264
22|RUSSIA|42|22|56701.44|0.01|42|38272
7|GERMANY|53|7|60999.4|0.05|53|1317
16|MOZAMBIQUE|31|16|38859.34|0.01|31|25061
24|UNITED STATES|64|24|65394.03|0.08|64|13093
22|RUSSIA|42|22|68574.66|0.08|42|17383
16|MOZAMBIQUE|31|16|26262.75|0.03|31|3814
3|CANADA|20|3|48900.89|0.03|20|2208
18|CHINA|75|18|73256.55|0.09|75|3814
24|UNITED STATES|64|24|47753.0|0.08|64|2945
16|MOZAMBIQUE|31|16|19914.66|0.08|31|26370
18|CHINA|41|18|14567.36|0.07|41|18340
19|ROMANIA|52|19|65199.03|0.09|52|25281
5|ETHIOPIA|63|5|22045.38|0.01|63|36193
18|CHINA|41|18|45798.6|0.04|41|16294
19|ROMANIA|52|19|20316.75|0.03|52|13093
18|CHINA|41|18|39692.12|0.08|41|1988
5|ETHIOPIA|63|5|45128.8|0.05|63|2626
18|CHINA|41|18|53058.0|0.02|41|34180
5|ETHIOPIA|63|5|18433.47|0.08|63|2208
20|SAUDI ARABIA|74|20|20694.24|0.07|74|2406
5|ETHIOPIA|63|5|31551.3|0.08|63|36193
20|SAUDI ARABIA|74|20|57811.74|0.01|74|7906
16|MOZAMBIQUE|30|16|36113.44|0.07|30|2406
5|ETHIOPIA|63|5|14430.9|0.09|63|29153
5|ETHIOPIA|2|5|921.02|0.04|2|25380
1|ARGENTINA|3|1|78667.19|0.1|3|34180
