17|PERU|8|17|35863.8|0.03|8|37414|37414|280|280|11
16|MOZAMBIQUE|73|16|932.03|0.06|73|37414|37414|280|280|11
8|INDIA|61|8|14604.48|0.06|61|37414|37414|280|280|11
9|INDONESIA|23|9|26089.14|0.1|23|37414|37414|280|280|11
22|RUSSIA|42|22|8090.64|0.0|42|37414|37414|280|280|11
16|MOZAMBIQUE|73|16|66909.3|0.05|73|7812|7812|280|280|11
13|JORDAN|36|13|16737.82|0.02|36|7812|7812|280|280|11
16|MOZAMBIQUE|58|16|40306.84|0.06|58|7812|7812|280|280|11
12|JAPAN|43|12|39075.76|0.1|43|7812|7812|280|280|11
22|RUSSIA|65|22|32867.37|0.04|65|7812|7812|280|280|11
19|ROMANIA|52|19|65635.03|0.01|52|7812|7812|280|280|11
22|RUSSIA|40|22|77361.88|0.02|40|32128|32128|280|280|11
20|SAUDI ARABIA|74|20|9950.9|0.04|74|32128|32128|280|280|11
4|EGYPT|69|4|30032.92|0.08|69|39651|39651|280|280|11
8|INDIA|12|8|15448.56|0.09|12|39651|39651|280|280|11
22|RUSSIA|16|22|20328.44|0.07|16|39651|39651|280|280|11
21|VIETNAM|35|21|45488.64|0.02|35|36198|36198|280|280|11
18|CHINA|27|18|45277.36|0.03|27|36198|36198|280|280|11
24|UNITED STATES|46|24|48462.48|0.0|46|35362|35362|280|280|11
16|MOZAMBIQUE|18|16|25676.28|0.03|18|35362|35362|280|280|11
21|VIETNAM|80|21|35411.49|0.04|80|483|483|280|280|11
18|CHINA|11|18|14424.3|0.04|11|483|483|280|280|11
24|UNITED STATES|46|24|9298.08|0.0|46|483|483|280|280|11
11|IRAQ|5|11|52830.33|0.1|5|36135|36135|280|280|11
19|ROMANIA|62|19|12505.32|0.03|62|36135|36135|280|280|11
24|UNITED STATES|55|24|56489.4|0.1|55|36135|36135|280|280|11
0|ALGERIA|37|0|32209.5|0.08|37|36135|36135|280|280|11
16|MOZAMBIQUE|56|16|12244.14|0.02|56|36135|36135|280|280|11
7|GERMANY|53|7|36061.06|0.02|53|36135|36135|280|280|11
24|UNITED STATES|64|24|3760.12|0.02|64|36135|36135|280|280|11
4|EGYPT|38|4|13235.13|0.01|38|31143|31143|280|280|11
7|GERMANY|44|7|6717.2|0.08|44|17888|17888|280|280|11
3|CANADA|13|3|57571.65|0.06|13|17888|17888|280|280|11
0|ALGERIA|28|0|3135.32|0.1|28|17888|17888|280|280|11
1|ARGENTINA|71|1|43653.15|0.1|71|21188|21188|280|280|11
15|MOROCCO|14|15|11469.33|0.05|14|21188|21188|280|280|11
17|PERU|57|17|20047.85|0.03|57|21188|21188|280|280|11
9|INDONESIA|23|9|6741.42|0.06|23|21188|21188|280|280|11
15|MOROCCO|4|15|3600.9|0.05|4|21188|21188|280|280|11
19|ROMANIA|62|19|44848.8|0.08|62|37507|37507|490|490|22
23|UNITED KINGDOM|66|23|4637.0|0.02|66|37507|37507|490|490|22
21|VIETNAM|68|21|30013.73|0.05|68|37507|37507|490|490|22
8|INDIA|12|8|66966.3|0.0|12|37507|37507|490|490|22
4|EGYPT|22|4|47857.66|0.08|22|12007|12007|490|490|22
7|GERMANY|33|7|12549.28|0.01|33|11876|11876|490|490|22
0|ALGERIA|24|0|2358.54|0.0|24|11876|11876|490|490|22
9|INDONESIA|45|9|15654.94|0.05|45|11876|11876|490|490|22
3|CANADA|20|3|58473.54|0.09|20|11876|11876|490|490|22
19|ROMANIA|52|19|55099.34|0.1|52|11876|11876|490|490|22
5|ETHIOPIA|2|5|2883.18|0.0|2|11876|11876|490|490|22
14|KENYA|79|14|34490.57|0.05|79|9127|9127|490|490|22
18|CHINA|75|18|31318.32|0.08|75|9127|9127|490|490|22
23|UNITED KINGDOM|66|23|65558.66|0.1|66|1281|1281|490|490|22
8|INDIA|61|8|42796.36|0.04|61|1281|1281|490|490|22
14|KENYA|47|14|14458.73|0.03|47|1281|1281|490|490|22
21|VIETNAM|68|21|5181.56|0.07|68|1281|1281|490|490|22
8|INDIA|12|8|35188.85|0.08|12|1281|1281|490|490|22
19|ROMANIA|17|19|33135.3|0.07|17|1281|1281|490|490|22
8|INDIA|12|8|35017.8|0.05|12|37283|37283|490|490|22
9|INDONESIA|45|9|2748.94|0.01|45|37283|37283|490|490|22
4|EGYPT|67|4|2742.94|0.01|67|37283|37283|490|490|22
8|INDIA|12|8|48807.15|0.08|12|37283|37283|490|490|22
22|RUSSIA|42|22|21643.92|0.02|42|37283|37283|490|490|22
17|PERU|1|17|48432.48|0.02|1|25540|25540|490|490|22
10|IRAN|9|10|33618.25|0.07|9|28423|28423|490|490|22
14|KENYA|47|14|33812.1|0.07|47|36993|36993|490|490|22
3|CANADA|13|3|24906.8|0.1|13|36993|36993|490|490|22
3|CANADA|20|3|22404.2|0.07|20|36993|36993|490|490|22
18|CHINA|75|18|44206.56|0.06|75|454|454|391|391|11
4|EGYPT|22|4|63787.32|0.06|22|36513|36513|391|391|11
17|PERU|57|17|53018.55|0.07|57|36513|36513|391|391|11
21|VIETNAM|68|21|47385.94|0.05|68|36513|36513|391|391|11
4|EGYPT|67|4|8433.9|0.1|67|36513|36513|391|391|11
24|UNITED STATES|49|24|83291.56|0.01|49|36513|36513|391|391|11
22|RUSSIA|42|22|34571.51|0.05|42|36513|36513|391|391|11
24|UNITED STATES|55|24|37474.41|0.08|55|42628|42628|391|391|11
2|BRAZIL|21|2|17142.24|0.09|21|42628|42628|391|391|11
16|MOZAMBIQUE|31|16|19996.59|0.05|31|42628|42628|391|391|11
17|PERU|8|17|5714.08|0.04|8|31618|31618|391|391|11
18|CHINA|72|18|58142.48|0.01|72|31618|31618|391|391|11
6|FRANCE|70|6|12203.2|0.02|70|31618|31618|391|391|11
9|INDONESIA|23|9|38495.18|0.06|23|31618|31618|391|391|11
12|JAPAN|54|12|44208.76|0.09|54|31618|31618|391|391|11
22|RUSSIA|16|22|17358.3|0.06|16|31618|31618|391|391|11
19|ROMANIA|52|19|28190.36|0.04|52|31618|31618|391|391|11
19|ROMANIA|62|19|22263.15|0.04|62|24003|24003|391|391|11
8|INDIA|61|8|23545.4|0.08|61|24003|24003|391|391|11
21|VIETNAM|68|21|29851.92|0.05|68|24003|24003|391|391|11
18|CHINA|27|18|28850.05|0.0|27|24003|24003|391|391|11
20|SAUDI ARABIA|74|20|20548.66|0.0|74|24003|24003|391|391|11
7|GERMANY|77|7|39176.5|0.03|77|40386|40386|292|292|11
18|CHINA|72|18|12523.5|0.06|72|40386|40386|292|292|11
14|KENYA|79|14|83136.42|0.09|79|40386|40386|292|292|11
24|UNITED STATES|10|24|49965.04|0.03|10|40386|40386|292|292|11
2|BRAZIL|21|2|55984.28|0.0|21|40386|40386|292|292|11
7|GERMANY|77|7|40994.94|0.08|77|33639|33639|292|292|11
8|INDIA|60|8|47570.82|0.08|60|33639|33639|292|292|11
21|VIETNAM|35|21|19256.58|0.05|35|33639|33639|292|292|11
16|MOZAMBIQUE|56|16|10076.11|0.1|56|33639|33639|292|292|11
0|ALGERIA|28|0|9359.85|0.08|28|33639|33639|292|292|11
16|MOZAMBIQUE|30|16|1125.22|0.1|30|33639|33639|292|292|11
17|PERU|1|17|63068.0|0.1|1|2342|2342|292|292|11
14|KENYA|48|14|1187.28|0.04|48|2342|2342|292|292|11
5|ETHIOPIA|78|5|24534.62|0.08|78|2342|2342|292|292|11
15|MOROCCO|4|15|43990.32|0.1|4|2342|2342|292|292|11
1|ARGENTINA|3|1|14763.96|0.0|3|2342|2342|292|292|11
17|PERU|1|17|7195.56|0.08|1|24194|24194|292|292|11
21|VIETNAM|80|21|20015.19|0.03|80|37863|37863|292|292|11
11|IRAQ|5|11|14843.84|0.04|5|37863|37863|292|292|11
9|INDONESIA|51|9|13093.19|0.03|51|37863|37863|292|292|11
7|GERMANY|44|7|10761.7|0.03|44|37863|37863|292|292|11
21|VIETNAM|68|21|2132.32|0.1|68|37863|37863|292|292|11
20|SAUDI ARABIA|74|20|47894.49|0.02|74|37863|37863|292|292|11
19|ROMANIA|62|19|6006.5|0.02|62|47105|47105|134|134|11
7|GERMANY|33|7|74058.3|0.05|33|47105|47105|134|134|11
3|CANADA|13|3|23741.74|0.0|13|47105|47105|134|134|11
5|ETHIOPIA|78|5|33460.75|0.01|78|47105|47105|134|134|11
24|UNITED STATES|64|24|14603.96|0.09|64|47105|47105|134|134|11
14|KENYA|48|14|55121.34|0.0|48|3269|3269|134|134|11
16|MOZAMBIQUE|18|16|48568.26|0.02|18|3269|3269|134|134|11
2|BRAZIL|21|2|15072.64|0.01|21|3269|3269|134|134|11
12|JAPAN|43|12|47491.2|0.02|43|3269|3269|134|134|11
0|ALGERIA|28|0|68911.08|0.09|28|3269|3269|134|134|11
20|SAUDI ARABIA|74|20|57633.05|0.07|74|3269|3269|134|134|11
4|EGYPT|22|4|32683.28|0.09|22|43712|43712|332|332|22
21|VIETNAM|80|21|9234.7|0.07|80|2276|2276|332|332|22
19|ROMANIA|62|19|3764.16|0.1|62|2276|2276|332|332|22
10|IRAN|9|10|34272.72|0.07|9|2276|2276|332|332|22
17|PERU|59|17|12740.91|0.08|59|2276|2276|332|332|22
24|UNITED STATES|46|24|56061.0|0.03|46|2276|2276|332|332|22
14|KENYA|76|14|67102.68|0.06|76|2276|2276|332|332|22
7|GERMANY|77|7|48365.04|0.09|77|30209|30209|850|850|22
18|CHINA|27|18|19896.3|0.02|27|30209|30209|850|850|22
7|GERMANY|53|7|45983.3|0.08|53|37473|37473|850|850|22
16|MOZAMBIQUE|30|16|26573.12|0.0|30|37473|37473|850|850|22
18|CHINA|41|18|2694.88|0.02|41|37473|37473|850|850|22
14|KENYA|6|14|51378.04|0.05|6|22052|22052|850|850|22
21|VIETNAM|35|21|23980.35|0.04|35|22052|22052|850|850|22
22|RUSSIA|65|22|65792.7|0.07|65|22052|22052|850|850|22
22|RUSSIA|42|22|60765.5|0.1|42|22052|22052|850|850|22
11|IRAQ|5|11|24486.4|0.05|5|28743|28743|850|850|22
9|INDONESIA|50|9|18450.33|0.0|50|28743|28743|850|850|22
17|PERU|57|17|9325.17|0.02|57|28743|28743|850|850|22
8|INDIA|39|8|26693.04|0.09|39|28743|28743|850|850|22
7|GERMANY|77|7|1696.79|0.08|77|25413|25413|586|586|11
6|FRANCE|70|6|49900.7|0.04|70|25413|25413|586|586|11
21|VIETNAM|26|21|22919.7|0.07|26|25413|25413|586|586|11
22|RUSSIA|25|22|16592.81|0.09|25|25413|25413|586|586|11
2|BRAZIL|21|2|12901.68|0.04|21|25413|25413|586|586|11
24|UNITED STATES|10|24|2991.27|0.1|10|25413|25413|586|586|11
21|VIETNAM|80|21|33661.88|0.05|80|45478|45478|586|586|11
7|GERMANY|77|7|27029.0|0.04|77|45478|45478|586|586|11
15|MOROCCO|14|15|7443.84|0.01|14|45478|45478|586|586|11
22|RUSSIA|16|22|49151.9|0.09|16|45478|45478|586|586|11
7|GERMANY|53|7|48124.7|0.0|53|9890|9890|586|586|11
18|CHINA|41|18|50402.12|0.09|41|9890|9890|586|586|11
18|CHINA|11|18|18345.74|0.01|11|46052|46052|586|586|11
15|MOROCCO|14|15|70554.4|0.06|14|46052|46052|586|586|11
10|IRAN|34|10|22753.31|0.0|34|46052|46052|586|586|11
1|ARGENTINA|3|1|82383.95|0.0|3|46052|46052|586|586|11
24|UNITED STATES|55|24|47380.95|0.04|55|39586|39586|586|586|11
18|CHINA|11|18|39487.7|0.05|11|39586|39586|586|586|11
6|FRANCE|70|6|35083.53|0.01|70|39586|39586|586|586|11
16|MOZAMBIQUE|56|16|68087.76|0.1|56|39586|39586|586|586|11
18|CHINA|27|18|14328.6|0.05|27|39586|39586|586|586|11
16|MOZAMBIQUE|58|16|45100.0|0.09|58|18787|18787|586|586|11
8|INDIA|12|8|69262.89|0.01|12|18787|18787|586|586|11
18|CHINA|27|18|29198.72|0.09|27|18787|18787|586|586|11
15|MOROCCO|14|15|69045.1|0.02|14|47847|47847|275|275|22
8|INDIA|39|8|1958.14|0.05|39|47847|47847|275|275|22
16|MOZAMBIQUE|31|16|17347.59|0.0|31|47847|47847|275|275|22
16|MOZAMBIQUE|31|16|25130.72|0.07|31|47847|47847|275|275|22
21|VIETNAM|68|21|56521.94|0.06|68|23107|23107|275|275|22
22|RUSSIA|25|22|39083.58|0.05|25|8641|8641|275|275|22
24|UNITED STATES|49|24|58651.32|0.07|49|8641|8641|275|275|22
24|UNITED STATES|19|24|51574.38|0.03|19|1123|1123|572|572|11
4|EGYPT|38|4|64896.4|0.03|38|1123|1123|572|572|11
20|SAUDI ARABIA|74|20|9900.9|0.05|74|1123|1123|572|572|11
7|GERMANY|44|7|78835.26|0.09|44|11623|11623|572|572|11
17|PERU|59|17|47545.75|0.07|59|11623|11623|572|572|11
14|KENYA|48|14|57229.92|0.05|48|11623|11623|572|572|11
5|ETHIOPIA|78|5|15857.25|0.1|78|11623|11623|572|572|11
22|RUSSIA|65|22|24593.41|0.04|65|11623|11623|572|572|11
19|ROMANIA|17|19|47707.98|0.06|17|11623|11623|572|572|11
18|CHINA|41|18|66310.65|0.03|41|11623|11623|572|572|11
8|INDIA|60|8|11532.32|0.08|60|28003|28003|572|572|11
3|CANADA|13|3|45986.16|0.01|13|28003|28003|572|572|11
21|VIETNAM|35|21|32825.7|0.02|35|28003|28003|572|572|11
8|INDIA|12|8|22494.57|0.07|12|28003|28003|572|572|11
22|RUSSIA|16|22|48730.44|0.08|16|28003|28003|572|572|11
18|CHINA|27|18|13526.64|0.05|27|28003|28003|572|572|11
19|ROMANIA|52|19|11113.76|0.07|52|28003|28003|572|572|11
16|MOZAMBIQUE|73|16|64059.64|0.02|73|35782|35782|572|572|11
21|VIETNAM|35|21|37696.08|0.1|35|35782|35782|572|572|11
9|INDONESIA|23|9|54814.5|0.04|23|35782|35782|572|572|11
23|UNITED KINGDOM|66|23|56946.42|0.0|66|27910|27910|286|286|22
23|UNITED KINGDOM|32|23|26245.89|0.08|32|27910|27910|286|286|22
20|SAUDI ARABIA|74|20|44656.38|0.01|74|27910|27910|286|286|22
14|KENYA|6|14|52695.44|0.04|6|34215|34215|286|286|22
24|UNITED STATES|10|24|70474.8|0.09|10|34215|34215|286|286|22
16|MOZAMBIQUE|30|16|44820.72|0.08|30|34215|34215|286|286|22
5|ETHIOPIA|2|5|25459.5|0.05|2|34215|34215|286|286|22
8|INDIA|60|8|56024.86|0.09|60|29826|29826|286|286|22
22|RUSSIA|25|22|41543.37|0.03|25|29826|29826|286|286|22
21|VIETNAM|80|21|1670.77|0.08|80|40420|40420|286|286|22
17|PERU|8|17|34245.72|0.05|8|40420|40420|286|286|22
1|ARGENTINA|71|1|23272.2|0.01|71|40420|40420|286|286|22
10|IRAN|9|10|35455.14|0.01|9|40420|40420|286|286|22
15|MOROCCO|14|15|89950.56|0.05|14|40420|40420|286|286|22
4|EGYPT|67|4|37083.69|0.03|67|40420|40420|286|286|22
16|MOZAMBIQUE|31|16|4388.76|0.1|31|40420|40420|286|286|22
22|RUSSIA|25|22|33989.12|0.05|25|5573|5573|286|286|22
9|INDONESIA|45|9|2592.78|0.01|45|5573|5573|286|286|22
24|UNITED STATES|19|24|53808.05|0.1|19|5573|5573|286|286|22
24|UNITED STATES|49|24|45359.68|0.06|49|5573|5573|286|286|22
5|ETHIOPIA|63|5|43133.3|0.05|63|5573|5573|286|286|22
21|VIETNAM|26|21|55932.48|0.01|26|47718|47718|286|286|22
8|INDIA|15|8|68428.01|0.0|15|47718|47718|286|286|22
1|ARGENTINA|29|1|46385.28|0.0|29|47718|47718|286|286|22
0|ALGERIA|28|0|4306.59|0.04|28|47718|47718|286|286|22
0|ALGERIA|28|0|35150.28|0.04|28|47718|47718|286|286|22
22|RUSSIA|40|22|32676.04|0.08|40|33061|33061|286|286|22
17|PERU|59|17|24501.75|0.03|59|33061|33061|286|286|22
12|JAPAN|54|12|24779.3|0.05|54|33061|33061|286|286|22
22|RUSSIA|16|22|38891.25|0.03|16|33061|33061|286|286|22
15|MOROCCO|4|15|6595.14|0.09|4|17413|17413|286|286|22
2|BRAZIL|21|2|32651.1|0.04|21|17413|17413|286|286|22
23|UNITED KINGDOM|32|23|15286.65|0.04|32|17413|17413|286|286|22
9|INDONESIA|51|9|19480.86|0.04|51|40774|40774|232|232|22
23|UNITED KINGDOM|66|23|52885.34|0.03|66|40774|40774|232|232|22
21|VIETNAM|35|21|4372.65|0.05|35|40774|40774|232|232|22
24|UNITED STATES|19|24|27385.96|0.05|19|40774|40774|232|232|22
16|MOZAMBIQUE|30|16|29319.92|0.09|30|40774|40774|232|232|22
0|ALGERIA|37|0|24932.88|0.1|37|20898|20898|232|232|22
0|ALGERIA|24|0|43310.4|0.09|24|20898|20898|232|232|22
24|UNITED STATES|19|24|20402.2|0.02|19|20898|20898|232|232|22
24|UNITED STATES|49|24|15981.16|0.05|49|20898|20898|232|232|22
1|ARGENTINA|3|1|7435.12|0.1|3|20898|20898|232|232|22
18|CHINA|11|18|38598.42|0.08|11|1538|1538|232|232|22
8|INDIA|15|8|38759.31|0.05|15|1538|1538|232|232|22
9|INDONESIA|45|9|54873.92|0.05|45|1538|1538|232|232|22
12|JAPAN|54|12|17165.33|0.01|54|1538|1538|232|232|22
22|RUSSIA|16|22|33841.08|0.08|16|1538|1538|232|232|22
18|CHINA|41|18|48463.24|0.1|41|1538|1538|232|232|22
0|ALGERIA|28|0|65657.16|0.06|28|15489|15489|232|232|22
4|EGYPT|22|4|15234.52|0.02|22|12422|12422|460|460|11
23|UNITED KINGDOM|66|23|31847.51|0.02|66|12422|12422|460|460|11
24|UNITED STATES|46|24|67461.76|0.09|46|12422|12422|460|460|11
15|MOROCCO|4|15|19824.84|0.05|4|12422|12422|460|460|11
14|KENYA|76|14|15601.12|0.02|76|12422|12422|460|460|11
18|CHINA|27|18|31879.98|0.08|27|12422|12422|460|460|11
8|INDIA|60|8|67635.06|0.09|60|1127|1127|460|460|11
13|JORDAN|36|13|9074.73|0.07|36|1127|1127|460|460|11
14|KENYA|79|14|30686.35|0.09|79|1127|1127|460|460|11
24|UNITED STATES|46|24|43446.9|0.02|46|1127|1127|460|460|11
19|ROMANIA|62|19|7069.62|0.02|62|10468|10468|460|460|11
6|FRANCE|70|6|930.02|0.08|70|22849|22849|460|460|11
21|VIETNAM|26|21|6991.56|0.08|26|22849|22849|460|460|11
0|ALGERIA|24|0|58922.28|0.07|24|22849|22849|460|460|11
24|UNITED STATES|46|24|31127.1|0.0|46|22849|22849|460|460|11
9|INDONESIA|23|9|31978.32|0.08|23|22849|22849|460|460|11
16|MOZAMBIQUE|18|16|60965.1|0.04|18|22849|22849|460|460|11
2|BRAZIL|21|2|22571.76|0.02|21|22849|22849|460|460|11
0|ALGERIA|24|0|37744.44|0.07|24|9696|9696|460|460|11
9|INDONESIA|23|9|53980.05|0.07|23|9696|9696|460|460|11
16|MOZAMBIQUE|56|16|36859.48|0.03|56|9696|9696|460|460|11
24|UNITED STATES|49|24|54301.8|0.01|49|9696|9696|460|460|11
18|CHINA|72|18|52302.88|0.09|72|28640|28640|460|460|11
0|ALGERIA|28|0|25166.37|0.1|28|28640|28640|460|460|11
1|ARGENTINA|3|1|55596.0|0.07|3|28640|28640|460|460|11
5|ETHIOPIA|78|5|51360.74|0.08|78|45056|45056|460|460|11
1|ARGENTINA|29|1|54418.5|0.02|29|45056|45056|460|460|11
24|UNITED STATES|46|24|71579.44|0.04|46|44452|44452|460|460|11
14|KENYA|76|14|62367.0|0.03|76|44452|44452|460|460|11
0|ALGERIA|28|0|16197.1|0.09|28|44452|44452|460|460|11
24|UNITED STATES|64|24|6985.56|0.06|64|44452|44452|460|460|11
1|ARGENTINA|71|1|18989.9|0.04|71|33892|33892|460|460|11
9|INDONESIA|45|9|37784.32|0.04|45|12038|12038|131|131|11
1|ARGENTINA|3|1|17298.75|0.04|3|12038|12038|131|131|11
17|PERU|1|17|6012.6|0.09|1|9697|9697|131|131|11
3|CANADA|13|3|61570.94|0.05|13|9697|9697|131|131|11
16|MOZAMBIQUE|56|16|35191.17|0.08|56|9697|9697|131|131|11
22|RUSSIA|42|22|50793.6|0.07|42|9697|9697|131|131|11
7|GERMANY|53|7|20618.42|0.04|53|9697|9697|131|131|11
16|MOZAMBIQUE|31|16|7512.24|0.1|31|9697|9697|131|131|11
14|KENYA|6|14|32814.98|0.0|6|65|65|131|131|11
7|GERMANY|33|7|19152.21|0.09|33|65|65|131|131|11
24|UNITED STATES|49|24|35840.22|0.03|49|65|65|131|131|11
24|UNITED STATES|55|24|73689.88|0.07|55|19616|19616|172|172|22
18|CHINA|11|18|82637.5|0.03|11|19616|19616|172|172|22
23|UNITED KINGDOM|66|23|28998.6|0.0|66|19616|19616|172|172|22
8|INDIA|61|8|24166.35|0.05|61|19616|19616|172|172|22
10|IRAN|9|10|61625.36|0.05|9|19616|19616|172|172|22
15|MOROCCO|4|15|54476.88|0.04|4|19616|19616|172|172|22
1|ARGENTINA|3|1|28831.25|0.06|3|19616|19616|172|172|22
17|PERU|1|17|61427.52|0.05|1|32129|32129|172|172|22
16|MOZAMBIQUE|73|16|61091.1|0.01|73|32129|32129|172|172|22
10|IRAN|9|10|42892.25|0.03|9|32129|32129|172|172|22
15|MOROCCO|4|15|58868.04|0.02|4|32129|32129|172|172|22
12|JAPAN|54|12|47615.75|0.06|54|32129|32129|172|172|22
22|RUSSIA|16|22|50310.72|0.08|16|32129|32129|172|172|22
4|EGYPT|38|4|20833.89|0.03|38|32129|32129|172|172|22
17|PERU|1|17|62617.5|0.05|1|23298|23298|172|172|22
0|ALGERIA|37|0|77432.0|0.1|37|23298|23298|172|172|22
18|CHINA|11|18|78580.74|0.07|11|29767|29767|172|172|22
21|VIETNAM|26|21|1484.58|0.06|26|29767|29767|172|172|22
10|IRAN|34|10|15151.92|0.01|34|29767|29767|172|172|22
15|MOROCCO|4|15|38802.56|0.05|4|29767|29767|172|172|22
12|JAPAN|54|12|39524.94|0.0|54|29767|29767|172|172|22
0|ALGERIA|28|0|50755.5|0.03|28|29767|29767|172|172|22
18|CHINA|41|18|25760.56|0.09|41|29767|29767|172|172|22
21|VIETNAM|80|21|13758.48|0.0|80|7110|7110|580|580|11
0|ALGERIA|24|0|50077.65|0.04|24|7110|7110|580|580|11
10|IRAN|9|10|18089.37|0.07|9|32259|32259|580|580|11
2|BRAZIL|21|2|31251.1|0.04|21|32259|32259|580|580|11
24|UNITED STATES|49|24|32362.02|0.1|49|32259|32259|580|580|11
24|UNITED STATES|64|24|88923.53|0.03|64|32259|32259|580|580|11
16|MOZAMBIQUE|30|16|49036.65|0.0|30|32259|32259|580|580|11
4|EGYPT|22|4|55819.16|0.03|22|32578|32578|580|580|11
9|INDONESIA|51|9|16754.24|0.04|51|39232|39232|580|580|11
8|INDIA|15|8|38500.23|0.1|15|39232|39232|580|580|11
9|INDONESIA|23|9|28573.82|0.02|23|39232|39232|580|580|11
8|INDIA|39|8|9874.64|0.02|39|39232|39232|580|580|11
16|MOZAMBIQUE|31|16|26390.29|0.0|31|39232|39232|580|580|11
3|CANADA|20|3|26853.4|0.07|20|39232|39232|580|580|11
9|INDONESIA|50|9|34521.29|0.1|50|24481|24481|580|580|11
15|MOROCCO|14|15|35618.4|0.09|14|24481|24481|580|580|11
0|ALGERIA|24|0|20504.66|0.02|24|24481|24481|580|580|11
7|GERMANY|44|7|22632.96|0.03|44|19523|19523|580|580|11
7|GERMANY|44|7|27668.16|0.1|44|19523|19523|580|580|11
13|JORDAN|36|13|15878.94|0.1|36|19523|19523|580|580|11
5|ETHIOPIA|2|5|24036.22|0.0|2|19523|19523|580|580|11
1|ARGENTINA|3|1|14568.39|0.0|3|19523|19523|580|580|11
17|PERU|8|17|66270.05|0.08|8|17665|17665|580|580|11
7|GERMANY|44|7|69874.5|0.02|44|17665|17665|580|580|11
5|ETHIOPIA|63|5|21247.65|0.01|63|17665|17665|580|580|11
22|RUSSIA|40|22|35987.52|0.06|40|45893|45893|580|580|11
18|CHINA|11|18|37401.2|0.05|11|45893|45893|580|580|11
0|ALGERIA|37|0|44424.59|0.08|37|45893|45893|580|580|11
14|KENYA|47|14|17172.9|0.08|47|45893|45893|580|580|11
5|ETHIOPIA|78|5|6559.21|0.0|78|45893|45893|580|580|11
12|JAPAN|54|12|51255.2|0.08|54|45893|45893|580|580|11
9|INDONESIA|23|9|26003.5|0.06|23|16865|16865|580|580|11
19|ROMANIA|52|19|28318.68|0.07|52|16865|16865|580|580|11
17|PERU|8|17|50106.78|0.02|8|33377|33377|371|371|22
18|CHINA|72|18|51336.45|0.01|72|33377|33377|371|371|22
1|ARGENTINA|71|1|33855.37|0.04|71|33377|33377|371|371|22
24|UNITED STATES|19|24|46770.4|0.02|19|33377|33377|371|371|22
5|ETHIOPIA|2|5|83388.2|0.02|2|33377|33377|371|371|22
15|MOROCCO|14|15|31528.22|0.02|14|35526|35526|371|371|22
18|CHINA|41|18|23384.96|0.1|41|35526|35526|371|371|22
8|INDIA|60|8|8174.76|0.02|60|25697|25697|371|371|22
24|UNITED STATES|46|24|1745.84|0.01|46|25697|25697|371|371|22
4|EGYPT|67|4|30273.28|0.0|67|25697|25697|371|371|22
8|INDIA|61|8|2162.36|0.04|61|25312|25312|371|371|22
6|FRANCE|70|6|14656.05|0.06|70|25312|25312|371|371|22
21|VIETNAM|26|21|23297.82|0.07|26|25312|25312|371|371|22
14|KENYA|47|14|2314.5|0.02|47|25312|25312|371|371|22
9|INDONESIA|23|9|34785.52|0.06|23|25312|25312|371|371|22
11|IRAQ|5|11|70382.34|0.05|5|36610|36610|371|371|22
4|EGYPT|22|4|36306.27|0.01|22|36610|36610|371|371|22
9|INDONESIA|23|9|27641.34|0.05|23|36610|36610|371|371|22
11|IRAQ|5|11|27461.76|0.09|5|6947|6947|1024|1024|11
24|UNITED STATES|55|24|23350.75|0.07|55|6947|6947|1024|1024|11
22|RUSSIA|65|22|25041.06|0.02|65|6947|6947|1024|1024|11
11|IRAQ|5|11|33776.88|0.1|5|1731|1731|1024|1024|11
7|GERMANY|33|7|49444.92|0.1|33|1731|1731|1024|1024|11
9|INDONESIA|45|9|77448.18|0.03|45|1731|1731|1024|1024|11
10|IRAN|34|10|65420.0|0.05|34|1731|1731|1024|1024|11
12|JAPAN|54|12|7056.7|0.04|54|1731|1731|1024|1024|11
3|CANADA|20|3|48818.17|0.1|20|1731|1731|1024|1024|11
18|CHINA|72|18|6430.8|0.09|72|33764|33764|1024|1024|11
9|INDONESIA|50|9|66743.04|0.01|50|33764|33764|1024|1024|11
17|PERU|59|17|33769.08|0.08|59|33764|33764|1024|1024|11
9|INDONESIA|23|9|62719.16|0.0|23|33764|33764|1024|1024|11
2|BRAZIL|21|2|33471.88|0.06|21|33764|33764|1024|1024|11
7|GERMANY|53|7|19171.24|0.1|53|33764|33764|1024|1024|11
20|SAUDI ARABIA|74|20|25406.85|0.05|74|28675|28675|1024|1024|11
12|JAPAN|43|12|44322.6|0.09|43|31234|31234|1135|1135|11
21|VIETNAM|80|21|28477.92|0.04|80|33926|33926|1135|1135|11
0|ALGERIA|24|0|49908.8|0.04|24|33926|33926|1135|1135|11
17|PERU|1|17|5252.55|0.07|1|8288|8288|1135|1135|11
9|INDONESIA|51|9|36649.9|0.04|51|8288|8288|1135|1135|11
16|MOZAMBIQUE|73|16|40545.78|0.01|73|8288|8288|1135|1135|11
10|IRAN|9|10|38255.25|0.04|9|8288|8288|1135|1135|11
17|PERU|59|17|10467.2|0.09|59|8288|8288|1135|1135|11
9|INDONESIA|23|9|57781.62|0.02|23|8288|8288|1135|1135|11
17|PERU|1|17|7520.32|0.03|1|7878|7878|1105|1105|22
24|UNITED STATES|55|24|74544.54|0.0|55|7878|7878|1105|1105|22
9|INDONESIA|50|9|40619.52|0.09|50|7878|7878|1105|1105|22
17|PERU|57|17|46511.06|0.07|57|7878|7878|1105|1105|22
12|JAPAN|43|12|62256.6|0.07|43|7878|7878|1105|1105|22
21|VIETNAM|80|21|37958.25|0.01|80|17539|17539|1105|1105|22
19|ROMANIA|62|19|32936.4|0.02|62|17539|17539|1105|1105|22
4|EGYPT|22|4|19236.8|0.1|22|17539|17539|1105|1105|22
4|EGYPT|38|4|24578.88|0.05|38|17539|17539|1105|1105|22
18|CHINA|41|18|6847.44|0.03|41|17539|17539|1105|1105|22
5|ETHIOPIA|78|5|8088.55|0.09|78|4576|4576|1105|1105|22
15|MOROCCO|4|15|17238.62|0.09|4|4576|4576|1105|1105|22
22|RUSSIA|65|22|58671.78|0.08|65|4576|4576|1105|1105|22
24|UNITED STATES|55|24|36080.81|0.02|55|40903|40903|1105|1105|22
7|GERMANY|33|7|43671.56|0.04|33|40903|40903|1105|1105|22
8|INDIA|60|8|7700.28|0.02|60|40903|40903|1105|1105|22
15|MOROCCO|14|15|42294.72|0.05|14|40903|40903|1105|1105|22
21|VIETNAM|68|21|67171.28|0.01|68|40903|40903|1105|1105|22
17|PERU|1|17|19506.0|0.02|1|5031|5031|1105|1105|22
12|JAPAN|43|12|41708.64|0.1|43|5031|5031|1105|1105|22
8|INDIA|60|8|7680.33|0.03|60|9921|9921|1105|1105|22
5|ETHIOPIA|78|5|36326.92|0.05|78|9921|9921|1105|1105|22
4|EGYPT|38|4|64533.12|0.0|38|9921|9921|1105|1105|22
18|CHINA|75|18|12144.96|0.07|75|9921|9921|1105|1105|22
23|UNITED KINGDOM|7|23|55544.85|0.03|7|3585|3585|1105|1105|22
6|FRANCE|70|6|41965.6|0.03|70|3585|3585|1105|1105|22
22|RUSSIA|25|22|19710.79|0.01|25|3585|3585|1105|1105|22
0|ALGERIA|24|0|14263.47|0.06|24|3585|3585|1105|1105|22
23|UNITED KINGDOM|7|23|12964.28|0.0|7|45253|45253|1105|1105|22
12|JAPAN|43|12|42272.44|0.06|43|45253|45253|1105|1105|22
17|PERU|8|17|1232.33|0.03|8|47685|47685|1105|1105|22
9|INDONESIA|51|9|12084.88|0.07|51|47685|47685|1105|1105|22
14|KENYA|48|14|22992.66|0.05|48|47685|47685|1105|1105|22
8|INDIA|15|8|48399.84|0.06|15|47685|47685|1105|1105|22
24|UNITED STATES|10|24|35353.8|0.01|10|47685|47685|1105|1105|22
8|INDIA|39|8|42945.5|0.03|39|47685|47685|1105|1105|22
24|UNITED STATES|55|24|50114.65|0.03|55|34630|34630|1105|1105|22
14|KENYA|76|14|3916.2|0.03|76|34630|34630|1105|1105|22
8|INDIA|39|8|75980.5|0.07|39|34630|34630|1105|1105|22
18|CHINA|41|18|46957.23|0.08|41|34630|34630|1105|1105|22
17|PERU|8|17|21842.73|0.08|8|12069|12069|1105|1105|22
22|RUSSIA|40|22|34267.45|0.05|40|12069|12069|1105|1105|22
9|INDONESIA|50|9|65012.88|0.08|50|12069|12069|1105|1105|22
8|INDIA|61|8|14479.2|0.08|61|12069|12069|1105|1105|22
16|MOZAMBIQUE|58|16|26152.84|0.01|58|12069|12069|1105|1105|22
15|MOROCCO|14|15|49017.15|0.03|14|12069|12069|1105|1105|22
17|PERU|8|17|57509.49|0.05|8|11237|11237|1138|1138|22
14|KENYA|79|14|45424.32|0.05|79|11237|11237|1138|1138|22
8|INDIA|12|8|14727.52|0.04|12|11237|11237|1138|1138|22
12|JAPAN|43|12|20752.2|0.01|43|11237|11237|1138|1138|22
22|RUSSIA|25|22|1447.54|0.02|25|31200|31200|1139|1139|22
4|EGYPT|67|4|2164.36|0.0|67|31200|31200|1139|1139|22
15|MOROCCO|4|15|54626.14|0.06|4|31200|31200|1139|1139|22
8|INDIA|39|8|20601.98|0.08|39|31200|31200|1139|1139|22
0|ALGERIA|28|0|28266.68|0.01|28|31200|31200|1139|1139|22
8|INDIA|39|8|22135.68|0.09|39|31200|31200|1139|1139|22
5|ETHIOPIA|2|5|25741.83|0.01|2|31200|31200|1139|1139|22
18|CHINA|72|18|17420.48|0.01|72|43716|43716|1139|1139|22
12|JAPAN|43|12|39017.76|0.01|43|43716|43716|1139|1139|22
7|GERMANY|53|7|59920.32|0.0|53|43716|43716|1139|1139|22
21|VIETNAM|68|21|20770.68|0.08|68|3332|3332|1139|1139|22
22|RUSSIA|25|22|49121.58|0.1|25|40035|40035|26|26|22
21|VIETNAM|68|21|24881.25|0.03|68|40035|40035|26|26|22
4|EGYPT|67|4|68228.6|0.05|67|40035|40035|26|26|22
22|RUSSIA|65|22|13018.86|0.01|65|40035|40035|26|26|22
14|KENYA|48|14|59787.36|0.03|48|32897|32897|26|26|22
24|UNITED STATES|19|24|37046.33|0.08|19|32897|32897|26|26|22
1|ARGENTINA|29|1|48341.46|0.05|29|32897|32897|26|26|22
16|MOZAMBIQUE|31|16|20295.04|0.1|31|32897|32897|26|26|22
20|SAUDI ARABIA|74|20|46681.3|0.08|74|32897|32897|26|26|22
22|RUSSIA|65|22|12233.52|0.0|65|32803|32803|26|26|22
19|ROMANIA|17|19|76275.85|0.0|17|32803|32803|26|26|22
7|GERMANY|77|7|26741.04|0.04|77|39332|39332|26|26|22
22|RUSSIA|25|22|18653.69|0.0|25|39332|39332|26|26|22
14|KENYA|79|14|1109.2|0.02|79|39332|39332|26|26|22
8|INDIA|39|8|50929.48|0.06|39|39332|39332|26|26|22
18|CHINA|27|18|8163.82|0.01|27|39332|39332|26|26|22
21|VIETNAM|80|21|6722.2|0.04|80|16610|16610|26|26|22
24|UNITED STATES|46|24|64328.46|0.0|46|16610|16610|26|26|22
11|IRAQ|5|11|33360.75|0.04|5|34663|34663|26|26|22
1|ARGENTINA|71|1|58102.0|0.05|71|34663|34663|26|26|22
1|ARGENTINA|71|1|6657.15|0.09|71|34663|34663|26|26|22
3|CANADA|13|3|24163.92|0.08|13|34663|34663|26|26|22
3|CANADA|13|3|9120.1|0.03|13|34663|34663|26|26|22
3|CANADA|20|3|22404.2|0.04|20|34663|34663|26|26|22
22|RUSSIA|40|22|48399.68|0.1|40|20928|20928|1016|1016|11
9|INDONESIA|51|9|29335.68|0.0|51|20928|20928|1016|1016|11
7|GERMANY|77|7|24435.0|0.04|77|20928|20928|1016|1016|11
16|MOZAMBIQUE|31|16|4108.48|0.09|31|20928|20928|1016|1016|11
9|INDONESIA|23|9|2356.54|0.04|23|21412|21412|1016|1016|11
16|MOZAMBIQUE|56|16|2070.26|0.08|56|21412|21412|1016|1016|11
10|IRAN|34|10|39341.75|0.06|34|21412|21412|1016|1016|11
22|RUSSIA|16|22|37014.73|0.04|16|21412|21412|1016|1016|11
16|MOZAMBIQUE|30|16|15733.9|0.03|30|21412|21412|1016|1016|11
19|ROMANIA|62|19|6881.56|0.1|62|8135|8135|1016|1016|11
8|INDIA|60|8|31173.9|0.07|60|8135|8135|1016|1016|11
21|VIETNAM|35|21|7946.61|0.02|35|8135|8135|1016|1016|11
19|ROMANIA|17|19|90745.5|0.02|17|8135|8135|1016|1016|11
18|CHINA|27|18|15493.5|0.04|27|8135|8135|1016|1016|11
23|UNITED KINGDOM|66|23|56261.0|0.07|66|39685|39685|1016|1016|11
22|RUSSIA|25|22|26992.98|0.05|25|39685|39685|1016|1016|11
13|JORDAN|36|13|40522.03|0.0|36|39685|39685|1016|1016|11
21|VIETNAM|80|21|47538.56|0.1|80|47268|47268|1016|1016|11
9|INDONESIA|50|9|48411.46|0.09|50|47268|47268|1016|1016|11
0|ALGERIA|37|0|84614.18|0.03|37|47268|47268|1016|1016|11
14|KENYA|47|14|21078.4|0.07|47|47268|47268|1016|1016|11
3|CANADA|20|3|52196.81|0.09|20|47268|47268|1016|1016|11
16|MOZAMBIQUE|58|16|28790.6|0.01|58|2336|2336|1132|1132|22
17|PERU|59|17|6271.75|0.02|59|1158|1158|1132|1132|22
18|CHINA|75|18|26455.52|0.0|75|1158|1158|1132|1132|22
21|VIETNAM|80|21|33888.4|0.1|80|24325|24325|1132|1132|22
16|MOZAMBIQUE|73|16|14672.16|0.09|73|24325|24325|1132|1132|22
24|UNITED STATES|55|24|25137.81|0.08|55|24325|24325|1132|1132|22
16|MOZAMBIQUE|18|16|52507.0|0.05|18|24325|24325|1132|1132|22
11|IRAQ|5|11|49069.24|0.0|5|39428|39428|1132|1132|22
16|MOZAMBIQUE|73|16|55348.9|0.1|73|39428|39428|1132|1132|22
7|GERMANY|33|7|1183.28|0.07|33|32004|32004|1132|1132|22
9|INDONESIA|50|9|28136.68|0.01|50|32004|32004|1132|1132|22
0|ALGERIA|24|0|16860.2|0.03|24|32004|32004|1132|1132|22
24|UNITED STATES|19|24|5075.55|0.04|19|32004|32004|1132|1132|22
8|INDIA|39|8|22841.07|0.07|39|32004|32004|1132|1132|22
24|UNITED STATES|19|24|55939.6|0.1|19|45636|45636|1132|1132|22
18|CHINA|27|18|2128.32|0.07|27|45636|45636|1132|1132|22
7|GERMANY|44|7|25508.08|0.02|44|11842|11842|1132|1132|22
9|INDONESIA|23|9|23876.5|0.08|23|11842|11842|1132|1132|22
19|ROMANIA|52|19|30104.13|0.01|52|11842|11842|1132|1132|22
7|GERMANY|77|7|10370.25|0.01|77|21731|21731|1132|1132|22
4|EGYPT|22|4|37760.02|0.02|22|21731|21731|1132|1132|22
21|VIETNAM|26|21|11572.32|0.05|26|21731|21731|1132|1132|22
4|EGYPT|69|4|16801.07|0.03|69|21731|21731|1132|1132|22
24|UNITED STATES|46|24|43395.75|0.01|46|21731|21731|1132|1132|22
22|RUSSIA|42|22|39147.24|0.06|42|21731|21731|1132|1132|22
14|KENYA|79|14|30657.6|0.07|79|16708|16708|1132|1132|22
16|MOZAMBIQUE|56|16|50933.7|0.06|56|16708|16708|1132|1132|22
5|ETHIOPIA|78|5|39015.34|0.0|78|16708|16708|1132|1132|22
22|RUSSIA|42|22|21511.04|0.07|42|16708|16708|1132|1132|22
15|MOROCCO|14|15|36042.27|0.07|14|18976|18976|1132|1132|22
16|MOZAMBIQUE|30|16|70454.7|0.01|30|18976|18976|1132|1132|22
4|EGYPT|67|4|33010.74|0.05|67|2436|2436|1000|1000|22
4|EGYPT|67|4|7267.86|0.06|67|2436|2436|1000|1000|22
10|IRAN|34|10|54443.04|0.04|34|2436|2436|1000|1000|22
22|RUSSIA|42|22|57569.6|0.04|42|38|38|1000|1000|22
21|VIETNAM|26|21|42500.85|0.05|26|33346|33346|1000|1000|22
24|UNITED STATES|55|24|45877.4|0.03|55|12229|12229|1000|1000|22
3|CANADA|20|3|12193.32|0.09|20|12229|12229|1000|1000|22
1|ARGENTINA|3|1|30713.76|0.06|3|12229|12229|1000|1000|22
20|SAUDI ARABIA|74|20|76276.41|0.05|74|4068|4068|1000|1000|22
5|ETHIOPIA|2|5|42049.95|0.08|2|4068|4068|1000|1000|22
8|INDIA|15|8|8307.18|0.06|15|42020|42020|1000|1000|22
13|JORDAN|36|13|7920.64|0.05|36|42020|42020|1000|1000|22
16|MOZAMBIQUE|58|16|3168.45|0.01|58|42020|42020|1000|1000|22
21|VIETNAM|68|21|68272.6|0.09|68|42020|42020|1000|1000|22
23|UNITED KINGDOM|32|23|10979.76|0.02|32|42020|42020|1000|1000|22
24|UNITED STATES|55|24|3360.63|0.02|55|14785|14785|1000|1000|22
22|RUSSIA|40|22|3778.05|0.08|40|28128|28128|1000|1000|22
22|RUSSIA|40|22|46754.82|0.09|40|28128|28128|1000|1000|22
21|VIETNAM|26|21|44833.44|0.07|26|28128|28128|1000|1000|22
15|MOROCCO|14|15|19604.76|0.1|14|28128|28128|1000|1000|22
14|KENYA|47|14|37841.6|0.09|47|28128|28128|1000|1000|22
9|INDONESIA|23|9|25125.98|0.1|23|28128|28128|1000|1000|22
8|INDIA|12|8|77207.83|0.06|12|28128|28128|1000|1000|22
17|PERU|8|17|14656.16|0.06|8|44321|44321|1000|1000|22
18|CHINA|75|18|60958.26|0.05|75|44321|44321|1000|1000|22
18|CHINA|41|18|17898.8|0.08|41|44321|44321|1000|1000|22
11|IRAQ|5|11|5754.12|0.01|5|10337|10337|1088|1088|22
7|GERMANY|44|7|10388.25|0.04|44|10337|10337|1088|1088|22
1|ARGENTINA|29|1|12101.74|0.06|29|10337|10337|1088|1088|22
24|UNITED STATES|49|24|32794.6|0.03|49|10337|10337|1088|1088|22
5|ETHIOPIA|63|5|17018.91|0.05|63|44226|44226|1088|1088|22
24|UNITED STATES|55|24|66983.52|0.1|55|23943|23943|1088|1088|22
22|RUSSIA|25|22|18163.68|0.07|25|23943|23943|1088|1088|22
9|INDONESIA|45|9|69801.48|0.1|45|23943|23943|1088|1088|22
16|MOZAMBIQUE|56|16|40759.16|0.1|56|23943|23943|1088|1088|22
10|IRAN|34|10|49414.82|0.04|34|23943|23943|1088|1088|22
2|BRAZIL|21|2|48608.1|0.08|21|23943|23943|1088|1088|22
18|CHINA|27|18|84614.18|0.08|27|23943|23943|1088|1088|22
24|UNITED STATES|55|24|37014.66|0.0|55|23044|23044|1088|1088|22
9|INDONESIA|50|9|1858.04|0.1|50|23044|23044|1088|1088|22
3|CANADA|13|3|64969.08|0.0|13|23044|23044|1088|1088|22
0|ALGERIA|28|0|30838.0|0.07|28|23044|23044|1088|1088|22
23|UNITED KINGDOM|32|23|36320.0|0.07|32|41538|41538|839|839|22
14|KENYA|79|14|42755.85|0.1|79|11461|11461|839|839|22
9|INDONESIA|23|9|19957.44|0.05|23|11461|11461|839|839|22
19|ROMANIA|17|19|28035.83|0.01|17|11461|11461|839|839|22
17|PERU|8|17|61137.12|0.06|8|35266|35266|839|839|22
7|GERMANY|44|7|30052.0|0.05|44|35266|35266|839|839|22
1|ARGENTINA|71|1|13819.12|0.06|71|35266|35266|839|839|22
24|UNITED STATES|46|24|44417.27|0.05|46|35266|35266|839|839|22
15|MOROCCO|4|15|5021.4|0.02|4|35266|35266|839|839|22
18|CHINA|27|18|38261.65|0.02|27|35266|35266|839|839|22
5|ETHIOPIA|63|5|35653.92|0.1|63|35266|35266|839|839|22
4|EGYPT|22|4|57710.4|0.05|22|38023|38023|20|20|22
21|VIETNAM|68|21|34252.66|0.06|68|38023|38023|20|20|22
2|BRAZIL|21|2|1330.42|0.0|21|38023|38023|20|20|22
12|JAPAN|43|12|30991.12|0.02|43|38023|38023|20|20|22
8|INDIA|39|8|40715.71|0.08|39|38023|38023|20|20|22
24|UNITED STATES|64|24|86053.71|0.02|64|38023|38023|20|20|22
14|KENYA|79|14|39001.0|0.01|79|10369|10369|1118|1118|11
16|MOZAMBIQUE|56|16|59508.9|0.08|56|10369|10369|1118|1118|11
17|PERU|57|17|43958.97|0.0|57|23008|23008|1118|1118|11
17|PERU|8|17|25373.6|0.01|8|41218|41218|1118|1118|11
8|INDIA|60|8|41994.25|0.05|60|41218|41218|1118|1118|11
23|UNITED KINGDOM|32|23|36184.28|0.0|32|41218|41218|1118|1118|11
23|UNITED KINGDOM|7|23|3399.58|0.04|7|3233|3233|1118|1118|11
16|MOZAMBIQUE|56|16|42986.74|0.02|56|17248|17248|1118|1118|11
17|PERU|8|17|47242.32|0.01|8|28259|28259|1118|1118|11
1|ARGENTINA|71|1|15306.3|0.01|71|28259|28259|1118|1118|11
8|INDIA|39|8|6853.49|0.09|39|28259|28259|1118|1118|11
24|UNITED STATES|49|24|1815.91|0.02|49|38080|38080|190|190|11
22|RUSSIA|40|22|39017.72|0.05|40|25318|25318|190|190|11
18|CHINA|11|18|44760.24|0.09|11|25318|25318|190|190|11
7|GERMANY|77|7|34758.15|0.05|77|25318|25318|190|190|11
4|EGYPT|38|4|31433.75|0.06|38|25318|25318|190|190|11
22|RUSSIA|16|22|59022.8|0.04|16|25318|25318|190|190|11
7|GERMANY|77|7|43993.41|0.02|77|30944|30944|190|190|11
8|INDIA|15|8|26429.05|0.09|15|30944|30944|190|190|11
21|VIETNAM|26|21|4456.74|0.08|26|30944|30944|190|190|11
9|INDONESIA|23|9|7543.0|0.0|23|30944|30944|190|190|11
22|RUSSIA|65|22|52088.64|0.07|65|30944|30944|190|190|11
0|ALGERIA|28|0|19957.44|0.08|28|30944|30944|190|190|11
19|ROMANIA|52|19|22088.55|0.03|52|30944|30944|190|190|11
23|UNITED KINGDOM|66|23|11392.3|0.08|66|7331|7331|190|190|11
18|CHINA|11|18|27243.26|0.0|11|7331|7331|190|190|11
14|KENYA|47|14|24982.52|0.09|47|7331|7331|190|190|11
22|RUSSIA|25|22|17750.98|0.02|25|7331|7331|190|190|11
22|RUSSIA|42|22|54410.48|0.0|42|7331|7331|190|190|11
5|ETHIOPIA|63|5|32306.34|0.01|63|7331|7331|190|190|11
22|RUSSIA|40|22|17098.0|0.02|40|45381|45381|190|190|11
18|CHINA|72|18|15496.68|0.04|72|45381|45381|190|190|11
9|INDONESIA|45|9|57702.04|0.03|45|45381|45381|190|190|11
18|CHINA|41|18|45435.06|0.1|41|45381|45381|190|190|11
20|SAUDI ARABIA|74|20|75147.87|0.1|74|45381|45381|190|190|11
18|CHINA|72|18|72236.26|0.09|72|17478|17478|190|190|11
5|ETHIOPIA|2|5|69773.8|0.07|2|17478|17478|190|190|11
12|JAPAN|43|12|44160.12|0.04|43|550|550|190|190|11
22|RUSSIA|40|22|27365.52|0.05|40|24871|24871|190|190|11
7|GERMANY|33|7|4705.98|0.08|33|24871|24871|190|190|11
8|INDIA|61|8|5622.18|0.1|61|24871|24871|190|190|11
1|ARGENTINA|71|1|46921.17|0.03|71|24871|24871|190|190|11
24|UNITED STATES|19|24|64328.46|0.09|19|24871|24871|190|190|11
14|KENYA|76|14|66263.04|0.0|76|24871|24871|190|190|11
18|CHINA|75|18|66630.4|0.03|75|24871|24871|190|190|11
21|VIETNAM|68|21|3361.56|0.04|68|6082|6082|1109|1109|22
18|CHINA|27|18|52977.15|0.09|27|6082|6082|1109|1109|22
24|UNITED STATES|49|24|87163.68|0.03|49|6082|6082|1109|1109|22
1|ARGENTINA|3|1|49123.14|0.04|3|5831|5831|1109|1109|22
22|RUSSIA|40|22|7471.84|0.04|40|39201|39201|1109|1109|22
22|RUSSIA|40|22|74082.9|0.03|40|39201|39201|1109|1109|22
4|EGYPT|69|4|28737.66|0.08|69|39201|39201|1109|1109|22
14|KENYA|47|14|26861.38|0.0|47|39201|39201|1109|1109|22
21|VIETNAM|68|21|69774.5|0.02|68|39201|39201|1109|1109|22
16|MOZAMBIQUE|56|16|20504.66|0.04|56|39201|39201|1109|1109|22
19|ROMANIA|52|19|25076.55|0.05|52|39201|39201|1109|1109|22
21|VIETNAM|80|21|78117.9|0.09|80|36|36|923|923|11
17|PERU|8|17|43609.84|0.01|8|20227|20227|923|923|11
19|ROMANIA|62|19|12025.2|0.03|62|20227|20227|923|923|11
15|MOROCCO|14|15|15922.94|0.02|14|20227|20227|923|923|11
23|UNITED KINGDOM|7|23|28056.51|0.04|7|14496|14496|923|923|11
22|RUSSIA|40|22|40033.63|0.06|40|14496|14496|923|923|11
21|VIETNAM|26|21|69529.92|0.07|26|14496|14496|923|923|11
8|INDIA|12|8|20240.22|0.03|12|14496|14496|923|923|11
16|MOZAMBIQUE|18|16|16343.19|0.07|18|14496|14496|923|923|11
15|MOROCCO|14|15|24192.48|0.01|14|36897|36897|868|868|22
12|JAPAN|43|12|29538.35|0.04|43|36897|36897|868|868|22
23|UNITED KINGDOM|32|23|66010.14|0.05|32|36897|36897|868|868|22
12|JAPAN|43|12|36309.41|0.0|43|36897|36897|868|868|22
24|UNITED STATES|10|24|19537.08|0.06|10|36897|36897|868|868|22
3|CANADA|20|3|8439.0|0.02|20|36897|36897|868|868|22
21|VIETNAM|68|21|10979.76|0.04|68|6209|6209|868|868|22
22|RUSSIA|16|22|49652.8|0.06|16|6209|6209|868|868|22
7|GERMANY|53|7|47939.66|0.0|53|6209|6209|868|868|22
16|MOZAMBIQUE|30|16|15369.64|0.0|30|6209|6209|868|868|22
24|UNITED STATES|55|24|7610.26|0.09|55|41184|41184|868|868|22
18|CHINA|11|18|15397.29|0.04|11|41184|41184|868|868|22
22|RUSSIA|25|22|10018.8|0.01|25|41184|41184|868|868|22
24|UNITED STATES|46|24|25143.56|0.08|46|41184|41184|868|868|22
8|INDIA|39|8|68423.0|0.0|39|41184|41184|868|868|22
3|CANADA|13|3|39715.32|0.09|13|33254|33254|868|868|22
22|RUSSIA|16|22|22115.38|0.02|16|33254|33254|868|868|22
16|MOZAMBIQUE|30|16|32894.37|0.1|30|33254|33254|868|868|22
0|ALGERIA|28|0|31233.8|0.0|28|9219|9219|329|329|11
5|ETHIOPIA|63|5|26767.58|0.0|63|9219|9219|329|329|11
13|JORDAN|36|13|14325.75|0.08|36|37828|37828|329|329|11
21|VIETNAM|35|21|28330.2|0.06|35|37828|37828|329|329|11
24|UNITED STATES|46|24|1111.21|0.02|46|37828|37828|329|329|11
15|MOROCCO|4|15|48932.8|0.03|4|37828|37828|329|329|11
12|JAPAN|54|12|61034.4|0.01|54|37828|37828|329|329|11
22|RUSSIA|16|22|49985.58|0.02|16|37828|37828|329|329|11
13|JORDAN|36|13|49931.04|0.1|36|15265|15265|329|329|11
0|ALGERIA|24|0|69916.26|0.1|24|15265|15265|329|329|11
5|ETHIOPIA|2|5|27116.64|0.03|2|15265|15265|329|329|11
19|ROMANIA|62|19|15472.56|0.02|62|14754|14754|70|70|22
5|ETHIOPIA|78|5|3054.33|0.06|78|14754|14754|70|70|22
10|IRAN|34|10|13790.56|0.07|34|14754|14754|70|70|22
2|BRAZIL|21|2|7523.92|0.1|21|14754|14754|70|70|22
0|ALGERIA|28|0|19821.6|0.03|28|14754|14754|70|70|22
18|CHINA|41|18|54958.32|0.1|41|14754|14754|70|70|22
7|GERMANY|77|7|41931.63|0.07|77|46820|46820|70|70|22
13|JORDAN|36|13|32805.67|0.07|36|46820|46820|70|70|22
16|MOZAMBIQUE|58|16|37427.78|0.01|58|46820|46820|70|70|22
24|UNITED STATES|46|24|24233.84|0.1|46|46820|46820|70|70|22
9|INDONESIA|45|9|69899.48|0.02|45|46820|46820|70|70|22
18|CHINA|41|18|16506.6|0.07|41|46820|46820|70|70|22
7|GERMANY|44|7|41685.6|0.07|44|46116|46116|70|70|22
16|MOZAMBIQUE|56|16|7382.85|0.07|56|46116|46116|70|70|22
22|RUSSIA|65|22|58907.45|0.05|65|46116|46116|70|70|22
14|KENYA|76|14|10475.04|0.06|76|46116|46116|70|70|22
3|CANADA|20|3|43484.99|0.02|20|46116|46116|70|70|22
24|UNITED STATES|64|24|22268.7|0.07|64|46116|46116|70|70|22
17|PERU|59|17|19348.8|0.04|59|24514|24514|70|70|22
4|EGYPT|69|4|23190.84|0.09|69|24514|24514|70|70|22
16|MOZAMBIQUE|18|16|46470.6|0.06|18|24514|24514|70|70|22
19|ROMANIA|62|19|46051.0|0.02|62|21159|21159|70|70|22
8|INDIA|61|8|32771.04|0.06|61|21159|21159|70|70|22
9|INDONESIA|50|9|57261.2|0.0|50|21159|21159|70|70|22
4|EGYPT|69|4|44166.16|0.09|69|21159|21159|70|70|22
23|UNITED KINGDOM|66|23|2919.21|0.0|66|39076|39076|70|70|22
16|MOZAMBIQUE|56|16|37128.66|0.05|56|39076|39076|70|70|22
9|INDONESIA|23|9|16748.06|0.05|23|39076|39076|70|70|22
15|MOROCCO|4|15|55122.04|0.04|4|39076|39076|70|70|22
2|BRAZIL|21|2|7490.04|0.04|21|39076|39076|70|70|22
18|CHINA|27|18|6987.36|0.05|27|39076|39076|70|70|22
11|IRAQ|5|11|4088.48|0.01|5|15299|15299|70|70|22
7|GERMANY|77|7|11980.72|0.04|77|15299|15299|70|70|22
6|FRANCE|70|6|53382.6|0.01|70|15299|15299|70|70|22
22|RUSSIA|16|22|66080.38|0.02|16|22341|22341|70|70|22
16|MOZAMBIQUE|31|16|74479.0|0.08|31|22341|22341|70|70|22
24|UNITED STATES|19|24|72676.4|0.1|19|646|646|404|404|22
12|JAPAN|43|12|27317.52|0.06|43|646|646|404|404|22
8|INDIA|15|8|45030.28|0.04|15|9286|9286|404|404|22
0|ALGERIA|37|0|14115.24|0.07|37|9286|9286|404|404|22
16|MOZAMBIQUE|56|16|9650.4|0.07|56|9286|9286|404|404|22
8|INDIA|39|8|28107.03|0.07|39|9286|9286|404|404|22
19|ROMANIA|17|19|9250.2|0.01|17|9286|9286|404|404|22
8|INDIA|39|8|20206.23|0.07|39|9286|9286|404|404|22
16|MOZAMBIQUE|31|16|15086.17|0.06|31|9286|9286|404|404|22
7|GERMANY|44|7|10641.6|0.02|44|18692|18692|404|404|22
7|GERMANY|44|7|66838.59|0.04|44|18692|18692|404|404|22
0|ALGERIA|37|0|63191.08|0.07|37|18692|18692|404|404|22
4|EGYPT|67|4|2588.78|0.09|67|18692|18692|404|404|22
9|INDONESIA|50|9|6482.14|0.06|50|6945|6945|547|547|22
7|GERMANY|77|7|29496.19|0.1|77|17824|17824|547|547|22
24|UNITED STATES|46|24|7495.88|0.07|46|17824|17824|547|547|22
16|MOZAMBIQUE|31|16|7853.35|0.0|31|17824|17824|547|547|22
20|SAUDI ARABIA|74|20|26956.56|0.07|74|17824|17824|547|547|22
18|CHINA|11|18|41497.58|0.06|11|4512|4512|547|547|22
14|KENYA|47|14|35738.7|0.07|47|4512|4512|547|547|22
17|PERU|57|17|29479.68|0.04|57|4512|4512|547|547|22
1|ARGENTINA|29|1|22284.36|0.0|29|4512|4512|547|547|22
1|ARGENTINA|3|1|32739.84|0.1|3|4512|4512|547|547|22
9|INDONESIA|50|9|47452.0|0.0|50|21606|21606|547|547|22
0|ALGERIA|37|0|12297.95|0.09|37|21606|21606|547|547|22
22|RUSSIA|25|22|7022.5|0.03|25|21606|21606|547|547|22
3|CANADA|13|3|29873.77|0.1|13|21606|21606|547|547|22
9|INDONESIA|45|9|28021.13|0.03|45|21606|21606|547|547|22
12|JAPAN|43|12|20245.26|0.02|43|21606|21606|547|547|22
7|GERMANY|33|7|9426.16|0.03|33|3939|3939|547|547|22
8|INDIA|39|8|7151.52|0.05|39|14022|14022|547|547|22
19|ROMANIA|52|19|59841.55|0.03|52|14022|14022|547|547|22
0|ALGERIA|37|0|75232.9|0.03|37|25479|25479|305|305|11
4|EGYPT|67|4|13164.1|0.0|67|25479|25479|305|305|11
23|UNITED KINGDOM|7|23|26654.0|0.07|7|46753|46753|305|305|11
7|GERMANY|77|7|14565.5|0.05|77|46753|46753|305|305|11
18|CHINA|72|18|52075.42|0.07|72|46753|46753|305|305|11
24|UNITED STATES|19|24|38053.14|0.06|19|46753|46753|305|305|11
13|JORDAN|36|13|47093.17|0.08|36|2051|2051|305|305|11
14|KENYA|76|14|44929.44|0.01|76|2051|2051|305|305|11
18|CHINA|72|18|61522.12|0.1|72|37285|37285|305|305|11
18|CHINA|27|18|34002.45|0.04|27|37285|37285|305|305|11
1|ARGENTINA|71|1|23299.02|0.0|71|6468|6468|844|844|11
10|IRAN|9|10|7070.7|0.04|9|41765|41765|844|844|11
3|CANADA|13|3|39075.05|0.0|13|41765|41765|844|844|11
0|ALGERIA|24|0|38633.18|0.09|24|41765|41765|844|844|11
16|MOZAMBIQUE|18|16|69610.32|0.0|18|41765|41765|844|844|11
14|KENYA|76|14|12810.14|0.07|76|41765|41765|844|844|11
19|ROMANIA|62|19|25408.08|0.05|62|16582|16582|844|844|11
21|VIETNAM|68|21|7463.12|0.06|68|16582|16582|844|844|11
8|INDIA|12|8|28170.24|0.01|12|16582|16582|844|844|11
16|MOZAMBIQUE|18|16|47494.17|0.09|18|16582|16582|844|844|11
1|ARGENTINA|71|1|22824.8|0.07|71|30530|30530|502|502|11
8|INDIA|12|8|33136.92|0.06|12|16737|16737|502|502|11
22|RUSSIA|65|22|17022.12|0.0|65|16737|16737|502|502|11
14|KENYA|6|14|48253.0|0.01|6|40515|40515|502|502|11
9|INDONESIA|51|9|28272.78|0.01|51|40515|40515|502|502|11
8|INDIA|61|8|73637.6|0.1|61|40515|40515|502|502|11
16|MOZAMBIQUE|31|16|44777.7|0.09|31|40515|40515|502|502|11
19|ROMANIA|52|19|14295.48|0.05|52|40515|40515|502|502|11
16|MOZAMBIQUE|18|16|14656.05|0.02|18|35074|35074|502|502|11
17|PERU|8|17|10699.44|0.05|8|27266|27266|502|502|11
8|INDIA|15|8|34561.24|0.1|15|27266|27266|502|502|11
22|RUSSIA|25|22|80208.48|0.02|25|27266|27266|502|502|11
9|INDONESIA|23|9|32337.34|0.06|23|27266|27266|502|502|11
23|UNITED KINGDOM|32|23|39373.92|0.07|32|27266|27266|502|502|11
12|JAPAN|54|12|6406.9|0.08|54|27266|27266|502|502|11
22|RUSSIA|65|22|20702.88|0.06|65|27266|27266|502|502|11
4|EGYPT|67|4|38495.82|0.08|67|40163|40163|502|502|11
11|IRAQ|5|11|17848.8|0.09|5|43046|43046|953|953|22
22|RUSSIA|40|22|29118.56|0.1|40|43046|43046|953|953|22
7|GERMANY|44|7|34315.12|0.06|44|43046|43046|953|953|22
0|ALGERIA|37|0|10476.13|0.04|37|43046|43046|953|953|22
24|UNITED STATES|46|24|14589.96|0.05|46|43046|43046|953|953|22
8|INDIA|39|8|66220.65|0.04|39|43046|43046|953|953|22
22|RUSSIA|42|22|26765.04|0.04|42|43046|43046|953|953|22
22|RUSSIA|16|22|59018.22|0.09|16|17606|17606|953|953|22
23|UNITED KINGDOM|7|23|15677.1|0.08|7|2694|2694|953|953|22
8|INDIA|60|8|12673.8|0.0|60|2694|2694|953|953|22
17|PERU|59|17|17588.5|0.08|59|2694|2694|953|953|22
14|KENYA|47|14|40503.75|0.07|47|2694|2694|953|953|22
17|PERU|57|17|33666.6|0.02|57|2694|2694|953|953|22
24|UNITED STATES|55|24|8037.68|0.08|55|47137|47137|953|953|22
14|KENYA|79|14|16001.44|0.02|79|47137|47137|953|953|22
24|UNITED STATES|19|24|25185.09|0.02|19|47137|47137|953|953|22
24|UNITED STATES|19|24|4024.4|0.07|19|47137|47137|953|953|22
24|UNITED STATES|55|24|5529.92|0.06|55|36128|36128|52|52|11
13|JORDAN|36|13|59910.4|0.09|36|36128|36128|52|52|11
12|JAPAN|43|12|29203.24|0.07|43|44128|44128|52|52|11
13|JORDAN|36|13|51604.35|0.05|36|3330|3330|52|52|11
14|KENYA|48|14|46704.6|0.04|48|28610|28610|52|52|11
17|PERU|59|17|46612.83|0.08|59|28610|28610|52|52|11
10|IRAN|34|10|26668.6|0.05|34|31298|31298|409|409|11
23|UNITED KINGDOM|7|23|5553.92|0.08|7|26180|26180|409|409|11
14|KENYA|6|14|38598.12|0.05|6|26180|26180|409|409|11
21|VIETNAM|68|21|38992.56|0.05|68|26180|26180|409|409|11
8|INDIA|12|8|8379.27|0.08|12|26180|26180|409|409|11
17|PERU|8|17|40430.55|0.0|8|7814|7814|409|409|11
18|CHINA|11|18|20132.76|0.05|11|7492|7492|409|409|11
12|JAPAN|54|12|42834.36|0.03|54|7492|7492|409|409|11
21|VIETNAM|80|21|22787.31|0.07|80|12448|12448|409|409|11
17|PERU|8|17|28350.72|0.01|8|12448|12448|409|409|11
4|EGYPT|22|4|31993.66|0.05|22|12448|12448|409|409|11
22|RUSSIA|25|22|28670.24|0.06|25|12448|12448|409|409|11
19|ROMANIA|17|19|49235.34|0.03|17|12448|12448|409|409|11
17|PERU|1|17|29893.92|0.08|1|3363|3363|409|409|11
22|RUSSIA|25|22|2340.52|0.01|25|3363|3363|409|409|11
21|VIETNAM|35|21|36038.0|0.07|35|3363|3363|409|409|11
23|UNITED KINGDOM|32|23|5982.36|0.0|32|3363|3363|409|409|11
3|CANADA|20|3|41120.94|0.0|20|3363|3363|409|409|11
0|ALGERIA|24|0|9291.94|0.07|24|29862|29862|409|409|11
0|ALGERIA|24|0|14731.2|0.08|24|29862|29862|409|409|11
9|INDONESIA|23|9|56316.96|0.06|23|29862|29862|409|409|11
10|IRAN|34|10|39338.24|0.1|34|29862|29862|409|409|11
20|SAUDI ARABIA|74|20|12146.2|0.06|74|29862|29862|409|409|11
20|SAUDI ARABIA|74|20|35318.88|0.02|74|29862|29862|409|409|11
21|VIETNAM|80|21|40707.03|0.07|80|15333|15333|409|409|11
22|RUSSIA|40|22|54597.3|0.03|40|15333|15333|409|409|11
7|GERMANY|44|7|70004.25|0.01|44|15333|15333|409|409|11
7|GERMANY|33|7|23288.8|0.03|33|15333|15333|409|409|11
10|IRAN|34|10|11460.6|0.05|34|15333|15333|409|409|11
16|MOZAMBIQUE|31|16|26344.08|0.07|31|15333|15333|409|409|11
5|ETHIOPIA|2|5|22311.66|0.04|2|15333|15333|409|409|11
23|UNITED KINGDOM|66|23|41625.9|0.02|66|23014|23014|409|409|11
16|MOZAMBIQUE|18|16|29551.4|0.02|18|29955|29955|409|409|11
4|EGYPT|38|4|22969.2|0.08|38|29955|29955|409|409|11
18|CHINA|41|18|47140.94|0.02|41|29955|29955|409|409|11
7|GERMANY|44|7|42707.25|0.01|44|5922|5922|1141|1141|22
15|MOROCCO|4|15|13208.04|0.07|4|5922|5922|1141|1141|22
12|JAPAN|54|12|56619.85|0.08|54|5922|5922|1141|1141|22
22|RUSSIA|25|22|34238.0|0.08|25|33508|33508|1141|1141|22
19|ROMANIA|17|19|31651.29|0.06|17|7650|7650|1141|1141|22
5|ETHIOPIA|63|5|23152.5|0.03|63|7650|7650|1141|1141|22
9|INDONESIA|50|9|21863.25|0.02|50|15298|15298|1141|1141|22
14|KENYA|47|14|2086.28|0.06|47|15298|15298|1141|1141|22
0|ALGERIA|24|0|43691.9|0.05|24|15298|15298|1141|1141|22
18|CHINA|41|18|31759.0|0.1|41|15298|15298|1141|1141|22
5|ETHIOPIA|63|5|38368.56|0.09|63|15298|15298|1141|1141|22
17|PERU|8|17|37047.36|0.01|8|30151|30151|1141|1141|22
16|MOZAMBIQUE|58|16|58577.98|0.04|58|30151|30151|1141|1141|22
8|INDIA|12|8|31504.5|0.05|12|30151|30151|1141|1141|22
24|UNITED STATES|46|24|52574.39|0.07|46|35587|35587|1184|1184|11
8|INDIA|39|8|9640.53|0.02|39|35587|35587|1184|1184|11
4|EGYPT|38|4|37639.6|0.05|38|35587|35587|1184|1184|11
24|UNITED STATES|49|24|51714.12|0.02|49|35587|35587|1184|1184|11
5|ETHIOPIA|63|5|59553.9|0.06|63|35587|35587|1184|1184|11
11|IRAQ|5|11|37946.04|0.1|5|27717|27717|947|947|22
22|RUSSIA|40|22|8152.88|0.02|40|27717|27717|947|947|22
18|CHINA|72|18|16776.54|0.04|72|27717|27717|947|947|22
17|PERU|59|17|18211.32|0.02|59|27717|27717|947|947|22
18|CHINA|27|18|8884.35|0.02|27|44161|44161|947|947|22
22|RUSSIA|25|22|13654.6|0.05|25|18081|18081|649|649|11
3|CANADA|20|3|1559.65|0.06|20|14915|14915|649|649|11
7|GERMANY|44|7|49427.04|0.05|44|25186|25186|649|649|11
24|UNITED STATES|49|24|17190.36|0.06|49|25186|25186|649|649|11
21|VIETNAM|80|21|57393.6|0.03|80|28322|28322|649|649|11
14|KENYA|6|14|20886.4|0.0|6|28322|28322|649|649|11
11|IRAQ|5|11|35097.0|0.01|5|28322|28322|649|649|11
6|FRANCE|70|6|9177.72|0.1|70|28322|28322|649|649|11
4|EGYPT|67|4|38344.88|0.04|67|28322|28322|649|649|11
16|MOZAMBIQUE|18|16|75180.0|0.04|18|28322|28322|649|649|11
19|ROMANIA|62|19|21863.36|0.03|62|46341|46341|649|649|11
7|GERMANY|33|7|1149.24|0.0|33|46341|46341|649|649|11
1|ARGENTINA|71|1|68269.85|0.03|71|46341|46341|649|649|11
4|EGYPT|69|4|44259.04|0.08|69|46341|46341|649|649|11
14|KENYA|79|14|50614.4|0.04|79|46341|46341|649|649|11
16|MOZAMBIQUE|18|16|42005.6|0.04|18|46341|46341|649|649|11
15|MOROCCO|14|15|24827.25|0.04|14|15875|15875|649|649|11
1|ARGENTINA|29|1|39137.58|0.01|29|15875|15875|649|649|11
8|INDIA|39|8|23398.41|0.03|39|15875|15875|649|649|11
22|RUSSIA|42|22|42831.87|0.06|42|15875|15875|649|649|11
14|KENYA|6|14|35206.05|0.05|6|45028|45028|83|83|22
4|EGYPT|69|4|44329.98|0.01|69|45028|45028|83|83|22
2|BRAZIL|21|2|54778.95|0.06|21|45028|45028|83|83|22
7|GERMANY|33|7|56870.42|0.05|33|21668|21668|83|83|22
14|KENYA|79|14|60479.5|0.1|79|23558|23558|83|83|22
9|INDONESIA|23|9|43052.82|0.08|23|23558|23558|83|83|22
8|INDIA|12|8|29471.4|0.03|12|23558|23558|83|83|22
14|KENYA|76|14|25786.35|0.05|76|23558|23558|83|83|22
0|ALGERIA|28|0|41444.4|0.01|28|23558|23558|83|83|22
4|EGYPT|38|4|23371.02|0.09|38|23558|23558|83|83|22
16|MOZAMBIQUE|30|16|44610.72|0.06|30|23558|23558|83|83|22
21|VIETNAM|26|21|11572.32|0.07|26|16322|16322|1040|1040|11
16|MOZAMBIQUE|18|16|70928.76|0.0|18|16322|16322|1040|1040|11
16|MOZAMBIQUE|31|16|16437.4|0.02|31|16322|16322|1040|1040|11
11|IRAQ|5|11|32347.0|0.08|5|19811|19811|1040|1040|11
10|IRAN|34|10|56123.2|0.07|34|19811|19811|1040|1040|11
9|INDONESIA|23|9|46096.6|0.0|23|19811|19811|1040|1040|11
16|MOZAMBIQUE|56|16|54814.22|0.0|56|19811|19811|1040|1040|11
8|INDIA|39|8|46796.82|0.05|39|19811|19811|1040|1040|11
3|CANADA|20|3|81157.92|0.05|20|19811|19811|1040|1040|11
16|MOZAMBIQUE|31|16|1978.16|0.01|31|19811|19811|1040|1040|11
24|UNITED STATES|55|24|8584.24|0.04|55|35875|35875|710|710|22
8|INDIA|60|8|32735.0|0.01|60|35875|35875|710|710|22
14|KENYA|47|14|25773.72|0.04|47|35875|35875|710|710|22
16|MOZAMBIQUE|56|16|20671.98|0.09|56|35875|35875|710|710|22
4|EGYPT|67|4|44757.94|0.04|67|35875|35875|710|710|22
5|ETHIOPIA|78|5|74903.72|0.09|78|35875|35875|710|710|22
24|UNITED STATES|64|24|85938.65|0.08|64|35875|35875|710|710|22
11|IRAQ|5|11|1928.12|0.1|5|2277|2277|710|710|22
17|PERU|59|17|36247.06|0.02|59|2277|2277|710|710|22
9|INDONESIA|23|9|5938.32|0.05|23|2277|2277|710|710|22
16|MOZAMBIQUE|56|16|37851.42|0.03|56|2277|2277|710|710|22
10|IRAN|34|10|9487.35|0.0|34|34726|34726|710|710|22
14|KENYA|6|14|59860.24|0.05|6|44292|44292|610|610|11
17|PERU|59|17|22767.51|0.01|59|44292|44292|610|610|11
21|VIETNAM|26|21|26570.16|0.1|26|44292|44292|610|610|11
17|PERU|57|17|80148.48|0.06|57|44292|44292|610|610|11
1|ARGENTINA|29|1|25202.5|0.06|29|10052|10052|610|610|11
14|KENYA|79|14|34003.06|0.0|79|4513|4513|665|665|22
24|UNITED STATES|49|24|18622.89|0.08|49|4513|4513|665|665|22
18|CHINA|27|18|56961.84|0.01|27|4513|4513|665|665|22
20|SAUDI ARABIA|74|20|36376.15|0.03|74|4513|4513|665|665|22
7|GERMANY|44|7|41654.4|0.04|44|7714|7714|665|665|22
4|EGYPT|69|4|12090.96|0.1|69|7714|7714|665|665|22
21|VIETNAM|68|21|21965.58|0.09|68|7714|7714|665|665|22
5|ETHIOPIA|63|5|31197.18|0.08|63|7714|7714|665|665|22
5|ETHIOPIA|63|5|25727.6|0.04|63|7714|7714|665|665|22
21|VIETNAM|68|21|21107.1|0.06|68|36193|36193|665|665|22
14|KENYA|79|14|18980.4|0.07|79|36193|36193|665|665|22
10|IRAN|34|10|27696.45|0.03|34|36193|36193|665|665|22
23|UNITED KINGDOM|32|23|47794.88|0.05|32|36193|36193|665|665|22
5|ETHIOPIA|63|5|22045.38|0.01|63|36193|36193|665|665|22
5|ETHIOPIA|63|5|31551.3|0.08|63|36193|36193|665|665|22
8|INDIA|60|8|27351.07|0.1|60|21315|21315|148|148|11
13|JORDAN|36|13|28955.64|0.09|36|21315|21315|148|148|11
8|INDIA|12|8|65188.82|0.09|12|21315|21315|148|148|11
9|INDONESIA|50|9|34542.0|0.07|50|8519|8519|467|467|11
17|PERU|57|17|45890.4|0.07|57|8519|8519|467|467|11
3|CANADA|13|3|45451.82|0.07|13|8519|8519|467|467|11
24|UNITED STATES|46|24|19508.96|0.08|46|8519|8519|467|467|11
1|ARGENTINA|29|1|59771.8|0.05|29|8519|8519|467|467|11
22|RUSSIA|65|22|11793.46|0.02|65|8519|8519|467|467|11
21|VIETNAM|80|21|30248.4|0.08|80|36033|36033|467|467|11
18|CHINA|72|18|4232.6|0.09|72|36033|36033|467|467|11
3|CANADA|13|3|20740.5|0.0|13|36033|36033|467|467|11
10|IRAN|34|10|39942.25|0.0|34|36033|36033|467|467|11
21|VIETNAM|80|21|44496.75|0.08|80|39844|39844|467|467|11
14|KENYA|6|14|39733.68|0.07|6|39844|39844|467|467|11
7|GERMANY|44|7|7177.74|0.03|44|39844|39844|467|467|11
18|CHINA|72|18|50748.06|0.06|72|39844|39844|467|467|11
22|RUSSIA|25|22|44811.74|0.02|25|39844|39844|467|467|11
23|UNITED KINGDOM|7|23|34262.74|0.03|7|39590|39590|368|368|22
21|VIETNAM|26|21|15076.5|0.09|26|39590|39590|368|368|22
14|KENYA|47|14|40707.86|0.09|47|39590|39590|368|368|22
16|MOZAMBIQUE|18|16|2076.26|0.08|18|39590|39590|368|368|22
14|KENYA|6|14|6475.02|0.09|6|22848|22848|368|368|22
18|CHINA|27|18|80100.48|0.0|27|22848|22848|368|368|22
7|GERMANY|53|7|35738.62|0.02|53|22848|22848|368|368|22
5|ETHIOPIA|63|5|2034.22|0.06|63|22848|22848|368|368|22
16|MOZAMBIQUE|30|16|38985.92|0.08|30|22848|22848|368|368|22
1|ARGENTINA|3|1|14276.47|0.05|3|22848|22848|368|368|22
7|GERMANY|77|7|45890.4|0.0|77|17472|17472|368|368|22
21|VIETNAM|26|21|56204.28|0.1|26|17472|17472|368|368|22
14|KENYA|6|14|61824.27|0.1|6|23047|23047|368|368|22
14|KENYA|6|14|37000.0|0.02|6|23047|23047|368|368|22
23|UNITED KINGDOM|32|23|9099.99|0.0|32|23047|23047|368|368|22
19|ROMANIA|17|19|31091.97|0.08|17|23047|23047|368|368|22
3|CANADA|20|3|20404.93|0.05|20|23047|23047|368|368|22
11|IRAQ|5|11|67138.56|0.05|5|19649|19649|412|412|22
23|UNITED KINGDOM|66|23|19005.0|0.07|66|19649|19649|412|412|22
0|ALGERIA|37|0|29759.4|0.01|37|19649|19649|412|412|22
15|MOROCCO|4|15|25056.54|0.0|4|19649|19649|412|412|22
12|JAPAN|54|12|20406.75|0.02|54|19649|19649|412|412|22
8|INDIA|61|8|21143.0|0.02|61|36327|36327|412|412|22
14|KENYA|47|14|39305.52|0.02|47|36327|36327|412|412|22
4|EGYPT|67|4|47301.24|0.07|67|36327|36327|412|412|22
8|INDIA|39|8|17983.08|0.01|39|36327|36327|412|412|22
21|VIETNAM|26|21|44312.97|0.07|26|6722|6722|412|412|22
21|VIETNAM|68|21|51191.73|0.07|68|6722|6722|412|412|22
17|PERU|57|17|51655.9|0.08|57|6722|6722|412|412|22
14|KENYA|76|14|6550.92|0.03|76|6722|6722|412|412|22
12|JAPAN|54|12|59010.7|0.08|54|6722|6722|412|412|22
0|ALGERIA|28|0|62436.36|0.07|28|6722|6722|412|412|22
22|RUSSIA|42|22|25019.06|0.08|42|6722|6722|412|412|22
15|MOROCCO|14|15|65068.8|0.01|14|31556|31556|412|412|22
21|VIETNAM|68|21|16579.92|0.01|68|31556|31556|412|412|22
24|UNITED STATES|49|24|37119.9|0.08|49|31556|31556|412|412|22
14|KENYA|47|14|33208.92|0.07|47|934|934|412|412|22
17|PERU|59|17|42076.35|0.1|59|45829|45829|412|412|22
8|INDIA|60|8|14720.16|0.04|60|44293|44293|412|412|22
3|CANADA|13|3|26128.5|0.05|13|44293|44293|412|412|22
9|INDONESIA|23|9|32217.84|0.02|23|44293|44293|412|412|22
9|INDONESIA|23|9|3071.26|0.08|23|44293|44293|412|412|22
12|JAPAN|43|12|32923.77|0.02|43|44293|44293|412|412|22
24|UNITED STATES|49|24|57097.74|0.07|49|44293|44293|412|412|22
19|ROMANIA|52|19|44363.88|0.05|52|44293|44293|412|412|22
21|VIETNAM|35|21|24287.62|0.1|35|39200|39200|412|412|22
14|KENYA|76|14|16546.08|0.03|76|39200|39200|412|412|22
18|CHINA|41|18|30908.25|0.04|41|39200|39200|412|412|22
18|CHINA|41|18|6418.8|0.02|41|39200|39200|412|412|22
16|MOZAMBIQUE|30|16|64688.85|0.0|30|39200|39200|412|412|22
7|GERMANY|33|7|16036.92|0.03|33|37894|37894|412|412|22
5|ETHIOPIA|78|5|7757.4|0.04|78|37894|37894|412|412|22
14|KENYA|76|14|19256.58|0.04|76|37894|37894|412|412|22
14|KENYA|6|14|1865.96|0.05|6|7554|7554|653|653|11
17|PERU|1|17|3597.78|0.08|1|7554|7554|653|653|11
16|MOZAMBIQUE|73|16|7616.4|0.01|73|7554|7554|653|653|11
8|INDIA|39|8|13768.95|0.08|39|7554|7554|653|653|11
13|JORDAN|36|13|35438.4|0.05|36|33828|33828|653|653|11
17|PERU|1|17|44220.8|0.03|1|20098|20098|653|653|11
7|GERMANY|77|7|38801.04|0.0|77|20098|20098|653|653|11
0|ALGERIA|37|0|22712.16|0.04|37|20098|20098|653|653|11
5|ETHIOPIA|63|5|68916.1|0.08|63|20098|20098|653|653|11
