7|GERMANY|44|7|17537.38|0.08|44|21057|21057|904
18|CHINA|72|18|38020.8|0.03|72|21057|21057|904
3|CANADA|13|3|4685.15|0.08|13|21057|21057|904
5|ETHIOPIA|78|5|29230.72|0.01|78|21057|21057|904
2|BRAZIL|21|2|3281.48|0.09|21|21057|21057|904
19|ROMANIA|17|19|8883.42|0.03|17|21057|21057|904
19|ROMANIA|17|19|83367.84|0.05|17|21057|21057|904
16|MOZAMBIQUE|73|16|5712.3|0.07|73|14336|14336|607
10|IRAN|34|10|26668.6|0.05|34|31298|31298|409
17|PERU|59|17|16423.02|0.0|59|37700|37700|1196
12|JAPAN|54|12|5742.12|0.05|54|37700|37700|1196
24|UNITED STATES|49|24|20646.67|0.02|49|37700|37700|1196
5|ETHIOPIA|63|5|25844.56|0.1|63|37700|37700|1196
8|INDIA|61|8|12894.28|0.08|61|47170|47170|739
24|UNITED STATES|46|24|8353.12|0.06|46|47170|47170|739
16|MOZAMBIQUE|56|16|18300.2|0.04|56|47170|47170|739
1|ARGENTINA|29|1|50649.2|0.07|29|47170|47170|739
23|UNITED KINGDOM|7|23|5553.92|0.08|7|26180|26180|409
14|KENYA|6|14|38598.12|0.05|6|26180|26180|409
21|VIETNAM|68|21|38992.56|0.05|68|26180|26180|409
8|INDIA|12|8|8379.27|0.08|12|26180|26180|409
17|PERU|8|17|40430.55|0.0|8|7814|7814|409
7|GERMANY|44|7|42707.25|0.01|44|5922|5922|1141
15|MOROCCO|4|15|13208.04|0.07|4|5922|5922|1141
12|JAPAN|54|12|56619.85|0.08|54|5922|5922|1141
17|PERU|59|17|41491.68|0.0|59|1697|1697|607
21|VIETNAM|26|21|80641.26|0.08|26|1697|1697|607
18|CHINA|11|18|42061.12|0.05|11|38306|38306|508
16|MOZAMBIQUE|58|16|58905.0|0.06|58|38306|38306|508
22|RUSSIA|25|22|7802.4|0.07|25|38306|38306|508
1|ARGENTINA|29|1|5573.85|0.0|29|38306|38306|508
5|ETHIOPIA|63|5|66951.28|0.06|63|38306|38306|508
17|PERU|1|17|17186.72|0.07|1|24545|24545|937
0|ALGERIA|24|0|34357.62|0.08|24|24545|24545|937
4|EGYPT|67|4|45451.56|0.03|67|24545|24545|937
19|ROMANIA|17|19|58938.73|0.08|17|24545|24545|937
5|ETHIOPIA|2|5|62481.6|0.05|2|24545|24545|937
24|UNITED STATES|55|24|5529.92|0.06|55|36128|36128|52
13|JORDAN|36|13|59910.4|0.09|36|36128|36128|52
10|IRAN|9|10|46144.35|0.03|9|41254|41254|1031
14|KENYA|79|14|33849.86|0.07|79|41254|41254|1031
2|BRAZIL|21|2|64561.0|0.02|21|41254|41254|1031
5|ETHIOPIA|2|5|39959.18|0.01|2|41254|41254|1031
11|IRAQ|5|11|38108.92|0.1|5|10179|10179|926
0|ALGERIA|37|0|49114.36|0.09|37|10179|10179|926
24|UNITED STATES|46|24|45413.72|0.08|46|10179|10179|926
23|UNITED KINGDOM|7|23|5556.12|0.1|7|33510|33510|805
22|RUSSIA|40|22|53558.98|0.02|40|33510|33510|805
10|IRAN|9|10|25127.5|0.01|9|33510|33510|805
21|VIETNAM|35|21|51043.02|0.04|35|33510|33510|805
12|JAPAN|43|12|66799.59|0.08|43|33510|33510|805
23|UNITED KINGDOM|32|23|41746.37|0.01|32|33510|33510|805
2|BRAZIL|21|2|25152.69|0.09|21|20288|20288|1075
22|RUSSIA|25|22|56566.04|0.05|25|18726|18726|1064
22|RUSSIA|42|22|48410.8|0.08|42|18726|18726|1064
8|INDIA|61|8|62067.0|0.05|61|2114|2114|629
4|EGYPT|38|4|35944.48|0.02|38|2114|2114|629
19|ROMANIA|52|19|29907.25|0.07|52|2114|2114|629
22|RUSSIA|40|22|18621.33|0.1|40|6855|6855|85
17|PERU|57|17|50448.02|0.08|57|6855|6855|85
8|INDIA|60|8|20181.56|0.04|60|7845|7845|508
24|UNITED STATES|46|24|1044.14|0.05|46|7845|7845|508
16|MOZAMBIQUE|30|16|64339.86|0.0|30|7845|7845|508
14|KENYA|6|14|23725.6|0.07|6|20069|20069|508
18|CHINA|11|18|20242.2|0.0|11|15911|15911|959
15|MOROCCO|14|15|10539.28|0.1|14|15911|15911|959
3|CANADA|13|3|1051.15|0.1|13|15911|15911|959
16|MOZAMBIQUE|73|16|46526.04|0.07|73|46821|46821|805
24|UNITED STATES|46|24|52919.44|0.05|46|21730|21730|1075
17|PERU|57|17|40074.24|0.06|57|21730|21730|1075
24|UNITED STATES|46|24|30051.92|0.09|46|21730|21730|1075
24|UNITED STATES|19|24|37146.06|0.0|19|21730|21730|1075
12|JAPAN|43|12|10631.6|0.06|43|21730|21730|1075
24|UNITED STATES|64|24|14110.88|0.08|64|21730|21730|1075
14|KENYA|48|14|2754.94|0.07|48|4423|4423|508
19|ROMANIA|17|19|3285.57|0.03|17|4423|4423|508
7|GERMANY|44|7|73631.22|0.06|44|5159|5159|838
13|JORDAN|36|13|24446.62|0.01|36|5159|5159|838
14|KENYA|76|14|47569.98|0.01|76|5159|5159|838
19|ROMANIA|17|19|6582.05|0.1|17|5159|5159|838
17|PERU|1|17|10162.74|0.02|1|24934|24934|508
16|MOZAMBIQUE|58|16|10434.13|0.06|58|28608|28608|74
22|RUSSIA|16|22|43516.9|0.03|16|28608|28608|74
9|INDONESIA|45|9|11989.08|0.05|45|20644|20644|1075
18|CHINA|41|18|26989.88|0.05|41|20644|20644|1075
5|ETHIOPIA|2|5|16277.4|0.09|2|20644|20644|1075
17|PERU|1|17|41409.94|0.03|1|44998|44998|1174
1|ARGENTINA|29|1|25142.46|0.04|29|44998|44998|1174
24|UNITED STATES|46|24|27660.6|0.05|46|41665|41665|1042
21|VIETNAM|68|21|5269.64|0.04|68|41665|41665|1042
24|UNITED STATES|10|24|74967.12|0.09|10|41665|41665|1042
23|UNITED KINGDOM|66|23|38010.0|0.02|66|15716|15716|1097
9|INDONESIA|50|9|45455.76|0.03|50|15716|15716|1097
1|ARGENTINA|71|1|13775.67|0.03|71|15716|15716|1097
8|INDIA|15|8|13184.1|0.07|15|15716|15716|1097
0|ALGERIA|37|0|82058.24|0.04|37|15716|15716|1097
1|ARGENTINA|29|1|16721.55|0.0|29|15716|15716|1097
24|UNITED STATES|55|24|54609.5|0.02|55|4481|4481|1174
23|UNITED KINGDOM|32|23|38191.77|0.02|32|4481|4481|1174
8|INDIA|15|8|9472.02|0.1|15|31843|31843|827
1|ARGENTINA|29|1|35287.75|0.02|29|31843|31843|827
11|IRAQ|5|11|56102.67|0.05|5|16608|16608|1031
7|GERMANY|33|7|28340.21|0.0|33|16608|16608|1031
17|PERU|59|17|1440.53|0.02|59|16608|16608|1031
8|INDIA|12|8|49714.7|0.1|12|16608|16608|1031
8|INDIA|12|8|50583.63|0.04|12|16608|16608|1031
14|KENYA|76|14|37690.5|0.06|76|16608|16608|1031
2|BRAZIL|21|2|39578.86|0.01|21|16608|16608|1031
0|ALGERIA|37|0|15104.64|0.05|37|37989|37989|607
14|KENYA|6|14|29264.51|0.05|6|43302|43302|1163
8|INDIA|15|8|8138.6|0.06|15|43302|43302|1163
9|INDONESIA|23|9|9810.8|0.0|23|43302|43302|1163
10|IRAN|34|10|50366.32|0.08|34|43302|43302|1163
4|EGYPT|22|4|46424.7|0.1|22|26439|26439|508
18|CHINA|72|18|56517.27|0.09|72|26439|26439|508
17|PERU|57|17|30516.21|0.02|57|26439|26439|508
24|UNITED STATES|10|24|2727.0|0.03|10|26439|26439|508
4|EGYPT|38|4|30597.21|0.04|38|26439|26439|508
3|CANADA|20|3|53447.0|0.0|20|26439|26439|508
7|GERMANY|44|7|17659.44|0.03|44|21445|21445|706
24|UNITED STATES|55|24|65157.6|0.05|55|21445|21445|706
24|UNITED STATES|55|24|41097.32|0.07|55|21445|21445|706
5|ETHIOPIA|78|5|10739.52|0.09|78|21445|21445|706
18|CHINA|11|18|20132.76|0.05|11|7492|7492|409
12|JAPAN|54|12|42834.36|0.03|54|7492|7492|409
14|KENYA|6|14|41746.37|0.08|6|43841|43841|1174
16|MOZAMBIQUE|56|16|19101.0|0.01|56|43841|43841|1174
8|INDIA|61|8|47410.56|0.06|61|26626|26626|1174
18|CHINA|11|18|22684.86|0.02|11|35745|35745|728
8|INDIA|61|8|6056.55|0.0|61|35745|35745|728
17|PERU|59|17|23045.0|0.02|59|35745|35745|728
10|IRAN|34|10|61337.78|0.09|34|35745|35745|728
9|INDONESIA|23|9|12172.05|0.04|23|35745|35745|728
19|ROMANIA|17|19|30425.06|0.09|17|23843|23843|1174
5|ETHIOPIA|63|5|5198.49|0.08|63|23843|23843|1174
19|ROMANIA|52|19|14883.96|0.06|52|23843|23843|1174
22|RUSSIA|25|22|67093.3|0.04|25|40102|40102|85
3|CANADA|13|3|41899.22|0.07|13|40102|40102|85
21|VIETNAM|80|21|22787.31|0.07|80|12448|12448|409
17|PERU|8|17|28350.72|0.01|8|12448|12448|409
4|EGYPT|22|4|31993.66|0.05|22|12448|12448|409
22|RUSSIA|25|22|28670.24|0.06|25|12448|12448|409
19|ROMANIA|17|19|49235.34|0.03|17|12448|12448|409
21|VIETNAM|26|21|49182.36|0.03|26|44645|44645|805
7|GERMANY|77|7|27554.24|0.05|77|41895|41895|728
15|MOROCCO|14|15|10402.98|0.08|14|41895|41895|728
3|CANADA|20|3|46741.06|0.05|20|41895|41895|728
19|ROMANIA|62|19|17814.96|0.06|62|43204|43204|1031
22|RUSSIA|40|22|46737.6|0.08|40|43204|43204|1031
17|PERU|59|17|63383.32|0.01|59|43204|43204|1031
8|INDIA|12|8|38964.51|0.05|12|43204|43204|1031
16|MOZAMBIQUE|56|16|4284.68|0.0|56|41664|41664|1075
23|UNITED KINGDOM|32|23|4276.64|0.07|32|41664|41664|1075
16|MOZAMBIQUE|31|16|31650.56|0.07|31|41664|41664|1075
16|MOZAMBIQUE|30|16|17461.08|0.03|30|41664|41664|1075
10|IRAN|34|10|42489.09|0.06|34|20643|20643|1064
14|KENYA|76|14|40407.93|0.06|76|20643|20643|1064
17|PERU|1|17|11702.39|0.01|1|44612|44612|805
9|INDONESIA|51|9|10091.0|0.02|51|44612|44612|805
8|INDIA|60|8|34369.1|0.0|60|44612|44612|805
14|KENYA|47|14|70003.92|0.08|47|44612|44612|805
16|MOZAMBIQUE|18|16|36380.88|0.03|18|44612|44612|805
12|JAPAN|43|12|29203.24|0.07|43|44128|44128|52
10|IRAN|34|10|18319.3|0.01|34|46757|46757|607
18|CHINA|75|18|32987.28|0.08|75|46757|46757|607
3|CANADA|13|3|13238.0|0.0|13|2273|2273|1075
4|EGYPT|38|4|21425.04|0.07|38|2273|2273|1075
7|GERMANY|44|7|4092.48|0.1|44|8037|8037|937
7|GERMANY|77|7|41331.36|0.03|77|8037|8037|937
9|INDONESIA|50|9|43632.0|0.02|50|8037|8037|937
22|RUSSIA|42|22|40818.46|0.08|42|8037|8037|937
21|VIETNAM|80|21|54934.14|0.1|80|47719|47719|805
17|PERU|8|17|39483.2|0.03|8|8004|8004|739
22|RUSSIA|25|22|31233.5|0.05|25|8004|8004|739
17|PERU|57|17|60092.07|0.01|57|8004|8004|739
24|UNITED STATES|10|24|61613.78|0.02|10|8004|8004|739
22|RUSSIA|65|22|35066.26|0.03|65|8004|8004|739
20|SAUDI ARABIA|74|20|18631.69|0.06|74|8004|8004|739
24|UNITED STATES|55|24|7696.48|0.08|55|33607|33607|1042
21|VIETNAM|26|21|6853.44|0.0|26|33607|33607|1042
1|ARGENTINA|29|1|23585.4|0.09|29|33607|33607|1042
12|JAPAN|54|12|48931.48|0.09|54|33607|33607|1042
14|KENYA|76|14|22557.57|0.03|76|33607|33607|1042
16|MOZAMBIQUE|31|16|49300.82|0.0|31|33607|33607|1042
7|GERMANY|77|7|24512.62|0.01|77|7202|7202|805
7|GERMANY|33|7|39752.79|0.08|33|7202|7202|805
24|UNITED STATES|55|24|27794.25|0.06|55|7202|7202|805
14|KENYA|48|14|47077.84|0.08|48|7202|7202|805
20|SAUDI ARABIA|74|20|88193.0|0.1|74|7202|7202|805
21|VIETNAM|26|21|1894.08|0.04|26|5255|5255|508
19|ROMANIA|17|19|38582.64|0.09|17|5255|5255|508
22|RUSSIA|42|22|38141.1|0.04|42|5255|5255|508
22|RUSSIA|25|22|34238.0|0.08|25|33508|33508|1141
24|UNITED STATES|55|24|13614.6|0.09|55|5475|5475|1097
17|PERU|1|17|29893.92|0.08|1|3363|3363|409
22|RUSSIA|25|22|2340.52|0.01|25|3363|3363|409
21|VIETNAM|35|21|36038.0|0.07|35|3363|3363|409
23|UNITED KINGDOM|32|23|5982.36|0.0|32|3363|3363|409
3|CANADA|20|3|41120.94|0.0|20|3363|3363|409
13|JORDAN|36|13|51604.35|0.05|36|3330|3330|52
9|INDONESIA|51|9|20844.89|0.09|51|3264|3264|739
5|ETHIOPIA|78|5|58445.01|0.06|78|3264|3264|739
24|UNITED STATES|19|24|8390.94|0.04|19|3264|3264|739
19|ROMANIA|17|19|31651.29|0.06|17|7650|7650|1141
5|ETHIOPIA|63|5|23152.5|0.03|63|7650|7650|1141
24|UNITED STATES|55|24|44434.98|0.07|55|43559|43559|1097
10|IRAN|9|10|2799.09|0.05|9|43559|43559|1097
15|MOROCCO|14|15|13131.43|0.0|14|43559|43559|1097
17|PERU|57|17|54538.4|0.05|57|43559|43559|1097
15|MOROCCO|14|15|973.07|0.09|14|8354|8354|508
24|UNITED STATES|55|24|45029.52|0.02|55|22725|22725|904
1|ARGENTINA|71|1|68773.5|0.05|71|22725|22725|904
15|MOROCCO|4|15|54476.88|0.03|4|22725|22725|904
16|MOZAMBIQUE|18|16|36214.92|0.1|18|22725|22725|904
12|JAPAN|43|12|42929.04|0.06|43|22725|22725|904
8|INDIA|60|8|9415.26|0.01|60|20448|20448|74
15|MOROCCO|14|15|64100.54|0.04|14|20448|20448|74
14|KENYA|47|14|15866.8|0.09|47|9444|9444|85
0|ALGERIA|28|0|6288.84|0.1|28|9444|9444|85
16|MOZAMBIQUE|31|16|20649.84|0.01|31|9444|9444|85
21|VIETNAM|68|21|33733.58|0.05|68|40326|40326|1064
8|INDIA|61|8|1019.11|0.01|61|34947|34947|706
14|KENYA|47|14|57234.84|0.03|47|34947|34947|706
10|IRAN|34|10|12613.6|0.09|34|34947|34947|706
16|MOZAMBIQUE|18|16|53996.84|0.1|18|34947|34947|706
18|CHINA|27|18|43517.84|0.06|27|34947|34947|706
5|ETHIOPIA|63|5|72127.0|0.04|63|34947|34947|706
1|ARGENTINA|3|1|59598.0|0.05|3|34947|34947|706
17|PERU|1|17|5730.3|0.02|1|4419|4419|827
8|INDIA|61|8|79238.7|0.01|61|4419|4419|827
4|EGYPT|38|4|48478.5|0.0|38|4419|4419|827
22|RUSSIA|25|22|6505.08|0.06|25|27173|27173|1196
14|KENYA|79|14|48247.65|0.09|79|2626|2626|1097
4|EGYPT|67|4|2592.78|0.05|67|2626|2626|1097
5|ETHIOPIA|63|5|45128.8|0.05|63|2626|2626|1097
14|KENYA|6|14|30783.6|0.04|6|19045|19045|805
1|ARGENTINA|71|1|41954.7|0.06|71|19045|19045|805
22|RUSSIA|42|22|53937.6|0.06|42|19045|19045|805
4|EGYPT|22|4|18019.8|0.06|22|24160|24160|629
0|ALGERIA|24|0|65378.6|0.0|24|24160|24160|629
23|UNITED KINGDOM|7|23|46345.76|0.05|7|2979|2979|1064
6|FRANCE|70|6|34000.68|0.05|70|2979|2979|1064
24|UNITED STATES|46|24|7720.48|0.0|46|2979|2979|1064
16|MOZAMBIQUE|18|16|49157.5|0.04|18|2979|2979|1064
23|UNITED KINGDOM|7|23|50812.53|0.06|7|17252|17252|1075
14|KENYA|48|14|8565.12|0.0|48|17252|17252|1075
4|EGYPT|67|4|47801.82|0.01|67|17252|17252|1075
14|KENYA|76|14|12701.44|0.01|76|17252|17252|1075
18|CHINA|75|18|28044.13|0.07|75|17252|17252|1075
24|UNITED STATES|64|24|69869.26|0.1|64|17252|17252|1075
1|ARGENTINA|3|1|6266.64|0.1|3|17252|17252|1075
24|UNITED STATES|49|24|41293.34|0.01|49|10816|10816|1042
16|MOZAMBIQUE|31|16|16565.92|0.08|31|10816|10816|1042
7|GERMANY|77|7|38752.0|0.06|77|40516|40516|739
1|ARGENTINA|71|1|1760.86|0.02|71|40516|40516|739
20|SAUDI ARABIA|74|20|31921.56|0.0|74|40516|40516|739
17|PERU|59|17|2508.7|0.09|59|32|32|1042
14|KENYA|79|14|43754.48|0.05|79|32|32|1042
21|VIETNAM|35|21|5958.54|0.04|35|32|32|1042
0|ALGERIA|24|0|47538.56|0.02|24|32|32|1042
14|KENYA|76|14|69857.92|0.05|76|32|32|1042
5|ETHIOPIA|63|5|3688.08|0.09|63|32|32|1042
18|CHINA|27|18|16397.3|0.04|27|1572|1572|85
16|MOZAMBIQUE|31|16|44697.79|0.02|31|1572|1572|85
9|INDONESIA|51|9|46576.74|0.02|51|23270|23270|508
8|INDIA|15|8|39884.02|0.02|15|23270|23270|508
4|EGYPT|67|4|26052.45|0.06|67|23270|23270|508
24|UNITED STATES|19|24|15405.5|0.06|19|23270|23270|508
24|UNITED STATES|64|24|23245.02|0.09|64|23270|23270|508
5|ETHIOPIA|63|5|51769.08|0.09|63|23270|23270|508
5|ETHIOPIA|63|5|47246.76|0.1|63|23270|23270|508
17|PERU|8|17|42873.38|0.08|8|13095|13095|1163
23|UNITED KINGDOM|7|23|45367.56|0.1|7|13095|13095|1163
7|GERMANY|44|7|83976.69|0.02|44|13095|13095|1163
6|FRANCE|70|6|46731.98|0.1|70|13095|13095|1163
14|KENYA|79|14|25732.35|0.05|79|13095|13095|1163
1|ARGENTINA|29|1|36347.15|0.1|29|13095|13095|1163
19|ROMANIA|52|19|15504.17|0.07|52|13095|13095|1163
10|IRAN|9|10|69241.92|0.09|9|15493|15493|1075
21|VIETNAM|26|21|77020.31|0.07|26|15493|15493|1075
15|MOROCCO|14|15|52548.76|0.02|14|15493|15493|1075
5|ETHIOPIA|63|5|18279.14|0.1|63|15493|15493|1075
16|MOZAMBIQUE|30|16|18147.14|0.04|30|15493|15493|1075
7|GERMANY|77|7|34116.48|0.07|77|15042|15042|607
16|MOZAMBIQUE|56|16|33531.25|0.0|56|15042|15042|607
4|EGYPT|67|4|32196.58|0.08|67|17573|17573|1097
4|EGYPT|38|4|58886.32|0.03|38|17573|17573|1097
22|RUSSIA|42|22|48467.68|0.02|42|17573|17573|1097
14|KENYA|47|14|16082.68|0.1|47|36196|36196|1196
24|UNITED STATES|46|24|7720.48|0.08|46|36196|36196|1196
9|INDONESIA|45|9|15018.25|0.05|45|36196|36196|1196
2|BRAZIL|21|2|27479.75|0.0|21|36196|36196|1196
24|UNITED STATES|10|24|56519.63|0.05|10|36196|36196|1196
7|GERMANY|44|7|27600.3|0.07|44|23590|23590|85
8|INDIA|15|8|28435.05|0.02|15|23590|23590|85
8|INDIA|12|8|26460.0|0.01|12|23590|23590|85
5|ETHIOPIA|63|5|10142.22|0.06|63|23590|23590|85
16|MOZAMBIQUE|18|16|66771.3|0.02|18|26880|26880|904
0|ALGERIA|37|0|49519.47|0.08|37|10050|10050|838
21|VIETNAM|68|21|8689.15|0.08|68|10050|10050|838
24|UNITED STATES|10|24|31412.22|0.06|10|10050|10050|838
7|GERMANY|33|7|54014.28|0.03|33|11590|11590|706
10|IRAN|9|10|39485.46|0.01|9|11590|11590|706
0|ALGERIA|37|0|92168.02|0.01|37|11590|11590|706
22|RUSSIA|25|22|39732.86|0.01|25|11590|11590|706
8|INDIA|12|8|32407.83|0.06|12|11590|11590|706
9|INDONESIA|23|9|35449.96|0.02|23|260|260|838
18|CHINA|11|18|37637.34|0.1|11|16100|16100|937
7|GERMANY|44|7|42577.57|0.09|44|16100|16100|937
21|VIETNAM|26|21|30104.13|0.0|26|16100|16100|937
21|VIETNAM|35|21|70781.49|0.05|35|16100|16100|937
9|INDONESIA|45|9|25778.25|0.03|45|16100|16100|937
22|RUSSIA|16|22|7411.98|0.07|16|16100|16100|937
1|ARGENTINA|3|1|25029.54|0.08|3|16100|16100|937
9|INDONESIA|50|9|21863.25|0.02|50|15298|15298|1141
14|KENYA|47|14|2086.28|0.06|47|15298|15298|1141
0|ALGERIA|24|0|43691.9|0.05|24|15298|15298|1141
18|CHINA|41|18|31759.0|0.1|41|15298|15298|1141
5|ETHIOPIA|63|5|38368.56|0.09|63|15298|15298|1141
8|INDIA|39|8|16473.49|0.03|39|26342|26342|508
0|ALGERIA|24|0|9291.94|0.07|24|29862|29862|409
0|ALGERIA|24|0|14731.2|0.08|24|29862|29862|409
9|INDONESIA|23|9|56316.96|0.06|23|29862|29862|409
10|IRAN|34|10|39338.24|0.1|34|29862|29862|409
20|SAUDI ARABIA|74|20|12146.2|0.06|74|29862|29862|409
20|SAUDI ARABIA|74|20|35318.88|0.02|74|29862|29862|409
8|INDIA|15|8|43509.84|0.07|15|18752|18752|1174
21|VIETNAM|26|21|2952.24|0.1|26|34593|34593|904
8|INDIA|15|8|29882.25|0.09|15|34593|34593|904
0|ALGERIA|28|0|4228.5|0.0|28|34593|34593|904
23|UNITED KINGDOM|66|23|90911.52|0.06|66|17312|17312|1163
22|RUSSIA|25|22|29671.6|0.09|25|17312|17312|1163
24|UNITED STATES|19|24|25326.81|0.05|19|17312|17312|1163
3|CANADA|20|3|28240.68|0.05|20|17312|17312|1163
21|VIETNAM|68|21|13847.12|0.01|68|35264|35264|728
0|ALGERIA|37|0|64148.64|0.01|37|14662|14662|1064
3|CANADA|13|3|17154.9|0.0|13|14662|14662|1064
10|IRAN|34|10|23908.65|0.03|34|14662|14662|1064
16|MOZAMBIQUE|56|16|24846.52|0.02|56|14662|14662|1064
8|INDIA|39|8|74041.9|0.07|39|14662|14662|1064
1|ARGENTINA|3|1|5846.24|0.09|3|14662|14662|1064
23|UNITED KINGDOM|66|23|34716.6|0.0|66|18688|18688|1075
8|INDIA|12|8|41315.96|0.07|12|18688|18688|1075
16|MOZAMBIQUE|56|16|37679.6|0.0|56|18688|18688|1075
24|UNITED STATES|10|24|11552.5|0.06|10|18688|18688|1075
22|RUSSIA|42|22|28289.7|0.1|42|18688|18688|1075
18|CHINA|41|18|63658.65|0.07|41|18688|18688|1075
1|ARGENTINA|3|1|76545.12|0.05|3|18688|18688|1075
21|VIETNAM|80|21|40707.03|0.07|80|15333|15333|409
22|RUSSIA|40|22|54597.3|0.03|40|15333|15333|409
7|GERMANY|44|7|70004.25|0.01|44|15333|15333|409
7|GERMANY|33|7|23288.8|0.03|33|15333|15333|409
10|IRAN|34|10|11460.6|0.05|34|15333|15333|409
16|MOZAMBIQUE|31|16|26344.08|0.07|31|15333|15333|409
5|ETHIOPIA|2|5|22311.66|0.04|2|15333|15333|409
8|INDIA|61|8|42165.72|0.02|61|29798|29798|1042
4|EGYPT|69|4|50403.21|0.1|69|29798|29798|1042
16|MOZAMBIQUE|56|16|75805.8|0.0|56|29798|29798|1042
14|KENYA|76|14|3391.58|0.1|76|29798|29798|1042
12|JAPAN|54|12|50194.74|0.07|54|29798|29798|1042
14|KENYA|48|14|46704.6|0.04|48|28610|28610|52
17|PERU|59|17|46612.83|0.08|59|28610|28610|52
17|PERU|8|17|37047.36|0.01|8|30151|30151|1141
16|MOZAMBIQUE|58|16|58577.98|0.04|58|30151|30151|1141
8|INDIA|12|8|31504.5|0.05|12|30151|30151|1141
6|FRANCE|70|6|22358.7|0.05|70|11495|11495|838
16|MOZAMBIQUE|18|16|13278.0|0.06|18|11495|11495|838
9|INDONESIA|45|9|1970.16|0.06|45|13189|13189|74
8|INDIA|61|8|6056.55|0.01|61|22561|22561|41
18|CHINA|72|18|6348.9|0.01|72|22561|22561|41
14|KENYA|79|14|19626.0|0.05|79|22561|22561|41
8|INDIA|12|8|55548.59|0.07|12|22561|22561|41
2|BRAZIL|21|2|33201.42|0.0|21|22561|22561|41
20|SAUDI ARABIA|74|20|59282.65|0.01|74|22561|22561|41
1|ARGENTINA|3|1|53967.28|0.08|3|22561|22561|41
21|VIETNAM|26|21|6595.14|0.04|26|39941|39941|739
0|ALGERIA|24|0|52838.34|0.09|24|29634|29634|85
15|MOROCCO|4|15|29964.48|0.07|4|29634|29634|85
1|ARGENTINA|29|1|51127.02|0.01|29|29634|29634|85
12|JAPAN|54|12|17392.76|0.04|54|29634|29634|85
9|INDONESIA|51|9|55004.4|0.04|51|15136|15136|926
16|MOZAMBIQUE|56|16|37246.95|0.1|56|15136|15136|926
9|INDONESIA|51|9|21659.4|0.01|51|11110|11110|607
18|CHINA|72|18|72236.26|0.05|72|11110|11110|607
0|ALGERIA|37|0|8745.3|0.03|37|11110|11110|607
23|UNITED KINGDOM|32|23|31407.39|0.03|32|11110|11110|607
19|ROMANIA|17|19|32210.31|0.09|17|11110|11110|607
18|CHINA|41|18|2680.88|0.1|41|11110|11110|607
4|EGYPT|69|4|24890.88|0.07|69|13541|13541|508
9|INDONESIA|45|9|1077.17|0.04|45|13541|13541|508
1|ARGENTINA|3|1|25765.37|0.07|3|13541|13541|508
0|ALGERIA|37|0|15226.2|0.07|37|37379|37379|739
14|KENYA|47|14|52360.44|0.09|47|37379|37379|739
16|MOZAMBIQUE|18|16|34076.34|0.08|18|37379|37379|739
24|UNITED STATES|49|24|27992.14|0.01|49|37379|37379|739
18|CHINA|75|18|28064.55|0.04|75|37379|37379|739
18|CHINA|41|18|20279.56|0.05|41|37379|37379|739
23|UNITED KINGDOM|66|23|43459.11|0.1|66|26500|26500|838
14|KENYA|6|14|42706.08|0.1|6|41152|41152|41
4|EGYPT|22|4|10034.8|0.0|22|41152|41152|41
16|MOZAMBIQUE|58|16|5013.4|0.1|58|41152|41152|41
17|PERU|57|17|60094.4|0.08|57|41152|41152|41
19|ROMANIA|17|19|9036.9|0.0|17|41152|41152|41
23|UNITED KINGDOM|7|23|64181.37|0.08|7|42021|42021|706
17|PERU|57|17|46117.17|0.1|57|42021|42021|706
18|CHINA|75|18|71096.86|0.0|75|42021|42021|706
24|UNITED STATES|64|24|43166.8|0.04|64|42021|42021|706
14|KENYA|6|14|47106.32|0.0|6|32484|32484|838
7|GERMANY|33|7|23794.65|0.05|33|32484|32484|838
22|RUSSIA|42|22|25080.09|0.02|42|32484|32484|838
7|GERMANY|33|7|47779.3|0.09|33|43495|43495|706
17|PERU|8|17|44737.44|0.01|8|47367|47367|1174
22|RUSSIA|40|22|44303.36|0.07|40|47367|47367|1174
24|UNITED STATES|49|24|12802.44|0.05|49|47367|47367|1174
0|ALGERIA|37|0|25947.8|0.01|37|25026|25026|1075
21|VIETNAM|68|21|30805.32|0.05|68|25026|25026|1075
18|CHINA|41|18|72526.82|0.07|41|25026|25026|1075
22|RUSSIA|40|22|56761.5|0.05|40|29569|29569|1174
13|JORDAN|36|13|36114.59|0.07|36|29569|29569|1174
24|UNITED STATES|46|24|45138.0|0.05|46|29569|29569|1174
9|INDONESIA|45|9|28530.4|0.07|45|29569|29569|1174
22|RUSSIA|16|22|2796.98|0.05|16|29569|29569|1174
16|MOZAMBIQUE|31|16|6170.56|0.04|31|29569|29569|1174
5|ETHIOPIA|63|5|50526.0|0.07|63|29569|29569|1174
17|PERU|8|17|12445.09|0.06|8|41031|41031|838
18|CHINA|72|18|19332.91|0.06|72|41031|41031|838
6|FRANCE|70|6|64244.04|0.03|70|41031|41031|838
10|IRAN|34|10|1861.96|0.08|34|41031|41031|838
5|ETHIOPIA|63|5|29705.4|0.06|63|41031|41031|838
23|UNITED KINGDOM|66|23|41625.9|0.02|66|23014|23014|409
14|KENYA|48|14|15640.47|0.02|48|44871|44871|607
21|VIETNAM|68|21|18304.65|0.09|68|44871|44871|607
12|JAPAN|54|12|53076.19|0.05|54|44871|44871|607
0|ALGERIA|28|0|56689.85|0.09|28|44871|44871|607
18|CHINA|41|18|40499.78|0.08|41|44871|44871|607
5|ETHIOPIA|2|5|2612.8|0.07|2|44871|44871|607
16|MOZAMBIQUE|18|16|29551.4|0.02|18|29955|29955|409
4|EGYPT|38|4|22969.2|0.08|38|29955|29955|409
18|CHINA|41|18|47140.94|0.02|41|29955|29955|409
24|UNITED STATES|49|24|78033.0|0.05|49|38469|38469|508
9|INDONESIA|51|9|36719.48|0.08|51|35488|35488|937
9|INDONESIA|51|9|73758.24|0.05|51|35488|35488|937
8|INDIA|61|8|46910.23|0.0|61|35488|35488|937
6|FRANCE|70|6|12673.8|0.04|70|35488|35488|937
24|UNITED STATES|49|24|25984.56|0.0|49|35488|35488|937
18|CHINA|27|18|64369.0|0.09|27|35488|35488|937
18|CHINA|72|18|54137.28|0.06|72|20000|20000|739
8|INDIA|12|8|8346.03|0.03|12|20000|20000|739
24|UNITED STATES|55|24|46603.06|0.1|55|15655|15655|1097
7|GERMANY|77|7|70095.97|0.02|77|15655|15655|1097
0|ALGERIA|37|0|44111.52|0.05|37|15655|15655|1097
8|INDIA|15|8|53290.08|0.02|15|26886|26886|1042
17|PERU|57|17|28235.88|0.04|57|34179|34179|1075
15|MOROCCO|4|15|54521.6|0.03|4|34179|34179|1075
24|UNITED STATES|10|24|40609.1|0.0|10|34179|34179|1075
24|UNITED STATES|64|24|12143.1|0.01|64|34179|34179|1075
