7343.98|0.04|17538
5826.2|0.03|29319
54109.05|0.01|13028
29707.0|0.05|12258
44207.36|0.02|24710
11204.9|0.1|35776
11786.46|0.09|33477
9284.94|0.01|16834
26632.26|0.05|37734
27917.44|0.08|40385
7002.5|0.05|25634
16330.38|0.1|13347
1201.3|0.02|46215
23785.28|0.05|31684
17515.26|0.01|36678
37818.44|0.07|11686
67293.06|0.09|35776
39959.18|0.01|41254
8210.76|0.06|31552
21043.0|0.0|10146
44781.36|0.09|7490
16712.36|0.1|46402
44356.4|0.08|15712
77073.6|0.06|36612
59142.8|0.02|36832
60508.7|0.05|41441
11027.76|0.09|25986
54292.42|0.02|15206
30665.32|0.0|25348
45796.53|0.05|19716
15119.17|0.01|32641
25479.51|0.04|40132
21474.18|0.08|44576
75049.2|0.09|39813
46693.14|0.09|44037
12619.64|0.06|15459
34489.12|0.06|47975
27997.83|0.08|40352
29687.68|0.09|21344
52659.58|0.0|46787
25759.35|0.02|14535
43727.58|0.06|20134
7876.54|0.03|16999
30368.64|0.03|21795
47135.66|0.04|46215
66850.2|0.0|18627
41388.84|0.09|45632
27543.24|0.01|42112
13131.3|0.07|30023
14085.4|0.05|21025
36598.4|0.05|12258
1034.13|0.02|18946
9109.6|0.1|20002
28009.8|0.01|16229
41328.47|0.05|39714
3492.78|0.0|32993
33849.86|0.07|41254
21638.1|0.07|25447
30873.6|0.03|25733
62891.15|0.08|24864
71751.14|0.08|8480
4660.15|0.07|16999
53640.78|0.04|42211
40924.8|0.0|46017
32904.36|0.03|41760
14106.18|0.04|24644
3796.16|0.05|39648
56347.2|0.07|19936
43126.8|0.07|45984
10947.68|0.1|42310
1902.1|0.07|41474
29338.94|0.0|44323
75474.04|0.01|7171
39652.84|0.09|45412
72116.0|0.01|43399
28814.4|0.08|13479
44417.6|0.1|17989
27161.96|0.07|13666
5710.08|0.06|30243
17821.62|0.06|39846
8604.45|0.1|20992
34683.74|0.09|32641
12714.91|0.03|10146
17749.2|0.06|13732
8178.65|0.09|32993
25563.84|0.04|12544
25351.82|0.06|24358
83175.84|0.02|46468
43484.99|0.02|46116
42341.62|0.06|33763
45520.64|0.05|39714
57581.2|0.09|12005
66400.65|0.1|40484
62662.05|0.0|45412
38411.1|0.09|34599
13680.15|0.03|47777
39185.72|0.03|34049
48556.46|0.07|20354
47436.92|0.07|25249
65757.92|0.0|13314
19712.88|0.0|47524
58213.0|0.09|27427
14471.73|0.02|7171
8363.85|0.08|19936
28500.94|0.08|26756
4288.68|0.04|38625
17084.48|0.04|28934
20999.23|0.06|22466
1774.87|0.01|31684
68596.15|0.04|16933
20329.26|0.02|36898
42045.0|0.03|46721
43534.8|0.04|16548
57481.6|0.01|11202
16325.52|0.09|31552
28226.8|0.05|37668
53909.8|0.03|38405
78622.72|0.09|35457
63518.0|0.06|10245
23500.75|0.01|33444
23712.26|0.04|12423
40253.07|0.05|14117
35762.22|0.03|24039
29958.5|0.09|27009
49494.24|0.02|13765
58907.45|0.05|46116
28330.75|0.07|12643
42745.36|0.04|21410
35844.2|0.05|42596
10991.9|0.02|26723
24786.6|0.08|35589
18779.02|0.05|47843
13352.22|0.05|14436
45359.52|0.1|16966
44485.1|0.1|15712
28607.26|0.05|22983
89421.08|0.08|39648
49238.55|0.03|38405
26728.2|0.02|9250
59801.39|0.08|25634
47471.49|0.05|45632
21803.8|0.01|20486
8865.42|0.06|28835
16264.27|0.02|35776
4108.48|0.02|29319
40436.44|0.01|24358
34850.82|0.09|19815
31324.2|0.03|35457
74911.68|0.01|43014
5415.9|0.08|22279
34396.2|0.1|13633
46533.74|0.01|37668
42732.85|0.01|46017
11572.32|0.01|15745
33347.52|0.01|25634
46144.35|0.03|41254
18900.8|0.08|10630
27769.64|0.09|16548
44394.0|0.0|42178
9593.22|0.04|15206
73038.91|0.04|44422
64412.46|0.07|28868
43210.2|0.03|21377
36543.15|0.03|42112
15394.39|0.05|10146
84406.78|0.03|26338
49949.28|0.04|33378
69238.35|0.02|20354
25602.0|0.01|42596
39122.16|0.02|25601
50337.02|0.08|39846
5018.31|0.09|10311
46484.95|0.07|35457
22227.52|0.09|31046
53167.81|0.09|33378
34597.76|0.04|34115
24806.88|0.0|13666
5380.85|0.1|21377
20861.0|0.04|21058
2833.02|0.09|389
56718.48|0.07|18528
20637.42|0.02|37349
2718.9|0.08|16966
45484.84|0.1|32355
54597.96|0.06|25733
3294.57|0.0|36326
26904.25|0.05|47975
48083.68|0.05|29605
8208.09|0.04|20871
27946.52|0.09|11488
26128.0|0.06|22785
24556.74|0.1|11840
56225.57|0.1|42112
46298.76|0.03|14117
58958.28|0.08|44323
29599.5|0.07|32641
11756.48|0.0|37349
62842.5|0.02|32641
76833.6|0.03|25601
66503.04|0.09|33059
39395.05|0.01|22752
49643.2|0.03|7072
8964.81|0.02|43333
50614.4|0.06|10432
33019.96|0.04|26305
18375.63|0.08|41793
49642.5|0.01|39527
18766.16|0.05|16768
41150.85|0.01|34753
17974.35|0.07|28516
32326.84|0.0|15778
30140.5|0.06|13413
66839.52|0.04|20486
29880.24|0.04|15778
48410.8|0.08|18726
72661.95|0.0|40132
53096.8|0.08|34115
47741.3|0.07|41474
43081.64|0.05|31552
44234.97|0.04|11202
20002.19|0.07|22400
15083.38|0.1|35589
56019.6|0.09|12643
41114.1|0.02|30881
2847.04|0.02|10245
12253.2|0.05|25216
25339.86|0.07|43399
65581.16|0.08|28934
52791.34|0.09|42343
58863.0|0.07|15943
23094.3|0.01|33378
5345.8|0.09|13732
16863.3|0.01|16933
8317.96|0.1|30023
58749.76|0.05|25348
14465.4|0.02|11972
28355.75|0.0|23104
4064.44|0.05|33477
84521.28|0.02|356
81705.8|0.04|45126
39220.94|0.02|11972
14799.96|0.08|224
28251.36|0.01|32993
43951.04|0.1|20068
43293.6|0.06|46853
12223.31|0.0|19815
47265.66|0.03|30243
3241.44|0.08|12423
47369.92|0.0|15206
50893.94|0.04|14755
66105.5|0.01|14755
60787.35|0.07|12258
24145.5|0.0|25447
46824.25|0.05|46402
60298.7|0.01|21696
50424.74|0.08|13413
52267.86|0.05|12423
25975.62|0.09|10663
31415.8|0.1|12005
29678.13|0.05|43553
75373.9|0.02|43399
29929.68|0.06|323
64373.85|0.09|11488
63188.6|0.06|46787
30056.4|0.04|26305
39963.6|0.02|43267
13398.7|0.01|26723
53304.32|0.09|30881
37779.6|0.02|28769
17286.36|0.03|25733
16325.19|0.09|23137
48161.34|0.04|23555
40290.64|0.01|15745
5300.8|0.06|27779
5555.85|0.06|33477
40265.28|0.06|12005
10111.78|0.08|26503
54095.81|0.03|21344
38276.26|0.0|24864
17353.08|0.09|46468
25239.98|0.02|39648
61942.79|0.06|45159
28709.2|0.04|45159
52305.86|0.0|30881
19611.0|0.08|22279
11667.51|0.0|10784
5570.85|0.04|22785
12806.86|0.0|14018
33965.64|0.04|23335
10475.04|0.06|46116
66490.65|0.04|45731
42297.08|0.03|37536
35212.17|0.03|25986
56046.06|0.1|43399
50076.18|0.01|30661
45246.05|0.06|17538
7672.4|0.08|25315
37515.96|0.03|44323
7014.7|0.1|35237
54635.42|0.03|29319
15187.38|0.04|44576
40753.5|0.07|35237
53247.6|0.09|19617
40219.56|0.06|23104
59999.04|0.06|45863
24041.84|0.06|31684
9214.87|0.02|23555
51596.13|0.06|26338
33086.19|0.1|28769
5628.18|0.05|29957
4111.38|0.0|14854
20042.22|0.06|37888
33585.64|0.02|34753
4123.41|0.06|13413
28170.8|0.06|33862
28560.24|0.1|22147
46530.4|0.09|43399
71610.14|0.04|47876
48132.15|0.09|14436
16879.07|0.09|34599
6851.24|0.05|23841
14695.44|0.09|43751
43277.92|0.0|30023
10186.22|0.03|28934
8777.52|0.03|39527
23560.05|0.07|47942
12179.2|0.09|30177
32895.96|0.04|25953
1356.45|0.0|11169
79572.0|0.04|44323
23977.44|0.03|45159
44987.6|0.05|28967
19791.15|0.03|27779
29753.9|0.06|26822
45794.0|0.0|42882
73909.88|0.05|13633
39269.16|0.04|44037
3624.9|0.01|24644
24593.41|0.02|42695
27406.16|0.02|25348
42166.02|0.04|10245
38634.12|0.06|43014
35228.1|0.1|26855
11496.33|0.07|22532
20770.12|0.08|37569
44182.56|0.09|40385
51806.12|0.04|30375
33587.28|0.01|10982
31002.87|0.08|20068
3690.99|0.01|24358
8766.45|0.05|45863
28130.5|0.08|8260
37125.06|0.03|47524
11658.51|0.02|31046
49017.15|0.03|10113
54938.8|0.06|26657
88193.0|0.06|43751
39329.52|0.0|10531
25007.0|0.06|22851
23802.09|0.0|34247
14027.85|0.05|22851
41685.6|0.07|46116
61071.33|0.0|24358
1570.67|0.03|43751
36664.0|0.02|16867
44832.24|0.09|19815
49780.05|0.05|37536
4657.04|0.1|15943
31753.6|0.02|11301
69781.26|0.08|33378
82987.5|0.07|36997
46564.7|0.07|10663
27925.92|0.0|36898
5666.04|0.07|994
47787.12|0.08|25799
19866.3|0.08|33664
19050.13|0.07|44422
33481.08|0.08|28868
24613.91|0.0|38977
40436.44|0.08|38119
46294.6|0.09|36678
56512.72|0.09|35842
15008.48|0.09|34852
15604.47|0.06|45412
32739.84|0.04|46017
59138.64|0.09|38944
70553.62|0.1|11169
18686.69|0.1|24743
2934.21|0.08|44576
56189.27|0.0|20354
34126.29|0.04|26789
15827.25|0.03|37734
59778.9|0.0|32135
33251.52|0.01|40132
73451.28|0.03|8293
48086.64|0.0|28901
37480.64|0.06|18308
33666.6|0.05|18528
4400.8|0.06|26305
40363.12|0.08|38405
44507.4|0.06|41474
31584.0|0.05|33477
41960.52|0.1|26822
32895.96|0.08|35457
22032.24|0.04|43014
46162.16|0.03|40385
63168.0|0.1|19815
38941.25|0.0|22598
20721.84|0.06|22532
61616.5|0.06|42211
30183.0|0.09|28736
30715.35|0.1|10630
40064.09|0.05|44323
25301.7|0.01|16966
49893.6|0.07|28802
28370.94|0.06|23489
29184.32|0.05|38944
31612.81|0.03|18726
60484.22|0.07|40132
20854.4|0.09|21696
60923.66|0.07|45379
5195.65|0.08|46721
13258.56|0.08|18726
56727.52|0.04|10146
57215.09|0.06|25447
71114.8|0.08|10531
38850.12|0.01|36898
5586.05|0.05|28901
5670.04|0.0|47876
3944.32|0.01|10245
37967.25|0.01|16229
35773.1|0.01|37569
48291.0|0.0|23555
20704.5|0.0|31266
12277.04|0.02|28802
5796.25|0.02|9283
41456.24|0.05|10113
16177.1|0.03|46468
18678.52|0.09|25733
46964.17|0.0|34368
46880.05|0.05|42211
12265.44|0.0|33477
6335.0|0.05|26657
23671.62|0.03|22499
8253.09|0.08|22532
81986.5|0.09|27746
4550.0|0.06|21025
57212.0|0.07|11136
61119.66|0.05|41760
10267.04|0.02|8161
17838.92|0.04|13633
15636.6|0.02|41122
53977.6|0.01|34467
91055.52|0.0|38405
6592.05|0.05|45632
60049.35|0.05|42310
63787.32|0.0|32740
10262.07|0.05|26822
32910.25|0.08|10982
15265.51|0.03|12005
64607.9|0.08|356
3173.36|0.04|20453
11532.72|0.06|46853
6158.52|0.06|41760
62804.08|0.04|36832
31534.15|0.06|17637
33762.96|0.06|34115
42165.0|0.04|31266
31325.22|0.01|35589
35622.72|0.05|15778
15312.8|0.04|27746
87788.16|0.1|32135
8704.2|0.01|40385
41446.0|0.05|12005
10714.77|0.01|994
24890.14|0.0|31046
26318.38|0.09|46787
83701.36|0.07|35237
1305.4|0.07|38625
35197.44|0.01|26657
13875.0|0.03|33444
52157.0|0.05|22433
44136.4|0.09|13347
53358.0|0.03|15206
42040.51|0.01|29957
72476.4|0.07|13127
57379.09|0.06|11840
74328.75|0.07|224
44036.19|0.06|20354
45383.02|0.07|32960
58109.12|0.0|46468
41018.5|0.06|12005
37892.44|0.01|20068
28254.48|0.0|22598
38131.23|0.1|42563
49936.39|0.07|38119
33937.54|0.08|14755
79635.6|0.0|16999
61604.94|0.01|17538
44812.02|0.09|14117
5508.06|0.04|44422
48378.96|0.05|16999
3744.12|0.03|8480
60560.22|0.09|31552
50411.02|0.0|34148
28199.88|0.09|29858
27997.83|0.09|41760
24982.14|0.07|15459
13794.7|0.0|21223
10325.16|0.1|30694
6286.75|0.09|13633
43586.2|0.03|23555
51583.1|0.09|19815
36725.78|0.03|17538
68797.14|0.09|28516
12674.75|0.04|14436
54459.0|0.04|16768
53214.81|0.05|37987
11523.33|0.0|45984
33535.4|0.07|46017
43150.08|0.02|31046
9901.57|0.02|22851
39437.37|0.1|20134
68123.0|0.05|33378
55188.83|0.0|11840
34997.26|0.07|16768
25047.0|0.06|25315
51002.46|0.02|14535
58277.94|0.08|15459
19990.85|0.04|47843
58022.56|0.09|32102
56566.04|0.05|18726
32854.8|0.08|40000
16157.55|0.1|10630
8937.81|0.08|30243
25340.03|0.02|22532
53257.2|0.06|40352
22662.64|0.04|29319
62666.67|0.1|15712
22655.76|0.03|45159
59746.19|0.05|21795
27199.07|0.0|43014
23802.09|0.08|32135
5205.6|0.02|224
22933.07|0.08|35842
6916.56|0.03|18308
37319.04|0.04|11202
17555.72|0.07|24358
42686.85|0.04|14854
29996.12|0.06|41221
29516.2|0.06|13479
32099.2|0.1|25733
24932.88|0.02|25953
20701.78|0.07|16999
19494.86|0.05|14755
3709.9|0.02|47843
37647.84|0.04|11301
25902.3|0.02|44323
17409.48|0.02|9250
7245.91|0.09|45984
64708.4|0.06|42882
69331.5|0.1|34115
48363.84|0.1|34753
21735.92|0.03|28934
35413.4|0.02|47777
70525.5|0.09|23841
10541.5|0.08|34049
29496.19|0.05|15778
37420.6|0.05|11169
45128.8|0.01|10113
68773.5|0.05|42211
6491.95|0.01|11686
52321.18|0.03|45511
45570.98|0.08|10245
12559.41|0.0|14854
57901.6|0.09|22466
23631.74|0.0|16229
25482.08|0.03|21696
3928.2|0.01|21223
35149.44|0.08|10531
29947.86|0.04|21025
2991.18|0.0|34599
28283.92|0.01|36678
24015.22|0.02|25799
46634.04|0.08|46402
42029.12|0.01|23522
4548.92|0.08|22598
28228.36|0.03|44389
43141.8|0.08|34148
7210.84|0.01|25348
28981.25|0.05|32135
13724.7|0.09|45126
36579.3|0.03|34753
12505.32|0.03|13765
25789.94|0.02|14535
32428.09|0.02|21795
23561.12|0.02|16966
55289.22|0.02|40385
35749.92|0.04|41474
44497.95|0.1|23940
67972.5|0.02|29957
16902.0|0.07|18627
19588.25|0.05|28769
48702.15|0.09|10982
24028.18|0.06|11301
43727.58|0.0|28835
60175.24|0.04|224
15977.36|0.03|39648
41565.2|0.04|22752
51306.0|0.07|27746
