9|INDONESIA|51|9|35086.17|0.1|51|40197|40197|1084
18|CHINA|11|18|36466.17|0.09|11|40197|40197|1084
8|INDIA|60|8|10581.5|0.05|60|40197|40197|1084
14|KENYA|79|14|4258.53|0.05|79|40197|40197|1084
10|IRAN|34|10|42815.08|0.09|34|40197|40197|1084
12|JAPAN|54|12|43481.9|0.07|54|40197|40197|1084
22|RUSSIA|65|22|58406.01|0.03|65|6180|6180|319
18|CHINA|41|18|53448.33|0.08|41|6180|6180|319
0|ALGERIA|37|0|78902.19|0.09|37|12224|12224|517
24|UNITED STATES|19|24|13709.74|0.03|19|12224|12224|517
24|UNITED STATES|49|24|76268.22|0.04|49|12224|12224|517
22|RUSSIA|42|22|61706.24|0.0|42|12224|12224|517
21|VIETNAM|80|21|31678.29|0.09|80|36039|36039|1051
4|EGYPT|67|4|16938.12|0.06|67|36039|36039|1051
18|CHINA|27|18|8184.96|0.08|27|36039|36039|1051
3|CANADA|20|3|83202.3|0.02|20|36039|36039|1051
20|SAUDI ARABIA|74|20|7092.55|0.08|74|36039|36039|1051
23|UNITED KINGDOM|7|23|33050.96|0.06|7|14567|14567|847
13|JORDAN|36|13|6132.72|0.08|36|14567|14567|847
22|RUSSIA|42|22|29519.35|0.07|42|14567|14567|847
16|MOZAMBIQUE|31|16|28013.6|0.03|31|14567|14567|847
16|MOZAMBIQUE|30|16|48859.36|0.03|30|14567|14567|847
23|UNITED KINGDOM|66|23|49451.05|0.0|66|10145|10145|517
1|ARGENTINA|71|1|28340.21|0.0|71|10145|10145|517
13|JORDAN|36|13|26027.52|0.01|36|10145|10145|517
5|ETHIOPIA|78|5|39222.0|0.01|78|10145|10145|517
5|ETHIOPIA|78|5|39633.29|0.1|78|10145|10145|517
12|JAPAN|43|12|60232.4|0.02|43|10145|10145|517
3|CANADA|13|3|12389.65|0.07|13|34631|34631|1051
7|GERMANY|77|7|19588.25|0.04|77|20067|20067|308
15|MOROCCO|14|15|40891.2|0.1|14|20067|20067|308
1|ARGENTINA|71|1|40438.08|0.0|71|40230|40230|814
13|JORDAN|36|13|35533.44|0.02|36|40230|40230|814
16|MOZAMBIQUE|31|16|11612.4|0.05|31|40230|40230|814
1|ARGENTINA|71|1|41264.1|0.08|71|43398|43398|1073
21|VIETNAM|26|21|24812.35|0.05|26|43398|43398|1073
22|RUSSIA|25|22|22520.0|0.06|25|43398|43398|1073
24|UNITED STATES|19|24|77829.84|0.04|19|43398|43398|1073
15|MOROCCO|4|15|4144.52|0.09|4|43398|43398|1073
12|JAPAN|54|12|2628.82|0.05|54|11201|11201|506
20|SAUDI ARABIA|74|20|45100.0|0.01|74|17250|17250|979
16|MOZAMBIQUE|73|16|28619.82|0.03|73|5958|5958|913
4|EGYPT|69|4|21749.4|0.04|69|5958|5958|913
15|MOROCCO|14|15|36042.27|0.02|14|5958|5958|913
8|INDIA|12|8|47133.24|0.1|12|5958|5958|913
24|UNITED STATES|49|24|30593.6|0.06|49|5958|5958|913
1|ARGENTINA|71|1|45462.06|0.08|71|27172|27172|704
7|GERMANY|44|7|8487.36|0.09|44|3426|3426|418
18|CHINA|11|18|19134.9|0.1|11|3426|3426|418
17|PERU|59|17|35577.4|0.05|59|3426|3426|418
15|MOROCCO|14|15|39970.78|0.07|14|3426|3426|418
14|KENYA|79|14|27218.07|0.08|79|3426|3426|418
24|UNITED STATES|46|24|14991.84|0.0|46|3943|3943|319
16|MOZAMBIQUE|18|16|33124.16|0.0|18|3943|3943|319
19|ROMANIA|62|19|14225.54|0.08|62|5955|5955|737
16|MOZAMBIQUE|73|16|71635.6|0.03|73|5955|5955|737
8|INDIA|12|8|20902.35|0.08|12|5955|5955|737
9|INDONESIA|45|9|14983.76|0.09|45|2016|2016|61
15|MOROCCO|4|15|2140.32|0.02|4|2016|2016|61
2|BRAZIL|21|2|21037.5|0.04|21|2016|2016|61
14|KENYA|47|14|10827.6|0.01|47|1510|1510|418
4|EGYPT|69|4|36948.42|0.08|69|1510|1510|418
17|PERU|57|17|53608.5|0.04|57|1510|1510|418
21|VIETNAM|68|21|18488.58|0.09|68|1510|1510|418
8|INDIA|39|8|51174.72|0.07|39|1510|1510|418
16|MOZAMBIQUE|31|16|3030.33|0.05|31|1510|1510|418
16|MOZAMBIQUE|30|16|37575.84|0.05|30|1510|1510|418
9|INDONESIA|23|9|32854.8|0.08|23|40000|40000|913
4|EGYPT|38|4|59514.0|0.08|38|40000|40000|913
21|VIETNAM|80|21|11018.88|0.02|80|47458|47458|61
11|IRAQ|5|11|53246.1|0.08|5|47458|47458|61
9|INDONESIA|51|9|53016.8|0.07|51|47458|47458|61
8|INDIA|15|8|6972.45|0.04|15|47458|47458|61
24|UNITED STATES|19|24|9439.08|0.09|19|47458|47458|61
12|JAPAN|43|12|14245.2|0.0|43|47458|47458|61
18|CHINA|41|18|41853.63|0.04|41|47458|47458|61
18|CHINA|11|18|21874.15|0.0|11|30144|30144|616
22|RUSSIA|25|22|48760.2|0.1|25|30144|30144|616
24|UNITED STATES|19|24|33828.8|0.07|19|30144|30144|616
24|UNITED STATES|10|24|44696.85|0.06|10|30144|30144|616
13|JORDAN|36|13|11862.8|0.1|36|35941|35941|748
16|MOZAMBIQUE|58|16|9551.22|0.01|58|5191|5191|616
24|UNITED STATES|19|24|49733.6|0.02|19|5191|5191|616
8|INDIA|39|8|74575.31|0.0|39|5191|5191|616
9|INDONESIA|51|9|29699.55|0.09|51|2499|2499|968
23|UNITED KINGDOM|66|23|60545.28|0.09|66|2499|2499|968
17|PERU|59|17|5610.18|0.02|59|2499|2499|968
0|ALGERIA|24|0|45601.14|0.06|24|2499|2499|968
2|BRAZIL|21|2|22199.28|0.04|21|2499|2499|968
24|UNITED STATES|64|24|16442.85|0.04|64|2499|2499|968
10|IRAN|9|10|51877.52|0.09|9|9539|9539|209
22|RUSSIA|25|22|13654.6|0.05|25|18081|18081|649
9|INDONESIA|23|9|3768.16|0.06|23|3137|3137|1073
3|CANADA|20|3|5514.06|0.02|20|3137|3137|1073
17|PERU|8|17|30338.06|0.01|8|10279|10279|979
0|ALGERIA|37|0|30657.35|0.07|37|10279|10279|979
12|JAPAN|43|12|76785.31|0.0|43|10279|10279|979
21|VIETNAM|68|21|36895.25|0.07|68|37988|37988|1150
8|INDIA|60|8|46016.29|0.03|60|46689|46689|1051
22|RUSSIA|25|22|56319.63|0.0|25|46689|46689|1051
4|EGYPT|69|4|61910.1|0.1|69|46689|46689|1051
4|EGYPT|69|4|25742.08|0.07|69|46689|46689|1051
3|CANADA|13|3|28130.75|0.04|13|46689|46689|1051
23|UNITED KINGDOM|32|23|28139.55|0.04|32|46689|46689|1051
24|UNITED STATES|49|24|59263.2|0.05|49|46689|46689|1051
1|ARGENTINA|71|1|46214.7|0.02|71|39649|39649|209
16|MOZAMBIQUE|56|16|44297.1|0.03|56|39649|39649|209
22|RUSSIA|65|22|22725.0|0.05|65|39649|39649|209
19|ROMANIA|17|19|18631.8|0.04|17|39649|39649|209
18|CHINA|72|18|46601.45|0.0|72|46722|46722|1150
24|UNITED STATES|10|24|15316.44|0.08|10|46722|46722|1150
22|RUSSIA|65|22|65433.03|0.07|65|46722|46722|1150
8|INDIA|39|8|30393.96|0.06|39|46722|46722|1150
19|ROMANIA|52|19|44508.6|0.1|52|46722|46722|1150
20|SAUDI ARABIA|74|20|32182.01|0.09|74|46722|46722|1150
11|IRAQ|5|11|49061.76|0.05|5|36679|36679|517
18|CHINA|11|18|86476.71|0.0|11|36679|36679|517
8|INDIA|39|8|3312.6|0.03|39|36679|36679|517
14|KENYA|6|14|35206.05|0.05|6|45028|45028|83
4|EGYPT|69|4|44329.98|0.01|69|45028|45028|83
2|BRAZIL|21|2|54778.95|0.06|21|45028|45028|83
23|UNITED KINGDOM|66|23|27164.7|0.06|66|12897|12897|935
14|KENYA|47|14|46961.92|0.1|47|12897|12897|935
3|CANADA|13|3|50252.07|0.08|13|12897|12897|935
10|IRAN|34|10|2186.38|0.0|34|12897|12897|935
22|RUSSIA|16|22|7183.56|0.02|16|12897|12897|935
22|RUSSIA|42|22|29519.35|0.03|42|12897|12897|935
7|GERMANY|33|7|30597.21|0.02|33|12358|12358|704
18|CHINA|27|18|1025.12|0.06|27|12358|12358|704
16|MOZAMBIQUE|30|16|2910.18|0.04|30|12358|12358|704
17|PERU|57|17|41427.96|0.08|57|38945|38945|1183
1|ARGENTINA|29|1|31889.88|0.02|29|38945|38945|1183
24|UNITED STATES|10|24|76534.41|0.05|10|38945|38945|1183
7|GERMANY|33|7|20578.32|0.09|33|3488|3488|1183
10|IRAN|9|10|82983.36|0.0|9|3488|3488|1183
4|EGYPT|69|4|1179.27|0.04|69|3488|3488|1183
10|IRAN|34|10|14751.84|0.05|34|3488|3488|1183
20|SAUDI ARABIA|74|20|12916.97|0.03|74|3488|3488|1183
13|JORDAN|36|13|52096.0|0.0|36|6787|6787|94
9|INDONESIA|45|9|18716.52|0.06|45|21348|21348|94
11|IRAQ|5|11|41805.9|0.04|5|38849|38849|407
7|GERMANY|44|7|32314.56|0.04|44|38849|38849|407
18|CHINA|72|18|34867.53|0.09|72|38849|38849|407
3|CANADA|13|3|86058.72|0.06|13|38849|38849|407
10|IRAN|34|10|32847.36|0.06|34|38849|38849|407
22|RUSSIA|65|22|14822.99|0.05|65|38849|38849|407
16|MOZAMBIQUE|30|16|25765.37|0.04|30|38849|38849|407
4|EGYPT|22|4|22920.66|0.07|22|4194|4194|847
22|RUSSIA|40|22|25948.62|0.01|40|22789|22789|814
18|CHINA|75|18|28113.36|0.02|75|22789|22789|814
4|EGYPT|69|4|29768.16|0.05|69|44800|44800|1084
15|MOROCCO|4|15|19018.3|0.04|4|44800|44800|1084
24|UNITED STATES|10|24|27846.24|0.1|10|44800|44800|1084
12|JAPAN|54|12|56172.96|0.03|54|44800|44800|1084
19|ROMANIA|17|19|35677.6|0.07|17|44800|44800|1084
19|ROMANIA|17|19|38373.81|0.04|17|44800|44800|1084
13|JORDAN|36|13|54338.88|0.06|36|41797|41797|605
16|MOZAMBIQUE|56|16|78562.8|0.06|56|41797|41797|605
14|KENYA|6|14|13830.85|0.01|6|10535|10535|979
14|KENYA|48|14|57261.2|0.0|48|10535|10535|979
4|EGYPT|69|4|43456.2|0.01|69|10535|10535|979
22|RUSSIA|25|22|48958.14|0.09|25|10535|10535|979
21|VIETNAM|35|21|2989.18|0.0|35|10535|10535|979
12|JAPAN|43|12|27669.6|0.01|43|10535|10535|979
16|MOZAMBIQUE|31|16|38078.26|0.02|31|10535|10535|979
9|INDONESIA|51|9|60969.32|0.04|51|14979|14979|748
22|RUSSIA|40|22|23695.05|0.0|40|14979|14979|748
17|PERU|1|17|65725.2|0.06|1|31303|31303|704
4|EGYPT|67|4|71040.15|0.09|67|31303|31303|704
5|ETHIOPIA|63|5|15907.22|0.06|63|31303|31303|704
16|MOZAMBIQUE|30|16|15581.61|0.06|30|31303|31303|704
0|ALGERIA|37|0|42320.72|0.01|37|12834|12834|605
14|KENYA|47|14|47225.69|0.06|47|12834|12834|605
14|KENYA|76|14|31791.02|0.01|76|12834|12834|605
19|ROMANIA|17|19|22253.94|0.04|17|12834|12834|605
5|ETHIOPIA|63|5|29375.92|0.06|63|12834|12834|605
17|PERU|8|17|16061.36|0.02|8|21799|21799|308
11|IRAQ|5|11|37690.5|0.06|5|21799|21799|308
7|GERMANY|77|7|11977.08|0.06|77|21799|21799|308
21|VIETNAM|26|21|33316.42|0.04|26|21799|21799|308
16|MOZAMBIQUE|56|16|39395.05|0.09|56|21799|21799|308
24|UNITED STATES|19|24|46697.98|0.06|19|21799|21799|308
21|VIETNAM|80|21|38496.48|0.09|80|30369|30369|913
23|UNITED KINGDOM|7|23|21065.1|0.06|7|30369|30369|913
7|GERMANY|44|7|31749.48|0.1|44|30369|30369|913
7|GERMANY|44|7|51088.4|0.06|44|30369|30369|913
14|KENYA|48|14|24449.46|0.01|48|30369|30369|913
21|VIETNAM|26|21|6817.38|0.07|26|30369|30369|913
22|RUSSIA|16|22|40482.72|0.09|16|30369|30369|913
11|IRAQ|5|11|45596.21|0.09|5|42337|42337|209
14|KENYA|48|14|67534.92|0.07|48|42337|42337|209
21|VIETNAM|26|21|85724.24|0.04|26|42337|42337|209
15|MOROCCO|14|15|35077.8|0.02|14|42337|42337|209
20|SAUDI ARABIA|74|20|35688.0|0.08|74|42337|42337|209
16|MOZAMBIQUE|73|16|46833.98|0.1|73|42656|42656|1183
10|IRAN|9|10|18379.3|0.0|9|42656|42656|1183
10|IRAN|34|10|39942.25|0.0|34|42656|42656|1183
15|MOROCCO|4|15|54253.46|0.05|4|42656|42656|1183
14|KENYA|6|14|16417.92|0.05|6|12615|12615|94
5|ETHIOPIA|2|5|69561.53|0.1|2|34439|34439|836
7|GERMANY|33|7|56870.42|0.05|33|21668|21668|83
23|UNITED KINGDOM|66|23|24754.84|0.09|66|31235|31235|946
23|UNITED KINGDOM|32|23|41783.51|0.02|32|31235|31235|946
5|ETHIOPIA|63|5|73733.88|0.07|63|31235|31235|946
5|ETHIOPIA|2|5|1229.32|0.07|2|31235|31235|946
15|MOROCCO|4|15|8892.52|0.08|4|31334|31334|61
7|GERMANY|77|7|22740.48|0.0|77|545|545|506
5|ETHIOPIA|78|5|5033.4|0.02|78|545|545|506
7|GERMANY|77|7|63618.5|0.03|77|37219|37219|979
7|GERMANY|44|7|10978.99|0.09|44|37219|37219|979
22|RUSSIA|25|22|17748.7|0.04|25|37219|37219|979
13|JORDAN|36|13|35223.13|0.04|36|37219|37219|979
17|PERU|57|17|56111.0|0.07|57|37219|37219|979
15|MOROCCO|4|15|49895.43|0.08|4|37219|37219|979
12|JAPAN|54|12|16576.19|0.02|54|37219|37219|979
14|KENYA|76|14|10000.56|0.02|76|22369|22369|913
24|UNITED STATES|64|24|69034.98|0.0|64|22369|22369|913
3|CANADA|20|3|56376.04|0.08|20|22369|22369|913
22|RUSSIA|42|22|3608.0|0.08|42|22369|22369|913
5|ETHIOPIA|2|5|62863.96|0.07|2|22369|22369|913
8|INDIA|61|8|85791.65|0.09|61|40453|40453|946
13|JORDAN|36|13|45543.68|0.02|36|40453|40453|946
4|EGYPT|67|4|33135.3|0.05|67|40453|40453|946
1|ARGENTINA|29|1|30152.4|0.06|29|40453|40453|946
22|RUSSIA|42|22|2899.08|0.08|42|40453|40453|946
23|UNITED KINGDOM|7|23|1231.33|0.05|7|30532|30532|814
11|IRAQ|5|11|6713.35|0.06|5|30532|30532|814
14|KENYA|48|14|4340.72|0.01|48|30532|30532|814
16|MOZAMBIQUE|58|16|2316.5|0.08|58|30532|30532|814
9|INDONESIA|23|9|21341.18|0.03|23|30532|30532|814
16|MOZAMBIQUE|30|16|25407.18|0.08|30|30532|30532|814
5|ETHIOPIA|63|5|34236.5|0.08|63|30532|30532|814
23|UNITED KINGDOM|7|23|31710.0|0.05|7|30048|30048|50
14|KENYA|6|14|8865.72|0.02|6|30048|30048|50
6|FRANCE|70|6|45264.32|0.02|70|7361|7361|319
8|INDIA|12|8|62005.74|0.0|12|7361|7361|319
7|GERMANY|33|7|47059.8|0.05|33|24229|24229|847
24|UNITED STATES|55|24|51798.72|0.05|55|24229|24229|847
16|MOZAMBIQUE|56|16|19928.59|0.0|56|24229|24229|847
19|ROMANIA|17|19|79034.0|0.07|17|24229|24229|847
16|MOZAMBIQUE|31|16|47241.09|0.05|31|24229|24229|847
21|VIETNAM|80|21|48154.68|0.04|80|14208|14208|308
17|PERU|57|17|30137.67|0.06|57|14208|14208|308
16|MOZAMBIQUE|18|16|55729.74|0.04|18|14208|14208|308
22|RUSSIA|40|22|7492.95|0.1|40|33700|33700|748
21|VIETNAM|68|21|28983.02|0.01|68|33700|33700|748
16|MOZAMBIQUE|56|16|54202.56|0.03|56|33700|33700|748
18|CHINA|11|18|965.06|0.01|11|34437|34437|616
4|EGYPT|69|4|8184.82|0.08|69|34437|34437|616
22|RUSSIA|65|22|47893.68|0.02|65|34437|34437|616
14|KENYA|79|14|60479.5|0.1|79|23558|23558|83
9|INDONESIA|23|9|43052.82|0.08|23|23558|23558|83
8|INDIA|12|8|29471.4|0.03|12|23558|23558|83
14|KENYA|76|14|25786.35|0.05|76|23558|23558|83
0|ALGERIA|28|0|41444.4|0.01|28|23558|23558|83
4|EGYPT|38|4|23371.02|0.09|38|23558|23558|83
16|MOZAMBIQUE|30|16|44610.72|0.06|30|23558|23558|83
22|RUSSIA|65|22|18091.8|0.07|65|12998|12998|638
4|EGYPT|22|4|2436.62|0.04|22|43968|43968|935
0|ALGERIA|24|0|63228.62|0.01|24|43968|43968|935
18|CHINA|75|18|53592.62|0.04|75|20736|20736|847
16|MOZAMBIQUE|18|16|23117.3|0.04|18|3010|3010|61
1|ARGENTINA|29|1|15559.38|0.02|29|3010|3010|61
19|ROMANIA|17|19|62195.74|0.05|17|3010|3010|61
19|ROMANIA|17|19|30525.32|0.09|17|3010|3010|61
5|ETHIOPIA|63|5|28300.36|0.09|63|3010|3010|61
1|ARGENTINA|3|1|32578.8|0.04|3|3010|3010|61
9|INDONESIA|45|9|55815.3|0.05|45|9511|9511|913
3|CANADA|20|3|69024.54|0.02|20|9511|9511|913
24|UNITED STATES|46|24|11604.72|0.07|46|9314|9314|1051
17|PERU|1|17|64058.4|0.09|1|21826|21826|935
11|IRAQ|5|11|52218.88|0.02|5|21826|21826|935
2|BRAZIL|21|2|5321.68|0.04|21|21826|21826|935
24|UNITED STATES|10|24|40338.72|0.09|10|21826|21826|935
16|MOZAMBIQUE|31|16|1780.88|0.1|31|21826|21826|935
5|ETHIOPIA|63|5|50850.06|0.03|63|21826|21826|935
24|UNITED STATES|64|24|30356.34|0.06|64|2340|2340|517
1|ARGENTINA|3|1|9036.9|0.08|3|2340|2340|517
7|GERMANY|77|7|47307.48|0.05|77|45858|45858|1084
17|PERU|1|17|20161.26|0.09|1|12836|12836|847
7|GERMANY|77|7|41185.32|0.06|77|12836|12836|847
8|INDIA|61|8|1367.46|0.04|61|12836|12836|847
4|EGYPT|69|4|82022.4|0.07|69|12836|12836|847
9|INDONESIA|23|9|29854.86|0.04|23|12836|12836|847
5|ETHIOPIA|63|5|45192.18|0.03|63|12836|12836|847
5|ETHIOPIA|63|5|19058.9|0.01|63|12836|12836|847
6|FRANCE|70|6|72147.66|0.1|70|22406|22406|418
1|ARGENTINA|29|1|10307.33|0.04|29|22406|22406|418
18|CHINA|75|18|14343.12|0.0|75|22406|22406|418
20|SAUDI ARABIA|74|20|1067.16|0.07|74|22406|22406|418
20|SAUDI ARABIA|74|20|49668.36|0.0|74|22406|22406|418
20|SAUDI ARABIA|74|20|55802.88|0.03|74|22406|22406|418
17|PERU|8|17|2883.08|0.0|8|46727|46727|935
22|RUSSIA|40|22|42710.85|0.1|40|46727|46727|935
22|RUSSIA|65|22|2204.4|0.08|65|46727|46727|935
22|RUSSIA|25|22|40137.66|0.04|25|10119|10119|407
3|CANADA|20|3|1559.65|0.06|20|14915|14915|649
0|ALGERIA|24|0|20790.24|0.06|24|43648|43648|1084
1|ARGENTINA|71|1|63179.62|0.03|71|36839|36839|913
7|GERMANY|33|7|9108.99|0.03|33|5253|5253|1183
6|FRANCE|70|6|30558.0|0.04|70|5253|5253|1183
16|MOZAMBIQUE|31|16|41693.22|0.02|31|5253|5253|1183
19|ROMANIA|52|19|40083.4|0.02|52|5253|5253|1183
8|INDIA|60|8|44620.84|0.05|60|2690|2690|748
1|ARGENTINA|71|1|53536.7|0.05|71|2690|2690|748
10|IRAN|9|10|65420.0|0.03|9|2690|2690|748
0|ALGERIA|37|0|17490.6|0.04|37|2690|2690|748
0|ALGERIA|37|0|85364.55|0.02|37|2690|2690|748
14|KENYA|47|14|47480.4|0.01|47|2690|2690|748
3|CANADA|20|3|4219.5|0.07|20|2690|2690|748
3|CANADA|13|3|28561.5|0.04|13|29351|29351|814
17|PERU|8|17|62345.42|0.08|8|47490|47490|418
23|UNITED KINGDOM|7|23|20319.93|0.02|7|47490|47490|418
13|JORDAN|36|13|23575.05|0.02|36|47490|47490|418
9|INDONESIA|45|9|42029.55|0.01|45|47490|47490|418
16|MOZAMBIQUE|18|16|31244.35|0.03|18|47490|47490|418
24|UNITED STATES|10|24|1495.59|0.06|10|47490|47490|418
14|KENYA|47|14|68624.5|0.04|47|28196|28196|1150
21|VIETNAM|26|21|25988.16|0.07|26|27361|27361|715
0|ALGERIA|37|0|45516.96|0.04|37|8006|8006|616
0|ALGERIA|24|0|81019.54|0.02|24|8006|8006|616
4|EGYPT|38|4|70034.96|0.03|38|8006|8006|616
18|CHINA|75|18|7428.12|0.09|75|8006|8006|616
18|CHINA|41|18|59745.84|0.06|41|8006|8006|616
16|MOZAMBIQUE|30|16|17651.2|0.03|30|8006|8006|616
17|PERU|57|17|2612.8|0.1|57|4354|4354|1150
16|MOZAMBIQUE|56|16|30423.3|0.08|56|4354|4354|1150
10|IRAN|34|10|52373.87|0.06|34|4354|4354|1150
16|MOZAMBIQUE|73|16|51670.8|0.08|73|41506|41506|1084
10|IRAN|9|10|56125.5|0.01|9|41506|41506|1084
9|INDONESIA|23|9|22196.94|0.0|23|41506|41506|1084
16|MOZAMBIQUE|18|16|5866.35|0.03|18|41506|41506|1084
8|INDIA|39|8|11035.76|0.02|39|41506|41506|1084
18|CHINA|27|18|18475.56|0.02|27|41506|41506|1084
18|CHINA|11|18|24774.91|0.07|11|6499|6499|94
9|INDONESIA|50|9|41736.24|0.01|50|6499|6499|94
8|INDIA|39|8|15063.84|0.05|39|6499|6499|94
9|INDONESIA|45|9|57131.14|0.0|45|31716|31716|61
8|INDIA|60|8|15083.25|0.06|60|30848|30848|209
10|IRAN|9|10|54398.14|0.1|9|30848|30848|209
0|ALGERIA|37|0|58031.2|0.02|37|30848|30848|209
15|MOROCCO|14|15|48171.0|0.09|14|30848|30848|209
4|EGYPT|67|4|2778.06|0.09|67|30848|30848|209
8|INDIA|39|8|3972.36|0.06|39|30848|30848|209
14|KENYA|76|14|8184.82|0.02|76|4707|4707|715
23|UNITED KINGDOM|32|23|48317.92|0.0|32|4707|4707|715
23|UNITED KINGDOM|7|23|70725.5|0.01|7|38560|38560|539
23|UNITED KINGDOM|7|23|28992.0|0.0|7|38560|38560|539
11|IRAQ|5|11|11924.72|0.05|5|38560|38560|539
8|INDIA|61|8|24084.22|0.01|61|38560|38560|539
22|RUSSIA|25|22|79869.15|0.01|25|38560|38560|539
22|RUSSIA|16|22|2322.52|0.09|16|38560|38560|539
16|MOZAMBIQUE|58|16|42273.72|0.01|58|19552|19552|814
9|INDONESIA|50|9|58851.02|0.07|50|45061|45061|1172
22|RUSSIA|65|22|29280.96|0.0|65|45061|45061|1172
5|ETHIOPIA|2|5|40921.69|0.0|2|45061|45061|1172
6|FRANCE|70|6|18073.72|0.09|70|28000|28000|869
21|VIETNAM|26|21|48411.46|0.08|26|28000|28000|869
13|JORDAN|36|13|11940.6|0.02|36|28000|28000|869
19|ROMANIA|17|19|28956.6|0.08|17|15361|15361|913
18|CHINA|75|18|15652.8|0.0|75|15361|15361|913
24|UNITED STATES|55|24|45875.29|0.04|55|17287|17287|94
15|MOROCCO|4|15|50214.0|0.09|4|17287|17287|94
18|CHINA|75|18|11682.6|0.04|75|17287|17287|94
23|UNITED KINGDOM|7|23|14687.44|0.01|7|28672|28672|946
4|EGYPT|22|4|3848.24|0.03|22|28672|28672|946
1|ARGENTINA|71|1|22403.85|0.1|71|28672|28672|946
3|CANADA|20|3|13706.98|0.03|20|28672|28672|946
16|MOZAMBIQUE|30|16|25947.3|0.05|30|28672|28672|946
22|RUSSIA|42|22|10937.79|0.0|42|28034|28034|913
18|CHINA|72|18|13298.13|0.01|72|1958|1958|418
16|MOZAMBIQUE|58|16|35040.7|0.02|58|1958|1958|418
3|CANADA|13|3|45325.72|0.08|13|1958|1958|418
5|ETHIOPIA|78|5|59343.08|0.09|78|1958|1958|418
24|UNITED STATES|19|24|52972.8|0.08|19|1958|1958|418
22|RUSSIA|16|22|6863.24|0.04|16|1958|1958|418
22|RUSSIA|42|22|37769.6|0.05|42|1958|1958|418
15|MOROCCO|4|15|1177.27|0.0|4|39331|39331|616
16|MOZAMBIQUE|31|16|1371.47|0.02|31|39331|39331|616
0|ALGERIA|24|0|55162.24|0.08|24|18178|18178|209
4|EGYPT|67|4|17903.55|0.07|67|18178|18178|209
24|UNITED STATES|19|24|45897.72|0.05|19|18178|18178|209
16|MOZAMBIQUE|18|16|11856.69|0.05|18|18178|18178|209
0|ALGERIA|37|0|29839.97|0.1|37|19521|19521|407
21|VIETNAM|26|21|28396.94|0.0|26|19521|19521|407
13|JORDAN|36|13|67102.56|0.09|36|19521|19521|407
21|VIETNAM|80|21|15040.48|0.05|80|19235|19235|1172
7|GERMANY|33|7|83437.2|0.01|33|19235|19235|1172
18|CHINA|11|18|51368.16|0.1|11|19235|19235|1172
18|CHINA|11|18|4958.25|0.09|11|19235|19235|1172
7|GERMANY|44|7|49427.04|0.05|44|25186|25186|649
24|UNITED STATES|49|24|17190.36|0.06|49|25186|25186|649
21|VIETNAM|80|21|57393.6|0.03|80|28322|28322|649
14|KENYA|6|14|20886.4|0.0|6|28322|28322|649
11|IRAQ|5|11|35097.0|0.01|5|28322|28322|649
6|FRANCE|70|6|9177.72|0.1|70|28322|28322|649
4|EGYPT|67|4|38344.88|0.04|67|28322|28322|649
16|MOZAMBIQUE|18|16|75180.0|0.04|18|28322|28322|649
9|INDONESIA|50|9|30867.48|0.09|50|47077|47077|407
6|FRANCE|70|6|71223.95|0.08|70|47077|47077|407
14|KENYA|47|14|20294.34|0.04|47|47077|47077|407
2|BRAZIL|21|2|2198.38|0.06|21|47077|47077|407
0|ALGERIA|28|0|50934.08|0.03|28|47077|47077|407
5|ETHIOPIA|63|5|73724.2|0.09|63|47077|47077|407
24|UNITED STATES|64|24|27597.24|0.08|64|17861|17861|407
17|PERU|59|17|25327.75|0.02|59|28674|28674|61
3|CANADA|13|3|1209.3|0.05|13|28674|28674|61
24|UNITED STATES|46|24|16550.6|0.0|46|28674|28674|61
17|PERU|57|17|8775.36|0.04|57|28674|28674|61
0|ALGERIA|28|0|24217.76|0.05|28|28674|28674|61
7|GERMANY|77|7|24348.61|0.02|77|19137|19137|517
1|ARGENTINA|71|1|33604.8|0.08|71|19137|19137|517
6|FRANCE|70|6|38197.48|0.02|70|19137|19137|517
21|VIETNAM|26|21|11572.32|0.07|26|16322|16322|1040
16|MOZAMBIQUE|18|16|70928.76|0.0|18|16322|16322|1040
16|MOZAMBIQUE|31|16|16437.4|0.02|31|16322|16322|1040
19|ROMANIA|62|19|21863.36|0.03|62|46341|46341|649
7|GERMANY|33|7|1149.24|0.0|33|46341|46341|649
1|ARGENTINA|71|1|68269.85|0.03|71|46341|46341|649
4|EGYPT|69|4|44259.04|0.08|69|46341|46341|649
14|KENYA|79|14|50614.4|0.04|79|46341|46341|649
16|MOZAMBIQUE|18|16|42005.6|0.04|18|46341|46341|649
23|UNITED KINGDOM|66|23|27749.92|0.01|66|27653|27653|902
7|GERMANY|77|7|32796.05|0.0|77|24133|24133|979
9|INDONESIA|23|9|24076.5|0.05|23|24133|24133|979
3|CANADA|20|3|5490.95|0.03|20|24133|24133|979
3|CANADA|20|3|3525.81|0.01|20|24133|24133|979
16|MOZAMBIQUE|73|16|7272.75|0.05|73|29952|29952|715
8|INDIA|61|8|51064.94|0.06|61|29952|29952|715
9|INDONESIA|45|9|39443.47|0.02|45|29952|29952|715
18|CHINA|41|18|42745.36|0.04|41|29952|29952|715
12|JAPAN|54|12|40749.1|0.08|54|10086|10086|319
17|PERU|8|17|55411.4|0.1|8|18820|18820|814
23|UNITED KINGDOM|7|23|2937.12|0.07|7|18820|18820|814
11|IRAQ|5|11|48678.3|0.07|5|18820|18820|814
22|RUSSIA|40|22|48114.43|0.0|40|18820|18820|814
4|EGYPT|67|4|1448.54|0.05|67|18820|18820|814
16|MOZAMBIQUE|31|16|15942.16|0.07|31|18820|18820|814
8|INDIA|61|8|39312.3|0.05|61|31140|31140|946
11|IRAQ|5|11|32347.0|0.08|5|19811|19811|1040
10|IRAN|34|10|56123.2|0.07|34|19811|19811|1040
9|INDONESIA|23|9|46096.6|0.0|23|19811|19811|1040
16|MOZAMBIQUE|56|16|54814.22|0.0|56|19811|19811|1040
8|INDIA|39|8|46796.82|0.05|39|19811|19811|1040
3|CANADA|20|3|81157.92|0.05|20|19811|19811|1040
16|MOZAMBIQUE|31|16|1978.16|0.01|31|19811|19811|1040
9|INDONESIA|50|9|47690.4|0.1|50|43681|43681|1051
22|RUSSIA|40|22|41191.74|0.1|40|15653|15653|616
0|ALGERIA|28|0|24072.18|0.06|28|15653|15653|616
18|CHINA|75|18|32044.8|0.03|75|15653|15653|616
21|VIETNAM|68|21|23246.82|0.01|68|35398|35398|902
9|INDONESIA|45|9|40083.4|0.07|45|35398|35398|902
24|UNITED STATES|55|24|46021.32|0.08|55|28545|28545|616
10|IRAN|9|10|34627.5|0.08|9|28545|28545|616
16|MOZAMBIQUE|56|16|20840.12|0.04|56|28545|28545|616
8|INDIA|39|8|6096.55|0.08|39|28545|28545|616
17|PERU|59|17|61256.13|0.07|59|44484|44484|847
17|PERU|59|17|73355.74|0.04|59|44484|44484|847
13|JORDAN|36|13|83889.36|0.07|36|44484|44484|847
24|UNITED STATES|46|24|17001.53|0.01|46|44484|44484|847
21|VIETNAM|35|21|73777.88|0.08|35|44484|44484|847
2|BRAZIL|21|2|11451.33|0.06|21|44484|44484|847
19|ROMANIA|17|19|15617.12|0.0|17|44484|44484|847
8|INDIA|61|8|16137.42|0.06|61|19239|19239|616
2|BRAZIL|21|2|31870.44|0.07|21|19239|19239|616
9|INDONESIA|51|9|14491.51|0.04|51|12166|12166|50
17|PERU|59|17|28029.51|0.1|59|17985|17985|1084
21|VIETNAM|26|21|40204.0|0.05|26|17985|17985|1084
5|ETHIOPIA|78|5|5072.37|0.0|78|17985|17985|1084
2|BRAZIL|21|2|58274.48|0.01|21|17985|17985|1084
3|CANADA|13|3|54442.52|0.1|13|19558|19558|979
0|ALGERIA|28|0|35534.76|0.02|28|19558|19558|979
18|CHINA|27|18|2254.44|0.06|27|19558|19558|979
18|CHINA|72|18|25787.36|0.03|72|18503|18503|913
10|IRAN|9|10|45015.75|0.04|9|18503|18503|913
13|JORDAN|36|13|69474.0|0.08|36|18503|18503|913
0|ALGERIA|24|0|22470.12|0.1|24|18503|18503|913
8|INDIA|39|8|48197.68|0.09|39|18503|18503|913
8|INDIA|39|8|46137.6|0.01|39|18503|18503|913
19|ROMANIA|17|19|1321.42|0.1|17|37698|37698|50
22|RUSSIA|42|22|44725.59|0.09|42|37698|37698|50
24|UNITED STATES|10|24|53890.81|0.09|10|11397|11397|605
16|MOZAMBIQUE|58|16|2994.27|0.1|58|19713|19713|847
1|ARGENTINA|29|1|30080.4|0.0|29|19713|19713|847
4|EGYPT|38|4|20117.6|0.09|38|23783|23783|1172
1|ARGENTINA|29|1|23188.2|0.02|29|35399|35399|539
22|RUSSIA|65|22|29492.11|0.02|65|35399|35399|539
19|ROMANIA|52|19|8673.44|0.02|52|35399|35399|539
21|VIETNAM|80|21|27667.45|0.08|80|40261|40261|517
18|CHINA|11|18|48594.81|0.0|11|40261|40261|517
21|VIETNAM|26|21|53485.0|0.01|26|40261|40261|517
16|MOZAMBIQUE|58|16|59390.4|0.1|58|40261|40261|517
15|MOROCCO|14|15|3816.2|0.07|14|40261|40261|517
12|JAPAN|54|12|59035.48|0.01|54|40261|40261|517
17|PERU|8|17|46699.0|0.1|8|27623|27623|935
7|GERMANY|77|7|26948.43|0.09|77|27623|27623|935
10|IRAN|9|10|27522.16|0.03|9|27623|27623|935
14|KENYA|48|14|37840.5|0.02|48|27623|27623|935
14|KENYA|47|14|19496.28|0.1|47|27623|27623|935
23|UNITED KINGDOM|32|23|21817.46|0.08|32|27623|27623|935
22|RUSSIA|42|22|48562.65|0.06|42|27623|27623|935
6|FRANCE|70|6|56071.66|0.08|70|486|486|407
16|MOZAMBIQUE|58|16|57501.2|0.03|58|486|486|407
9|INDONESIA|45|9|54165.6|0.0|45|486|486|407
5|ETHIOPIA|78|5|58575.02|0.0|78|486|486|407
19|ROMANIA|52|19|3375.66|0.07|52|486|486|407
5|ETHIOPIA|2|5|25716.08|0.04|2|486|486|407
7|GERMANY|33|7|24336.4|0.03|33|14852|14852|847
20|SAUDI ARABIA|74|20|9289.17|0.05|74|14852|14852|847
22|RUSSIA|25|22|9208.08|0.01|25|22596|22596|94
14|KENYA|79|14|20448.45|0.1|79|22596|22596|94
7|GERMANY|53|7|17546.21|0.03|53|22596|22596|94
20|SAUDI ARABIA|74|20|34984.95|0.06|74|22596|22596|94
15|MOROCCO|14|15|24827.25|0.04|14|15875|15875|649
1|ARGENTINA|29|1|39137.58|0.01|29|15875|15875|649
8|INDIA|39|8|23398.41|0.03|39|15875|15875|649
22|RUSSIA|42|22|42831.87|0.06|42|15875|15875|649
4|EGYPT|38|4|55299.2|0.01|38|10243|10243|308
4|EGYPT|69|4|990.08|0.02|69|16898|16898|946
4|EGYPT|67|4|66671.5|0.07|67|16898|16898|946
23|UNITED KINGDOM|66|23|27869.8|0.0|66|14566|14566|1183
8|INDIA|15|8|2865.15|0.07|15|14566|14566|1183
13|JORDAN|36|13|21666.96|0.07|36|14566|14566|1183
24|UNITED STATES|64|24|35281.4|0.01|64|14566|14566|1183
7|GERMANY|33|7|24613.91|0.04|33|29669|29669|61
3|CANADA|13|3|15206.52|0.05|13|29669|29669|61
11|IRAQ|5|11|32135.1|0.07|5|14500|14500|979
24|UNITED STATES|46|24|54738.75|0.0|46|14500|14500|979
23|UNITED KINGDOM|7|23|35197.44|0.03|7|18944|18944|418
1|ARGENTINA|71|1|38738.92|0.02|71|18944|18944|418
21|VIETNAM|35|21|23080.64|0.0|35|18944|18944|418
5|ETHIOPIA|78|5|1874.06|0.03|78|18944|18944|418
