16231
36482
41091
29761
44193
1859
10082
39650
25350
19971
35173
24294
12161
24162
36262
16033
33380
13283
21060
3905
39078
14086
26593
2948
39012
19333
46052
39232
23172
43170
25185
37186
12480
38374
39782
18145
17155
15395
28166
17793
14691
27297
36295
38275
17122
29156
26274
38022
38880
17573
13063
21093
12260
17441
38341
18981
37670
17221
29541
19586
34084
18662
13382
32192
10181
1408
1606
13184
28672
29574
17760
19366
36064
27110
23491
38594
45381
35591
37120
38693
19751
26087
36196
18530
32071
15010
15175
17540
27044
35393
14592
16066
19399
17474
16198
39111
36163
38055
39463
36097
4807
14471
18343
25383
25251
19520
16000
22182
18596
28771
26373
27011
46272
34150
45095
13030
160
15142
17089
44292
1507
29255
39397
2629
23392
16132
37472
29442
21280
16352
16451
2915
1826
1958
42081
35140
37153
46470
27495
16550
18211
32291
28133
18695
27363
46085
37351
19014
37252
16385
35074
26340
1639
18277
26692
24481
4928
27264
39430
28199
29893
23590
19872
4609
26241
18178
19201
26791
16583
45062
16165
33281
29222
35041
13250
39584
20070
34051
29123
15296
42180
44391
18112
14273
28100
37285
27330
47075
19168
27462
35492
17991
32390
