27883.13|0.04|17543
42408.09|0.1|21382
42887.88|0.04|45252
19979.59|0.0|47683
2928.21|0.06|36001
13045.84|0.07|30050
16047.36|0.07|22020
25164.81|0.09|18753
46603.06|0.02|39268
55709.15|0.02|43074
39067.35|0.09|11680
33510.75|0.02|25573
32723.04|0.09|35781
24089.6|0.1|43360
65877.12|0.08|25188
70547.1|0.03|19589
3892.28|0.08|37123
40192.5|0.04|39686
59059.21|0.01|25474
7435.98|0.08|19941
6330.72|0.02|11361
29401.46|0.02|11361
40826.94|0.01|43074
3015.3|0.03|19974
4044.44|0.0|47683
40255.56|0.06|14023
33604.48|0.05|39268
41449.76|0.08|24451
9067.73|0.06|45120
60400.8|0.07|10470
19581.0|0.08|24132
42781.25|0.1|27168
69239.98|0.0|10470
4216.6|0.02|19974
62765.16|0.0|21382
59683.8|0.02|19974
3373.56|0.1|37123
3155.34|0.01|15200
5095.55|0.09|23010
51285.93|0.05|27168
15066.38|0.08|18533
27266.19|0.0|24132
5766.16|0.01|16641
53526.33|0.06|37123
39550.28|0.1|12483
29552.4|0.05|26310
8829.52|0.02|20480
63617.65|0.07|31040
42005.6|0.04|46341
52136.64|0.07|46055
40682.46|0.0|15079
26317.52|0.04|19457
38080.8|0.08|46374
21443.52|0.02|38498
23749.96|0.09|130
18660.16|0.0|10272
6909.56|0.05|13572
15851.22|0.07|19105
18163.8|0.1|36100
43486.2|0.1|37860
51994.6|0.02|12164
18852.32|0.01|22053
2703.0|0.08|34692
12169.32|0.09|35682
65444.76|0.09|1829
44669.22|0.03|47232
62493.13|0.02|22020
41833.66|0.03|19556
28272.78|0.05|37189
58610.58|0.08|25155
11506.18|0.08|27201
33341.88|0.01|21382
30076.77|0.04|43074
46109.35|0.01|23010
24642.18|0.03|39301
35843.94|0.05|29346
35985.81|0.02|38498
35844.2|0.01|37541
1793.89|0.06|10470
36867.42|0.08|33031
8478.36|0.0|27201
55904.26|0.09|20194
4515.0|0.03|47078
25202.5|0.06|10052
34207.2|0.06|22053
41578.51|0.05|21382
27948.14|0.0|31590
8381.03|0.05|24165
11364.16|0.01|11174
8665.44|0.05|19974
72616.44|0.0|38564
60972.66|0.05|24385
25953.25|0.07|31073
48435.52|0.03|45120
68829.54|0.0|27333
48310.08|0.06|16289
4532.92|0.1|29632
27929.13|0.03|38597
34416.2|0.0|32195
4709.08|0.0|27168
46357.64|0.04|28389
13754.88|0.09|18599
76709.77|0.1|36485
29358.88|0.02|24198
24091.74|0.03|15266
54403.13|0.1|28741
22305.53|0.07|44262
23176.64|0.02|34274
68395.82|0.03|25793
22464.72|0.02|24352
1543.64|0.06|26662
25969.54|0.0|22053
6116.6|0.04|12164
4785.25|0.02|41094
6306.8|0.08|17697
49052.8|0.09|47012
13574.5|0.03|14342
43758.41|0.07|24132
1202.3|0.03|36034
941.04|0.05|12483
63470.68|0.05|39620
38930.76|0.02|34560
70340.97|0.06|23043
41282.58|0.05|19941
37985.4|0.09|45252
25984.56|0.01|26695
32335.7|0.02|45571
69613.34|0.1|29764
38233.89|0.06|47584
54013.5|0.02|19204
19681.6|0.0|29797
24166.35|0.08|15431
35567.62|0.07|12483
50516.74|0.1|32195
12087.74|0.1|28037
45723.0|0.07|24385
55884.48|0.1|28389
46021.98|0.06|14023
11232.36|0.01|43074
63318.0|0.0|47078
8745.3|0.07|27047
57138.9|0.02|36485
48436.5|0.03|38212
70929.46|0.03|43360
23961.5|0.05|38982
18416.16|0.01|13088
5718.3|0.03|27201
24029.04|0.03|13572
28205.5|0.04|29797
6461.14|0.07|15431
46893.56|0.05|45120
42706.08|0.09|34241
59103.14|0.04|31040
3174.45|0.06|14980
29372.94|0.0|45153
31251.44|0.01|24198
42349.44|0.07|16454
47846.44|0.01|27047
22181.94|0.08|39972
51437.66|0.02|31392
25087.79|0.08|20480
32554.8|0.04|14980
18001.62|0.1|27333
29411.4|0.06|38597
57020.16|0.01|32195
65828.56|0.0|29797
82014.24|0.06|26244
3669.96|0.01|29764
44670.1|0.09|37541
32060.35|0.09|47584
44234.19|0.0|45670
68981.14|0.0|28103
14163.24|0.06|20480
37791.82|0.07|24066
55940.28|0.07|38564
63696.85|0.07|24066
56908.42|0.01|25188
24914.52|0.0|39136
36521.78|0.09|27300
24441.04|0.1|15233
42345.3|0.08|29027
908.0|0.09|33284
10237.92|0.07|33251
62100.64|0.02|15266
27590.16|0.08|47683
1327.42|0.02|24352
42044.4|0.01|13121
11039.58|0.09|15651
32739.84|0.01|28675
43871.25|0.0|37156
41119.02|0.08|27652
49333.2|0.03|45670
15120.64|0.06|44295
16748.94|0.08|24484
31134.18|0.02|36001
17190.36|0.03|2819
21968.94|0.05|10470
48645.22|0.08|28741
3655.84|0.05|33570
32832.36|0.1|44064
2184.38|0.04|11174
37653.31|0.0|16069
10219.22|0.04|25573
22500.79|0.07|17862
32621.05|0.07|23395
42594.64|0.07|24066
54027.96|0.1|17697
56620.4|0.06|21382
23400.96|0.1|29511
37965.42|0.1|13187
69626.06|0.07|38630
46216.17|0.06|38982
6522.92|0.06|29027
71980.02|0.05|26981
54398.14|0.0|21063
10026.8|0.08|39686
28302.02|0.08|23076
54969.92|0.08|25155
36350.64|0.06|47650
84824.1|0.1|27333
25632.0|0.06|13088
56304.2|0.1|24231
36759.42|0.06|12164
4399.68|0.03|37860
81229.75|0.03|38850
52228.44|0.02|11361
18029.0|0.05|35330
32738.97|0.01|15200
52178.28|0.07|29632
15108.93|0.09|36034
15893.04|0.05|14375
23443.2|0.04|39521
30792.6|0.05|18753
40442.75|0.05|17697
38472.42|0.1|13088
18720.6|0.04|26662
18529.5|0.06|23362
42424.98|0.04|295
4501.8|0.0|39015
10622.52|0.09|15079
20115.76|0.01|15332
10978.99|0.07|25287
70954.8|0.01|12450
44435.88|0.08|16289
78875.3|0.05|17697
41063.68|0.06|34373
28455.75|0.06|38784
40749.1|0.05|10272
35782.72|0.0|14661
19381.2|0.08|14980
13650.0|0.0|34241
1382.48|0.09|27300
43131.55|0.1|22053
44116.8|0.0|45252
38416.82|0.02|19655
19781.66|0.01|36034
16193.76|0.05|26695
62481.6|0.05|18500
38090.25|0.09|34241
24232.03|0.09|14980
29724.97|0.03|14177
22408.0|0.03|45571
26321.12|0.03|2819
10399.06|0.08|25474
38050.11|0.0|36067
37321.2|0.01|33152
8168.65|0.08|18500
18160.0|0.01|18049
42797.76|0.02|39235
18460.4|0.06|23362
19829.28|0.08|39015
42770.0|0.08|32261
10758.77|0.06|29797
18635.23|0.01|43140
42932.74|0.06|15079
906.0|0.08|27168
26228.5|0.07|19105
49054.0|0.05|29027
25491.84|0.01|11680
27929.13|0.01|47650
20575.27|0.05|37376
46950.4|0.04|19457
27849.8|0.08|24231
1832.93|0.04|19556
39973.23|0.02|25287
2482.68|0.02|17444
5450.9|0.06|44295
50905.35|0.01|17862
50373.72|0.09|38465
31975.02|0.01|35682
44201.19|0.02|22053
36663.2|0.01|12483
55932.48|0.05|45670
32372.5|0.01|17411
26523.12|0.1|11680
70998.67|0.09|33570
19621.6|0.08|38564
38801.04|0.02|37376
30337.28|0.04|15266
51762.56|0.01|46242
24776.84|0.1|47078
26271.52|0.05|45571
6587.28|0.04|44196
45493.56|0.0|25254
59035.48|0.06|38630
19767.42|0.0|13121
34442.8|0.03|29027
26400.12|0.03|15398
58667.21|0.09|17697
15504.96|0.01|24198
38078.26|0.08|30050
18659.52|0.03|196
26076.16|0.01|12164
6288.84|0.05|30050
65145.08|0.04|47650
30584.88|0.05|34373
35053.2|0.03|33284
53466.7|0.06|38630
55962.06|0.01|38850
62803.2|0.06|24033
46294.6|0.05|36320
28296.24|0.02|38597
33781.37|0.08|28455
7502.1|0.06|36320
75888.04|0.03|10272
5736.2|0.04|13572
55737.45|0.1|35682
32544.38|0.02|20194
94549.5|0.05|36485
41765.15|0.08|39620
35270.4|0.01|14276
81786.5|0.05|3908
85229.55|0.02|23076
35563.28|0.06|29346
32143.23|0.06|30083
45027.18|0.1|38850
36723.96|0.07|34560
16683.15|0.02|38564
17715.04|0.08|19941
40565.46|0.09|17158
32038.72|0.09|42051
3084.36|0.09|19204
16385.38|0.1|39488
23609.74|0.08|19303
13370.22|0.08|43360
16902.93|0.04|32261
43904.19|0.05|24231
19094.13|0.01|16454
16165.16|0.1|39015
17000.82|0.08|15233
63278.11|0.03|27652
40269.55|0.0|20194
87700.12|0.05|31590
32338.56|0.06|23076
49891.18|0.1|24484
19881.3|0.0|34692
72940.42|0.07|41094
31208.5|0.03|19457
24746.24|0.1|39235
53398.4|0.02|18599
83203.56|0.09|34692
22927.08|0.02|33031
49354.47|0.03|15079
48053.0|0.0|36452
28552.94|0.01|19237
38202.0|0.04|19237
6338.72|0.04|41094
16661.36|0.08|13121
64075.32|0.04|34560
53894.05|0.06|11680
14715.7|0.01|10052
1343.44|0.01|44196
37781.44|0.1|24198
20372.44|0.07|15651
29203.24|0.06|44295
45742.67|0.0|46055
25924.08|0.01|21382
25406.85|0.05|28675
15229.28|0.01|42051
14766.84|0.09|38597
42945.9|0.04|39873
11316.08|0.1|38630
934.03|0.08|29632
63218.0|0.05|10470
48503.0|0.09|16036
40523.52|0.03|33350
15291.51|0.0|46055
34854.08|0.03|10272
31041.36|0.02|16740
34036.5|0.06|14276
44507.4|0.04|47078
3237.51|0.02|14023
1284.38|0.02|21030
71713.68|0.0|17862
26131.14|0.05|17697
47651.1|0.1|45571
1854.95|0.1|15651
77453.32|0.02|11680
16061.16|0.05|33031
58518.0|0.05|21030
41925.95|0.04|27300
67054.54|0.09|46374
19354.72|0.0|14375
30080.4|0.08|13187
20507.1|0.08|13440
78286.81|0.09|14276
8949.54|0.06|24484
42283.02|0.08|15233
8493.17|0.1|10151
47293.52|0.07|24484
8090.64|0.08|47683
23842.5|0.1|18115
15963.36|0.01|46055
60335.17|0.1|27652
67311.2|0.1|14276
51064.86|0.02|37574
13959.12|0.04|28389
3474.75|0.03|25155
2090.28|0.07|39015
24920.64|0.06|21030
51491.88|0.02|41094
68198.68|0.1|39620
11572.32|0.07|16322
48965.89|0.01|24484
25338.88|0.06|28741
22006.75|0.1|25287
33585.64|0.04|12164
39959.18|0.07|24352
8184.96|0.1|295
26361.0|0.07|12483
27434.97|0.1|45670
38505.6|0.1|28103
13188.56|0.05|18368
21183.0|0.06|23395
34137.72|0.04|16289
53366.1|0.04|37541
77151.06|0.06|47650
9952.5|0.06|44295
38307.8|0.1|33284
84734.1|0.06|37794
55099.71|0.04|46374
23052.89|0.0|18115
12703.59|0.0|36034
30293.34|0.06|23076
40253.07|0.04|33570
71019.36|0.04|41094
51770.32|0.08|28642
5160.65|0.0|35011
7371.76|0.0|19941
80623.71|0.08|39301
18835.92|0.04|47012
82895.12|0.04|35682
29532.0|0.06|38212
14029.07|0.03|33350
8042.64|0.0|39620
23851.25|0.06|14375
11406.24|0.02|19303
45151.47|0.01|25155
25947.72|0.01|23076
17010.12|0.08|33570
43872.48|0.03|130
41708.64|0.01|11174
72481.95|0.04|39686
9550.44|0.03|19941
64406.09|0.04|11361
1612.71|0.04|11361
27356.8|0.01|33570
16547.5|0.04|37794
13166.28|0.1|35682
50370.18|0.05|13572
25162.72|0.04|25254
36801.93|0.05|27333
7203.84|0.08|26310
16437.4|0.02|16322
50611.72|0.07|39301
67922.22|0.08|10470
4448.84|0.1|18599
56886.9|0.01|19303
27793.92|0.04|33570
30160.76|0.0|43140
51040.35|0.02|25793
54738.4|0.03|14980
11573.65|0.09|15079
42405.3|0.04|38498
11392.3|0.1|29478
49733.05|0.05|16740
55529.77|0.07|33152
70145.72|0.07|38597
49193.55|0.05|29478
46038.9|0.03|23010
13090.95|0.09|11680
22429.97|0.08|15398
25658.36|0.06|47584
5193.56|0.02|20161
7447.9|0.04|40291
69257.79|0.09|35781
6439.02|0.0|34087
45091.05|0.06|130
38709.44|0.05|47584
5621.1|0.0|2819
50714.06|0.01|47683
33594.72|0.09|25573
14127.4|0.0|32096
