1|ARGENTINA|71|1|13950.45|0.03|71|5668|5668|871|871|20
18|CHINA|11|18|71329.9|0.06|11|37639|37639|871|871|20
9|INDONESIA|45|9|32286.32|0.02|45|37639|37639|871|871|20
7|GERMANY|77|7|27077.21|0.04|77|31654|31654|871|871|20
1|ARGENTINA|71|1|18628.16|0.07|71|31654|31654|871|871|20
17|PERU|59|17|4995.45|0.01|59|31654|31654|871|871|20
22|RUSSIA|25|22|16992.72|0.02|25|31654|31654|871|871|20
16|MOZAMBIQUE|18|16|53814.09|0.08|18|31654|31654|871|871|20
16|MOZAMBIQUE|31|16|1018.11|0.06|31|31654|31654|871|871|20
14|KENYA|47|14|45759.0|0.0|47|17926|17926|871|871|20
21|VIETNAM|68|21|45364.5|0.05|68|17926|17926|871|871|20
18|CHINA|75|18|30374.76|0.1|75|17926|17926|871|871|20
6|FRANCE|70|6|57727.74|0.09|70|11621|11621|772|772|20
14|KENYA|47|14|39277.7|0.01|47|11621|11621|772|772|20
8|INDIA|12|8|9990.9|0.02|12|11621|11621|772|772|20
12|JAPAN|54|12|67563.91|0.03|54|11621|11621|772|772|20
18|CHINA|75|18|7352.08|0.03|75|11621|11621|772|772|20
24|UNITED STATES|64|24|12721.92|0.01|64|11621|11621|772|772|20
10|IRAN|34|10|33356.75|0.05|34|35748|35748|772|772|20
12|JAPAN|54|12|26916.21|0.08|54|35748|35748|772|772|20
16|MOZAMBIQUE|31|16|39840.02|0.03|31|35748|35748|772|772|20
11|IRAQ|5|11|23262.08|0.08|5|19619|19619|772|772|20
23|UNITED KINGDOM|66|23|36452.43|0.09|66|19619|19619|772|772|20
6|FRANCE|70|6|13757.58|0.05|70|19619|19619|772|772|20
5|ETHIOPIA|78|5|7092.55|0.01|78|19619|19619|772|772|20
22|RUSSIA|16|22|18184.65|0.08|16|19619|19619|772|772|20
9|INDONESIA|51|9|1562.66|0.05|51|3750|3750|772|772|20
8|INDIA|61|8|35818.22|0.04|61|3750|3750|772|772|20
9|INDONESIA|23|9|30712.6|0.09|23|3750|3750|772|772|20
14|KENYA|76|14|40534.56|0.04|76|3750|3750|772|772|20
22|RUSSIA|16|22|36834.93|0.05|16|3750|3750|772|772|20
19|ROMANIA|52|19|84642.3|0.01|52|3750|3750|772|772|20
10|IRAN|9|10|17399.59|0.04|9|38375|38375|772|772|20
1|ARGENTINA|71|1|43680.48|0.04|71|29863|29863|772|772|20
6|FRANCE|70|6|74529.0|0.03|70|29863|29863|772|772|20
8|INDIA|15|8|12143.81|0.05|15|29863|29863|772|772|20
24|UNITED STATES|10|24|3856.24|0.08|10|29863|29863|772|772|20
20|SAUDI ARABIA|74|20|26988.48|0.09|74|29863|29863|772|772|20
0|ALGERIA|24|0|37251.27|0.1|24|13760|13760|772|772|20
17|PERU|57|17|14976.06|0.05|57|13760|13760|772|772|20
15|MOROCCO|4|15|4279.56|0.0|4|13760|13760|772|772|20
7|GERMANY|53|7|13006.28|0.08|53|13760|13760|772|772|20
24|UNITED STATES|64|24|23992.22|0.05|64|13760|13760|772|772|20
18|CHINA|41|18|4895.19|0.03|41|13760|13760|772|772|20
18|CHINA|41|18|38146.89|0.03|41|13760|13760|772|772|20
19|ROMANIA|62|19|36968.0|0.06|62|15300|15300|772|772|20
2|BRAZIL|21|2|78419.04|0.03|21|15300|15300|772|772|20
8|INDIA|39|8|6962.45|0.02|39|15300|15300|772|772|20
7|GERMANY|53|7|37385.6|0.05|53|15300|15300|772|772|20
20|SAUDI ARABIA|74|20|40893.25|0.09|74|15300|15300|772|772|20
7|GERMANY|44|7|23531.76|0.06|44|5217|5217|278|278|20
18|CHINA|72|18|39371.63|0.03|72|5217|5217|278|278|20
5|ETHIOPIA|78|5|76881.5|0.05|78|5217|5217|278|278|20
23|UNITED KINGDOM|32|23|72551.08|0.04|32|5217|5217|278|278|20
16|MOZAMBIQUE|73|16|41245.2|0.09|73|11622|11622|278|278|20
10|IRAN|9|10|75399.2|0.03|9|11622|11622|278|278|20
0|ALGERIA|37|0|24248.4|0.02|37|11622|11622|278|278|20
23|UNITED KINGDOM|32|23|21823.8|0.07|32|11622|11622|278|278|20
12|JAPAN|54|12|24126.0|0.06|54|11622|11622|278|278|20
14|KENYA|79|14|36463.75|0.07|79|7233|7233|278|278|20
10|IRAN|9|10|56794.42|0.05|9|26791|26791|278|278|20
13|JORDAN|36|13|11812.8|0.02|36|26791|26791|278|278|20
24|UNITED STATES|46|24|32368.34|0.08|46|26791|26791|278|278|20
3|CANADA|20|3|52312.58|0.02|20|26791|26791|278|278|20
18|CHINA|41|18|49684.8|0.09|41|26791|26791|278|278|20
24|UNITED STATES|10|24|20370.93|0.06|10|40160|40160|278|278|20
23|UNITED KINGDOM|7|23|30813.6|0.02|7|39329|39329|652|652|20
23|UNITED KINGDOM|66|23|36376.15|0.04|66|39329|39329|652|652|20
4|EGYPT|22|4|56993.06|0.02|22|39329|39329|652|652|20
16|MOZAMBIQUE|56|16|21592.95|0.1|56|39329|39329|652|652|20
9|INDONESIA|23|9|44254.76|0.09|23|39329|39329|652|652|20
2|BRAZIL|21|2|57543.5|0.0|21|39329|39329|652|652|20
5|ETHIOPIA|2|5|34324.62|0.02|2|39329|39329|652|652|20
10|IRAN|9|10|40808.72|0.06|9|10304|10304|652|652|20
14|KENYA|47|14|3727.02|0.04|47|10304|10304|652|652|20
16|MOZAMBIQUE|58|16|18340.2|0.07|58|10304|10304|652|652|20
17|PERU|57|17|68657.67|0.01|57|10304|10304|652|652|20
1|ARGENTINA|29|1|53011.35|0.05|29|10304|10304|652|652|20
2|BRAZIL|21|2|38129.4|0.05|21|10304|10304|652|652|20
18|CHINA|41|18|44248.0|0.09|41|10304|10304|652|652|20
6|FRANCE|70|6|24545.04|0.08|70|16196|16196|652|652|20
7|GERMANY|77|7|16578.36|0.06|77|20804|20804|652|652|20
8|INDIA|12|8|5894.28|0.03|12|20804|20804|652|652|20
5|ETHIOPIA|78|5|67559.06|0.05|78|20804|20804|652|652|20
24|UNITED STATES|10|24|62466.3|0.09|10|20804|20804|652|652|20
4|EGYPT|38|4|45360.32|0.06|38|20804|20804|652|652|20
18|CHINA|27|18|84123.69|0.07|27|20804|20804|652|652|20
16|MOZAMBIQUE|30|16|6643.28|0.0|30|20804|20804|652|652|20
17|PERU|8|17|4408.68|0.06|8|13472|13472|652|652|20
18|CHINA|72|18|12406.23|0.01|72|13472|13472|652|652|20
6|FRANCE|70|6|45078.0|0.08|70|13472|13472|652|652|20
17|PERU|8|17|54649.6|0.09|8|25221|25221|652|652|20
9|INDONESIA|50|9|18520.4|0.06|50|25221|25221|652|652|20
6|FRANCE|70|6|56116.76|0.03|70|25221|25221|652|652|20
24|UNITED STATES|46|24|10831.8|0.04|46|25221|25221|652|652|20
10|IRAN|34|10|48408.36|0.09|34|25221|25221|652|652|20
3|CANADA|20|3|79631.58|0.03|20|25221|25221|652|652|20
1|ARGENTINA|3|1|25389.18|0.1|3|25221|25221|652|652|20
23|UNITED KINGDOM|7|23|9721.62|0.07|7|29953|29953|652|652|20
14|KENYA|6|14|15031.25|0.03|6|29953|29953|652|652|20
16|MOZAMBIQUE|73|16|9432.08|0.0|73|29953|29953|652|652|20
8|INDIA|60|8|6719.08|0.06|60|29953|29953|652|652|20
13|JORDAN|36|13|37921.02|0.06|36|29953|29953|652|652|20
4|EGYPT|67|4|14816.32|0.03|67|29953|29953|652|652|20
24|UNITED STATES|10|24|62946.8|0.1|10|29953|29953|652|652|20
4|EGYPT|69|4|26780.5|0.04|69|13664|13664|652|652|20
5|ETHIOPIA|78|5|68713.44|0.01|78|13664|13664|652|652|20
0|ALGERIA|28|0|59959.35|0.06|28|13664|13664|652|652|20
8|INDIA|39|8|46675.23|0.0|39|13664|13664|652|652|20
18|CHINA|27|18|10836.0|0.06|27|13664|13664|652|652|20
18|CHINA|75|18|40484.4|0.05|75|13664|13664|652|652|20
8|INDIA|61|8|7043.44|0.1|61|16967|16967|223|223|20
8|INDIA|60|8|23629.62|0.03|60|16967|16967|223|223|20
1|ARGENTINA|71|1|41274.84|0.08|71|16967|16967|223|223|20
0|ALGERIA|37|0|52388.84|0.01|37|16967|16967|223|223|20
8|INDIA|15|8|34096.0|0.04|15|16967|16967|223|223|20
1|ARGENTINA|29|1|48127.34|0.1|29|16967|16967|223|223|20
23|UNITED KINGDOM|7|23|13040.3|0.01|7|6403|6403|223|223|20
12|JAPAN|43|12|11947.13|0.07|43|6403|6403|223|223|20
16|MOZAMBIQUE|30|16|55871.27|0.09|30|6403|6403|223|223|20
9|INDONESIA|50|9|19248.24|0.06|50|26948|26948|223|223|20
21|VIETNAM|35|21|45328.32|0.09|35|26948|26948|223|223|20
24|UNITED STATES|46|24|26363.52|0.01|46|26948|26948|223|223|20
9|INDONESIA|45|9|5706.08|0.07|45|26948|26948|223|223|20
12|JAPAN|54|12|11815.87|0.08|54|26948|26948|223|223|20
23|UNITED KINGDOM|32|23|24046.67|0.08|32|26948|26948|223|223|20
23|UNITED KINGDOM|66|23|10072.62|0.01|66|30535|30535|223|223|20
7|GERMANY|33|7|30157.5|0.05|33|30535|30535|223|223|20
15|MOROCCO|14|15|48435.03|0.01|14|30535|30535|223|223|20
4|EGYPT|69|4|17688.6|0.0|69|30535|30535|223|223|20
12|JAPAN|54|12|33152.38|0.08|54|30535|30535|223|223|20
22|RUSSIA|16|22|36154.06|0.06|16|30535|30535|223|223|20
0|ALGERIA|37|0|54202.75|0.1|37|40549|40549|223|223|20
21|VIETNAM|68|21|28737.62|0.08|68|40549|40549|223|223|20
14|KENYA|76|14|20275.45|0.09|76|40549|40549|223|223|20
22|RUSSIA|42|22|11052.24|0.09|42|40549|40549|223|223|20
21|VIETNAM|80|21|42825.88|0.0|80|44165|44165|223|223|20
7|GERMANY|77|7|54383.22|0.07|77|44165|44165|223|223|20
6|FRANCE|70|6|67303.28|0.03|70|44165|44165|223|223|20
10|IRAN|9|10|35341.68|0.05|9|44165|44165|223|223|20
12|JAPAN|54|12|33063.19|0.08|54|44165|44165|223|223|20
8|INDIA|39|8|2995.18|0.09|39|44165|44165|223|223|20
5|ETHIOPIA|63|5|39838.05|0.04|63|44165|44165|223|223|20
16|MOZAMBIQUE|58|16|46694.31|0.02|58|30049|30049|322|322|20
15|MOROCCO|4|15|3708.99|0.03|4|30049|30049|322|322|20
24|UNITED STATES|10|24|19281.2|0.05|10|30049|30049|322|322|20
4|EGYPT|38|4|41553.0|0.04|38|30049|30049|322|322|20
18|CHINA|11|18|18963.71|0.06|11|30725|30725|322|322|20
0|ALGERIA|37|0|82887.36|0.06|37|30725|30725|322|322|20
9|INDONESIA|23|9|66378.4|0.07|23|30725|30725|322|322|20
9|INDONESIA|23|9|33893.64|0.05|23|30725|30725|322|322|20
8|INDIA|12|8|54108.75|0.02|12|30725|30725|322|322|20
5|ETHIOPIA|78|5|906.0|0.07|78|30725|30725|322|322|20
14|KENYA|6|14|30057.5|0.0|6|47717|47717|322|322|20
8|INDIA|61|8|39698.05|0.09|61|47717|47717|322|322|20
9|INDONESIA|23|9|8895.48|0.09|23|47717|47717|322|322|20
24|UNITED STATES|10|24|4733.12|0.08|10|47717|47717|322|322|20
24|UNITED STATES|10|24|61468.6|0.06|10|47717|47717|322|322|20
18|CHINA|27|18|21758.92|0.1|27|47717|47717|322|322|20
24|UNITED STATES|64|24|35214.99|0.05|64|47717|47717|322|322|20
14|KENYA|6|14|46250.4|0.08|6|11616|11616|322|322|20
22|RUSSIA|40|22|7556.1|0.1|40|11616|11616|322|322|20
7|GERMANY|77|7|8427.0|0.06|77|11616|11616|322|322|20
4|EGYPT|67|4|49516.11|0.02|67|11616|11616|322|322|20
9|INDONESIA|23|9|45302.62|0.03|23|11616|11616|322|322|20
2|BRAZIL|21|2|41485.14|0.1|21|11616|11616|322|322|20
12|JAPAN|54|12|54742.8|0.0|54|11616|11616|322|322|20
11|IRAQ|5|11|54154.8|0.01|5|44160|44160|322|322|20
1|ARGENTINA|71|1|17729.04|0.01|71|18016|18016|322|322|20
17|PERU|59|17|49546.75|0.01|59|18016|18016|322|322|20
0|ALGERIA|24|0|50695.2|0.03|24|18016|18016|322|322|20
24|UNITED STATES|64|24|26722.44|0.02|64|18016|18016|322|322|20
22|RUSSIA|25|22|41940.15|0.05|25|37223|37223|322|322|20
15|MOROCCO|14|15|79724.04|0.09|14|37223|37223|322|322|20
10|IRAN|34|10|24370.8|0.05|34|37223|37223|322|322|20
5|ETHIOPIA|78|5|67178.68|0.09|78|37223|37223|322|322|20
8|INDIA|12|8|14866.35|0.06|12|37223|37223|322|322|20
1|ARGENTINA|29|1|1248.34|0.1|29|37223|37223|322|322|20
5|ETHIOPIA|63|5|31382.68|0.02|63|12487|12487|322|322|20
22|RUSSIA|25|22|72940.42|0.04|25|46535|46535|451|451|20
14|KENYA|6|14|21767.36|0.08|6|2695|2695|451|451|20
24|UNITED STATES|55|24|46250.6|0.09|55|2695|2695|451|451|20
14|KENYA|48|14|63347.2|0.02|48|2695|2695|451|451|20
0|ALGERIA|24|0|28737.66|0.07|24|2695|2695|451|451|20
19|ROMANIA|17|19|22031.94|0.02|17|2695|2695|451|451|20
23|UNITED KINGDOM|7|23|38354.58|0.02|7|135|135|484|484|20
0|ALGERIA|37|0|19821.8|0.01|37|135|135|484|484|20
22|RUSSIA|25|22|31260.18|0.0|25|135|135|484|484|20
4|EGYPT|67|4|83042.42|0.06|67|135|135|484|484|20
15|MOROCCO|4|15|48876.02|0.02|4|135|135|484|484|20
12|JAPAN|54|12|23671.96|0.04|54|135|135|484|484|20
16|MOZAMBIQUE|73|16|66434.97|0.03|73|8836|8836|484|484|20
23|UNITED KINGDOM|66|23|39120.9|0.03|66|8836|8836|484|484|20
7|GERMANY|77|7|52211.42|0.04|77|8836|8836|484|484|20
0|ALGERIA|37|0|54222.52|0.08|37|8836|8836|484|484|20
8|INDIA|12|8|22080.24|0.1|12|8836|8836|484|484|20
14|KENYA|6|14|49985.28|0.07|6|357|357|484|484|20
18|CHINA|27|18|46979.4|0.06|27|357|357|484|484|20
14|KENYA|79|14|12775.59|0.03|79|34403|34403|484|484|20
19|ROMANIA|17|19|34224.12|0.06|17|34403|34403|484|484|20
6|FRANCE|70|6|2056.24|0.02|70|24096|24096|484|484|20
0|ALGERIA|37|0|23512.96|0.0|37|23653|23653|100|100|20
24|UNITED STATES|19|24|4916.19|0.09|19|23653|23653|100|100|20
18|CHINA|27|18|22508.64|0.03|27|23653|23653|100|100|20
7|GERMANY|44|7|58698.0|0.01|44|45059|45059|100|100|20
4|EGYPT|22|4|7003.56|0.04|22|45059|45059|100|100|20
21|VIETNAM|26|21|9770.56|0.03|26|45059|45059|100|100|20
4|EGYPT|69|4|12493.4|0.0|69|45059|45059|100|100|20
5|ETHIOPIA|78|5|67436.55|0.05|78|45059|45059|100|100|20
1|ARGENTINA|29|1|39952.0|0.06|29|45059|45059|100|100|20
9|INDONESIA|51|9|52495.17|0.04|51|44674|44674|100|100|20
14|KENYA|48|14|32352.32|0.0|48|44674|44674|100|100|20
14|KENYA|76|14|23815.2|0.1|76|44674|44674|100|100|20
22|RUSSIA|42|22|50034.88|0.0|42|44674|44674|100|100|20
14|KENYA|48|14|33594.72|0.05|48|13734|13734|100|100|20
9|INDONESIA|23|9|56818.31|0.1|23|13734|13734|100|100|20
1|ARGENTINA|29|1|42453.26|0.03|29|13734|13734|100|100|20
1|ARGENTINA|71|1|32982.38|0.01|71|5221|5221|100|100|20
10|IRAN|9|10|41491.68|0.07|9|5221|5221|100|100|20
23|UNITED KINGDOM|32|23|21366.88|0.04|32|5221|5221|100|100|20
9|INDONESIA|51|9|65913.48|0.04|51|39205|39205|100|100|20
8|INDIA|61|8|7360.16|0.0|61|13315|13315|361|361|20
0|ALGERIA|37|0|37624.31|0.03|37|13315|13315|361|361|20
14|KENYA|79|14|32132.32|0.1|79|13315|13315|361|361|20
17|PERU|57|17|18849.8|0.07|57|13315|13315|361|361|20
7|GERMANY|53|7|58155.35|0.07|53|13315|13315|361|361|20
16|MOZAMBIQUE|30|16|40002.9|0.07|30|38915|38915|361|361|20
1|ARGENTINA|71|1|57217.16|0.0|71|15462|15462|361|361|20
0|ALGERIA|28|0|35226.76|0.05|28|15462|15462|361|361|20
9|INDONESIA|45|9|25301.7|0.01|45|16966|16966|373|373|20
12|JAPAN|43|12|14430.9|0.0|43|7426|7426|373|373|20
13|JORDAN|36|13|16097.55|0.03|36|15904|15904|373|373|20
22|RUSSIA|42|22|39718.12|0.1|42|15904|15904|373|373|20
19|ROMANIA|52|19|33159.62|0.0|52|15904|15904|373|373|20
17|PERU|8|17|6629.28|0.04|8|7332|7332|373|373|20
7|GERMANY|77|7|92197.0|0.0|77|7332|7332|373|373|20
24|UNITED STATES|46|24|19508.96|0.1|46|7332|7332|373|373|20
22|RUSSIA|65|22|22532.14|0.07|65|7332|7332|373|373|20
12|JAPAN|54|12|1539.63|0.08|54|7332|7332|373|373|20
4|EGYPT|69|4|22763.88|0.06|69|6247|6247|373|373|20
8|INDIA|60|8|48372.87|0.06|60|29665|29665|373|373|20
3|CANADA|13|3|27630.6|0.02|13|29665|29665|373|373|20
4|EGYPT|67|4|40167.5|0.0|67|29665|29665|373|373|20
16|MOZAMBIQUE|31|16|11555.25|0.08|31|29665|29665|373|373|20
8|INDIA|12|8|54385.11|0.02|12|17764|17764|373|373|20
16|MOZAMBIQUE|30|16|28340.21|0.01|30|23683|23683|373|373|20
0|ALGERIA|37|0|10992.12|0.0|37|37249|37249|470|470|20
0|ALGERIA|24|0|30698.49|0.0|24|37249|37249|470|470|20
8|INDIA|39|8|22135.68|0.07|39|37249|37249|470|470|20
24|UNITED STATES|49|24|8090.64|0.03|49|37249|37249|470|470|20
14|KENYA|6|14|10613.43|0.1|6|31585|31585|470|470|20
18|CHINA|72|18|68098.24|0.07|72|31585|31585|470|470|20
8|INDIA|60|8|9944.0|0.07|60|31585|31585|470|470|20
7|GERMANY|53|7|13613.49|0.09|53|31585|31585|470|470|20
17|PERU|8|17|42166.02|0.04|8|10245|10245|470|470|20
6|FRANCE|70|6|3944.32|0.01|70|10245|10245|470|470|20
6|FRANCE|70|6|45570.98|0.08|70|10245|10245|470|470|20
14|KENYA|47|14|63518.0|0.06|47|10245|10245|470|470|20
0|ALGERIA|24|0|5280.75|0.06|24|10245|10245|470|470|20
18|CHINA|41|18|75872.64|0.06|41|10245|10245|470|470|20
1|ARGENTINA|3|1|2847.04|0.02|3|10245|10245|470|470|20
9|INDONESIA|50|9|20346.75|0.03|50|42116|42116|470|470|20
24|UNITED STATES|46|24|1609.7|0.06|46|42116|42116|470|470|20
22|RUSSIA|65|22|49416.08|0.05|65|42116|42116|470|470|20
19|ROMANIA|17|19|22456.0|0.01|17|42116|42116|470|470|20
18|CHINA|27|18|29641.32|0.09|27|42116|42116|470|470|20
18|CHINA|27|18|5093.37|0.09|27|42116|42116|470|470|20
3|CANADA|13|3|17899.35|0.02|13|8483|8483|470|470|20
1|ARGENTINA|3|1|63129.69|0.09|3|8483|8483|470|470|20
7|GERMANY|33|7|28397.21|0.01|33|28577|28577|470|470|20
24|UNITED STATES|55|24|32144.31|0.01|55|28577|28577|470|470|20
18|CHINA|72|18|81506.02|0.02|72|28577|28577|470|470|20
8|INDIA|61|8|56259.06|0.07|61|28577|28577|470|470|20
8|INDIA|61|8|33676.54|0.08|61|28577|28577|470|470|20
24|UNITED STATES|49|24|4060.35|0.02|49|28577|28577|470|470|20
23|UNITED KINGDOM|7|23|7342.8|0.04|7|4128|4128|1112|1112|20
0|ALGERIA|28|0|17178.1|0.01|28|30822|30822|1112|1112|20
16|MOZAMBIQUE|31|16|26812.44|0.03|31|30822|30822|1112|1112|20
22|RUSSIA|25|22|12133.1|0.07|25|26593|26593|1112|1112|20
7|GERMANY|33|7|12989.76|0.0|33|32385|32385|1112|1112|20
6|FRANCE|70|6|71027.46|0.1|70|32385|32385|1112|1112|20
22|RUSSIA|25|22|6853.49|0.03|25|32385|32385|1112|1112|20
9|INDONESIA|45|9|12900.58|0.08|45|32385|32385|1112|1112|20
9|INDONESIA|45|9|52387.33|0.03|45|32385|32385|1112|1112|20
24|UNITED STATES|10|24|47775.66|0.01|10|32385|32385|1112|1112|20
7|GERMANY|53|7|52558.77|0.04|53|32385|32385|1112|1112|20
17|PERU|8|17|88172.64|0.08|8|1575|1575|1157|1157|20
10|IRAN|9|10|46108.92|0.0|9|1575|1575|1157|1157|20
0|ALGERIA|37|0|10992.12|0.01|37|1575|1575|1157|1157|20
14|KENYA|47|14|15586.5|0.09|47|1575|1575|1157|1157|20
4|EGYPT|69|4|47385.24|0.05|69|1575|1575|1157|1157|20
15|MOROCCO|14|15|18527.88|0.08|14|1575|1575|1157|1157|20
22|RUSSIA|16|22|69532.32|0.07|16|1575|1575|1157|1157|20
1|ARGENTINA|29|1|22904.8|0.02|29|1476|1476|1157|1157|20
8|INDIA|39|8|11108.97|0.09|39|327|327|1157|1157|20
19|ROMANIA|52|19|16802.24|0.03|52|327|327|1157|1157|20
23|UNITED KINGDOM|66|23|48965.28|0.0|66|45889|45889|1045|1045|20
6|FRANCE|70|6|56435.27|0.06|70|45889|45889|1045|1045|20
20|SAUDI ARABIA|74|20|22574.64|0.02|74|45889|45889|1045|1045|20
7|GERMANY|77|7|2811.09|0.01|77|47906|47906|1045|1045|20
0|ALGERIA|37|0|36174.27|0.07|37|47906|47906|1045|1045|20
4|EGYPT|67|4|12051.26|0.06|67|47906|47906|1045|1045|20
5|ETHIOPIA|63|5|26570.16|0.07|63|47906|47906|1045|1045|20
7|GERMANY|77|7|12428.65|0.01|77|24807|24807|1045|1045|20
17|PERU|1|17|8541.12|0.05|1|5443|5443|1045|1045|20
8|INDIA|60|8|18485.74|0.02|60|5443|5443|1045|1045|20
4|EGYPT|69|4|29481.75|0.05|69|5443|5443|1045|1045|20
8|INDIA|12|8|57391.23|0.03|12|5443|5443|1045|1045|20
15|MOROCCO|4|15|9430.4|0.02|4|15267|15267|1045|1045|20
18|CHINA|72|18|41095.12|0.09|72|23936|23936|1121|1121|20
22|RUSSIA|25|22|57656.86|0.05|25|23936|23936|1121|1121|20
9|INDONESIA|23|9|23551.0|0.07|23|23936|23936|1121|1121|20
24|UNITED STATES|49|24|61313.56|0.01|49|23936|23936|1121|1121|20
3|CANADA|20|3|36579.96|0.1|20|23936|23936|1121|1121|20
24|UNITED STATES|64|24|37884.82|0.04|64|23936|23936|1121|1121|20
20|SAUDI ARABIA|74|20|27118.8|0.04|74|23936|23936|1121|1121|20
17|PERU|8|17|15339.39|0.0|8|28965|28965|1121|1121|20
23|UNITED KINGDOM|7|23|16037.16|0.03|7|28965|28965|1121|1121|20
4|EGYPT|67|4|43937.25|0.1|67|28965|28965|1121|1121|20
9|INDONESIA|23|9|49328.55|0.07|23|28965|28965|1121|1121|20
20|SAUDI ARABIA|74|20|18253.98|0.06|74|28965|28965|1121|1121|20
1|ARGENTINA|71|1|8240.82|0.1|71|36482|36482|818|818|20
14|KENYA|47|14|17178.46|0.08|47|36482|36482|818|818|20
21|VIETNAM|68|21|15781.08|0.07|68|36482|36482|818|818|20
0|ALGERIA|24|0|12903.8|0.01|24|36482|36482|818|818|20
1|ARGENTINA|29|1|36678.15|0.05|29|36482|36482|818|818|20
3|CANADA|20|3|21607.37|0.05|20|36482|36482|818|818|20
7|GERMANY|44|7|56718.48|0.07|44|18528|18528|718|718|20
8|INDIA|60|8|5281.64|0.06|60|18528|18528|718|718|20
8|INDIA|12|8|58107.51|0.09|12|18528|18528|718|718|20
5|ETHIOPIA|78|5|42794.57|0.1|78|18528|18528|718|718|20
24|UNITED STATES|49|24|33666.6|0.05|49|18528|18528|718|718|20
24|UNITED STATES|49|24|1612.71|0.04|49|18528|18528|718|718|20
14|KENYA|6|14|41002.47|0.03|6|44675|44675|718|718|20
7|GERMANY|44|7|22704.78|0.05|44|44675|44675|718|718|20
16|MOZAMBIQUE|31|16|5580.18|0.01|31|44675|44675|718|718|20
16|MOZAMBIQUE|18|16|57625.23|0.01|18|9351|9351|718|718|20
5|ETHIOPIA|63|5|13538.64|0.08|63|9351|9351|718|718|20
9|INDONESIA|45|9|59013.45|0.0|45|32544|32544|718|718|20
2|BRAZIL|21|2|27013.5|0.06|21|32544|32544|718|718|20
23|UNITED KINGDOM|32|23|54867.71|0.05|32|37924|37924|718|718|20
18|CHINA|41|18|29172.28|0.03|41|37924|37924|718|718|20
21|VIETNAM|80|21|21715.76|0.06|80|6374|6374|718|718|20
23|UNITED KINGDOM|7|23|6613.2|0.03|7|6374|6374|718|718|20
10|IRAN|9|10|1544.64|0.03|9|6374|6374|718|718|20
24|UNITED STATES|10|24|40338.72|0.01|10|6374|6374|718|718|20
18|CHINA|27|18|69818.26|0.05|27|6374|6374|718|718|20
7|GERMANY|53|7|51826.6|0.01|53|6374|6374|718|718|20
8|INDIA|60|8|16442.28|0.03|60|18693|18693|718|718|20
8|INDIA|60|8|55432.41|0.0|60|18693|18693|718|718|20
8|INDIA|15|8|3585.87|0.0|15|18693|18693|718|718|20
16|MOZAMBIQUE|58|16|24291.45|0.03|58|18693|18693|718|718|20
7|GERMANY|53|7|69822.26|0.01|53|18693|18693|718|718|20
17|PERU|8|17|65989.6|0.07|8|36197|36197|718|718|20
4|EGYPT|69|4|50156.52|0.1|69|36197|36197|718|718|20
10|IRAN|34|10|67166.55|0.03|34|36197|36197|718|718|20
14|KENYA|76|14|52922.68|0.06|76|36197|36197|718|718|20
19|ROMANIA|62|19|52178.28|0.08|62|26434|26434|718|718|20
9|INDONESIA|51|9|8595.18|0.04|51|26434|26434|718|718|20
22|RUSSIA|25|22|33110.5|0.07|25|26434|26434|718|718|20
4|EGYPT|69|4|32248.83|0.09|69|26434|26434|718|718|20
19|ROMANIA|62|19|23445.4|0.0|62|551|551|718|718|20
12|JAPAN|54|12|8729.52|0.08|54|551|551|718|718|20
5|ETHIOPIA|2|5|19044.48|0.07|2|551|551|718|718|20
11|IRAQ|5|11|37482.48|0.01|5|32487|32487|956|956|20
15|MOROCCO|4|15|5946.54|0.01|4|32487|32487|956|956|20
15|MOROCCO|4|15|6493.08|0.08|4|32487|32487|956|956|20
14|KENYA|76|14|26846.82|0.1|76|32487|32487|956|956|20
16|MOZAMBIQUE|31|16|32660.38|0.09|31|32487|32487|956|956|20
18|CHINA|75|18|35859.24|0.06|75|32487|32487|956|956|20
8|INDIA|60|8|44679.32|0.07|60|21157|21157|1192|1192|20
8|INDIA|15|8|33299.27|0.07|15|21157|21157|1192|1192|20
22|RUSSIA|25|22|4180.56|0.04|25|21157|21157|1192|1192|20
21|VIETNAM|35|21|35966.16|0.06|35|21157|21157|1192|1192|20
24|UNITED STATES|19|24|13152.79|0.0|19|21157|21157|1192|1192|20
18|CHINA|27|18|64958.25|0.03|27|21157|21157|1192|1192|20
7|GERMANY|77|7|65981.96|0.07|77|42918|42918|1192|1192|20
1|ARGENTINA|71|1|42827.38|0.07|71|42918|42918|1192|1192|20
13|JORDAN|36|13|69474.0|0.04|36|42918|42918|1192|1192|20
17|PERU|57|17|36893.85|0.0|57|42918|42918|1192|1192|20
16|MOZAMBIQUE|56|16|22826.05|0.0|56|42918|42918|1192|1192|20
8|INDIA|12|8|65751.7|0.08|12|42918|42918|1192|1192|20
19|ROMANIA|17|19|22344.12|0.03|17|42918|42918|1192|1192|20
10|IRAN|34|10|5261.55|0.06|34|28517|28517|1192|1192|20
14|KENYA|6|14|13094.0|0.08|6|3590|3590|1192|1192|20
18|CHINA|72|18|57410.45|0.03|72|3590|3590|1192|1192|20
13|JORDAN|36|13|31459.25|0.03|36|3590|3590|1192|1192|20
0|ALGERIA|24|0|71627.68|0.07|24|3590|3590|1192|1192|20
8|INDIA|39|8|34929.44|0.01|39|3590|3590|1192|1192|20
0|ALGERIA|28|0|63823.76|0.05|28|3590|3590|1192|1192|20
1|ARGENTINA|3|1|52670.24|0.0|3|3590|3590|1192|1192|20
7|GERMANY|77|7|49299.84|0.08|77|3619|3619|1192|1192|20
10|IRAN|9|10|70526.1|0.05|9|3619|3619|1192|1192|20
8|INDIA|60|8|47799.98|0.07|60|6724|6724|746|746|20
10|IRAN|34|10|79295.72|0.08|34|6724|6724|746|746|20
18|CHINA|27|18|23059.65|0.07|27|6724|6724|746|746|20
9|INDONESIA|50|9|48553.5|0.05|50|21346|21346|746|746|20
17|PERU|59|17|11419.43|0.04|59|21346|21346|746|746|20
14|KENYA|47|14|1163.26|0.02|47|21346|21346|746|746|20
24|UNITED STATES|46|24|17518.38|0.08|46|21346|21346|746|746|20
9|INDONESIA|23|9|4472.84|0.09|23|21346|21346|746|746|20
18|CHINA|27|18|46986.3|0.1|27|21346|21346|746|746|20
20|SAUDI ARABIA|74|20|35986.06|0.07|74|21346|21346|746|746|20
11|IRAQ|5|11|48654.44|0.01|5|40898|40898|866|866|20
24|UNITED STATES|55|24|64553.85|0.0|55|40898|40898|866|866|20
23|UNITED KINGDOM|66|23|50815.46|0.07|66|40898|40898|866|866|20
0|ALGERIA|28|0|45372.6|0.08|28|40898|40898|866|866|20
22|RUSSIA|40|22|5190.65|0.05|40|22560|22560|866|866|20
4|EGYPT|69|4|2438.62|0.04|69|22560|22560|866|866|20
13|JORDAN|36|13|53241.6|0.05|36|22560|22560|866|866|20
0|ALGERIA|24|0|25220.86|0.1|24|22560|22560|866|866|20
5|ETHIOPIA|78|5|12024.67|0.06|78|22560|22560|866|866|20
9|INDONESIA|23|9|15460.5|0.1|23|22560|22560|866|866|20
0|ALGERIA|28|0|2819.0|0.1|28|22560|22560|866|866|20
8|INDIA|39|8|52850.7|0.08|39|44164|44164|866|866|20
17|PERU|8|17|7347.8|0.03|8|14433|14433|866|866|20
23|UNITED KINGDOM|7|23|5936.4|0.03|7|14433|14433|866|866|20
19|ROMANIA|62|19|12622.5|0.02|62|14433|14433|866|866|20
9|INDONESIA|51|9|41965.6|0.05|51|14433|14433|866|866|20
8|INDIA|15|8|43195.38|0.06|15|14433|14433|866|866|20
18|CHINA|27|18|54698.4|0.09|27|14433|14433|866|866|20
19|ROMANIA|62|19|45494.36|0.05|62|3910|3910|503|503|20
17|PERU|57|17|1122.22|0.03|57|3910|3910|503|503|20
16|MOZAMBIQUE|56|16|10101.0|0.0|56|3910|3910|503|503|20
18|CHINA|41|18|6348.9|0.04|41|3910|3910|503|503|20
14|KENYA|6|14|47175.24|0.04|6|8263|8263|503|503|20
3|CANADA|13|3|51122.94|0.1|13|8263|8263|503|503|20
15|MOROCCO|4|15|30999.54|0.07|4|8263|8263|503|503|20
19|ROMANIA|17|19|6582.05|0.01|17|8263|8263|503|503|20
17|PERU|8|17|23897.44|0.0|8|27430|27430|503|503|20
9|INDONESIA|51|9|8675.31|0.01|51|27430|27430|503|503|20
0|ALGERIA|24|0|2022.22|0.1|24|27430|27430|503|503|20
24|UNITED STATES|10|24|33035.0|0.03|10|27430|27430|503|503|20
12|JAPAN|43|12|23294.57|0.0|43|27430|27430|503|503|20
14|KENYA|6|14|57140.8|0.01|6|993|993|634|634|20
14|KENYA|47|14|12203.2|0.03|47|993|993|634|634|20
9|INDONESIA|45|9|35150.28|0.09|45|993|993|634|634|20
2|BRAZIL|21|2|14100.6|0.09|21|993|993|634|634|20
14|KENYA|76|14|34898.15|0.04|76|993|993|634|634|20
8|INDIA|39|8|25704.28|0.06|39|993|993|634|634|20
20|SAUDI ARABIA|74|20|42813.87|0.01|74|993|993|634|634|20
14|KENYA|48|14|924.02|0.07|48|45824|45824|634|634|20
19|ROMANIA|17|19|46890.8|0.05|17|5728|5728|634|634|20
8|INDIA|60|8|35822.36|0.01|60|33540|33540|634|634|20
4|EGYPT|67|4|45303.65|0.06|67|33540|33540|634|634|20
16|MOZAMBIQUE|56|16|29411.98|0.08|56|33540|33540|634|634|20
8|INDIA|12|8|2142.34|0.03|12|33540|33540|634|634|20
22|RUSSIA|42|22|10036.89|0.09|42|33540|33540|634|634|20
22|RUSSIA|42|22|40590.0|0.07|42|33540|33540|634|634|20
18|CHINA|41|18|960.06|0.07|41|33540|33540|634|634|20
17|PERU|1|17|49605.2|0.02|1|44483|44483|722|722|20
13|JORDAN|36|13|30629.55|0.04|36|44483|44483|722|722|20
14|KENYA|47|14|46942.54|0.09|47|44483|44483|722|722|20
21|VIETNAM|35|21|22013.4|0.08|35|44483|44483|722|722|20
5|ETHIOPIA|78|5|11452.24|0.1|78|44483|44483|722|722|20
22|RUSSIA|42|22|21483.4|0.09|42|44483|44483|722|722|20
18|CHINA|41|18|70731.36|0.02|41|44483|44483|722|722|20
17|PERU|8|17|24867.14|0.09|8|47398|47398|722|722|20
17|PERU|1|17|56725.2|0.01|1|47398|47398|722|722|20
18|CHINA|72|18|2853.15|0.01|72|47398|47398|722|722|20
23|UNITED KINGDOM|32|23|47299.75|0.09|32|47398|47398|722|722|20
22|RUSSIA|40|22|17995.08|0.08|40|420|420|722|722|20
4|EGYPT|69|4|8544.0|0.04|69|420|420|722|722|20
14|KENYA|47|14|75639.6|0.01|47|420|420|722|722|20
14|KENYA|79|14|54929.46|0.02|79|420|420|722|722|20
4|EGYPT|38|4|26186.16|0.05|38|420|420|722|722|20
24|UNITED STATES|49|24|40096.68|0.0|49|420|420|722|722|20
16|MOZAMBIQUE|30|16|57662.1|0.09|30|420|420|722|722|20
6|FRANCE|70|6|24498.22|0.05|70|27139|27139|722|722|20
17|PERU|59|17|16423.02|0.0|59|37700|37700|1196|1196|20
12|JAPAN|54|12|5742.12|0.05|54|37700|37700|1196|1196|20
24|UNITED STATES|49|24|20646.67|0.02|49|37700|37700|1196|1196|20
5|ETHIOPIA|63|5|25844.56|0.1|63|37700|37700|1196|1196|20
22|RUSSIA|25|22|6505.08|0.06|25|27173|27173|1196|1196|20
14|KENYA|47|14|16082.68|0.1|47|36196|36196|1196|1196|20
24|UNITED STATES|46|24|7720.48|0.08|46|36196|36196|1196|1196|20
9|INDONESIA|45|9|15018.25|0.05|45|36196|36196|1196|1196|20
2|BRAZIL|21|2|27479.75|0.0|21|36196|36196|1196|1196|20
24|UNITED STATES|10|24|56519.63|0.05|10|36196|36196|1196|1196|20
14|KENYA|48|14|53649.54|0.0|48|18085|18085|457|457|20
17|PERU|57|17|12460.32|0.06|57|18085|18085|457|457|20
0|ALGERIA|28|0|44312.4|0.1|28|18085|18085|457|457|20
19|ROMANIA|52|19|1031.13|0.01|52|18085|18085|457|457|20
4|EGYPT|69|4|24764.04|0.02|69|16291|16291|457|457|20
24|UNITED STATES|46|24|34268.3|0.04|46|16291|16291|457|457|20
5|ETHIOPIA|78|5|3688.08|0.06|78|32388|32388|457|457|20
12|JAPAN|43|12|9973.8|0.06|43|32388|32388|457|457|20
0|ALGERIA|28|0|32638.39|0.08|28|32388|32388|457|457|20
19|ROMANIA|17|19|21817.46|0.07|17|32388|32388|457|457|20
5|ETHIOPIA|2|5|29672.4|0.02|2|32388|32388|457|457|20
17|PERU|8|17|22923.48|0.1|8|22918|22918|457|457|20
9|INDONESIA|50|9|8458.95|0.05|50|22918|22918|457|457|20
17|PERU|59|17|12033.0|0.07|59|22918|22918|457|457|20
14|KENYA|47|14|43299.52|0.09|47|22918|22918|457|457|20
19|ROMANIA|17|19|19550.86|0.06|17|22918|22918|457|457|20
5|ETHIOPIA|2|5|17218.2|0.06|2|22918|22918|457|457|20
1|ARGENTINA|3|1|30018.77|0.08|3|22918|22918|457|457|20
4|EGYPT|67|4|25332.3|0.04|67|31268|31268|457|457|20
18|CHINA|41|18|39774.56|0.1|41|31268|31268|457|457|20
7|GERMANY|77|7|57277.92|0.03|77|26406|26406|457|457|20
24|UNITED STATES|55|24|54937.34|0.09|55|26406|26406|457|457|20
16|MOZAMBIQUE|56|16|7177.65|0.02|56|26406|26406|457|457|20
19|ROMANIA|52|19|7147.74|0.01|52|26406|26406|457|457|20
8|INDIA|61|8|38727.47|0.0|61|47010|47010|457|457|20
8|INDIA|12|8|57340.48|0.07|12|47010|47010|457|457|20
19|ROMANIA|17|19|72016.12|0.05|17|47010|47010|457|457|20
16|MOZAMBIQUE|30|16|28250.2|0.1|30|47010|47010|457|457|20
16|MOZAMBIQUE|73|16|43942.81|0.08|73|27782|27782|457|457|20
24|UNITED STATES|55|24|17222.87|0.0|55|27782|27782|457|457|20
9|INDONESIA|45|9|38265.75|0.07|45|27782|27782|457|457|20
1|ARGENTINA|29|1|50589.9|0.05|29|27782|27782|457|457|20
22|RUSSIA|65|22|21943.8|0.08|65|27782|27782|457|457|20
4|EGYPT|38|4|32234.5|0.01|38|27782|27782|457|457|20
7|GERMANY|53|7|4309.59|0.02|53|27782|27782|457|457|20
22|RUSSIA|25|22|14898.95|0.02|25|26176|26176|457|457|20
7|GERMANY|53|7|81085.5|0.06|53|26176|26176|457|457|20
7|GERMANY|53|7|37245.78|0.07|53|26176|26176|457|457|20
14|KENYA|48|14|31280.94|0.01|48|17378|17378|457|457|20
16|MOZAMBIQUE|58|16|11708.48|0.1|58|17378|17378|457|457|20
16|MOZAMBIQUE|58|16|51751.35|0.09|58|17378|17378|457|457|20
21|VIETNAM|68|21|47901.15|0.06|68|17378|17378|457|457|20
8|INDIA|12|8|53142.62|0.1|12|17378|17378|457|457|20
9|INDONESIA|51|9|64538.46|0.04|51|17765|17765|457|457|20
13|JORDAN|36|13|50378.74|0.03|36|17765|17765|457|457|20
10|IRAN|34|10|46305.0|0.04|34|17765|17765|457|457|20
24|UNITED STATES|19|24|33384.12|0.02|19|17765|17765|457|457|20
18|CHINA|41|18|82234.24|0.02|41|17765|17765|457|457|20
9|INDONESIA|23|9|44944.0|0.0|23|31075|31075|457|457|20
14|KENYA|76|14|34460.92|0.01|76|31075|31075|457|457|20
24|UNITED STATES|49|24|7315.98|0.09|49|46982|46982|457|457|20
18|CHINA|72|18|11991.87|0.1|72|29735|29735|457|457|20
13|JORDAN|36|13|88028.64|0.0|36|29735|29735|457|457|20
1|ARGENTINA|29|1|52759.68|0.01|29|29735|29735|457|457|20
2|BRAZIL|21|2|38129.4|0.0|21|8839|8839|743|743|20
14|KENYA|79|14|74068.89|0.03|79|11489|11489|743|743|20
4|EGYPT|38|4|28530.4|0.06|38|11489|11489|743|743|20
16|MOZAMBIQUE|73|16|19965.12|0.04|73|43106|43106|743|743|20
22|RUSSIA|25|22|37204.66|0.02|25|43106|43106|743|743|20
17|PERU|57|17|48744.17|0.03|57|43106|43106|743|743|20
21|VIETNAM|68|21|35940.57|0.01|68|43106|43106|743|743|20
18|CHINA|27|18|41885.6|0.03|27|43106|43106|743|743|20
17|PERU|59|17|29996.12|0.03|59|22816|22816|743|743|20
14|KENYA|47|14|35178.5|0.0|47|22816|22816|743|743|20
21|VIETNAM|68|21|17378.3|0.0|68|22816|22816|743|743|20
3|CANADA|13|3|11436.6|0.01|13|37893|37893|743|743|20
4|EGYPT|38|4|59446.64|0.04|38|37893|37893|743|743|20
9|INDONESIA|50|9|60036.39|0.07|50|11520|11520|974|974|20
14|KENYA|47|14|30632.88|0.0|47|43431|43431|974|974|20
21|VIETNAM|80|21|45574.62|0.08|80|13479|13479|974|974|20
17|PERU|1|17|32220.32|0.07|1|13479|13479|974|974|20
17|PERU|57|17|33389.1|0.06|57|13479|13479|974|974|20
16|MOZAMBIQUE|56|16|29516.2|0.06|56|13479|13479|974|974|20
19|ROMANIA|52|19|28814.4|0.08|52|13479|13479|974|974|20
16|MOZAMBIQUE|56|16|27095.64|0.05|56|9923|9923|974|974|20
12|JAPAN|54|12|11573.65|0.09|54|9923|9923|974|974|20
18|CHINA|27|18|64069.06|0.02|27|9923|9923|974|974|20
8|INDIA|39|8|52394.16|0.05|39|26528|26528|974|974|20
18|CHINA|75|18|1168.26|0.03|75|26528|26528|974|974|20
17|PERU|59|17|92462.02|0.03|59|11809|11809|445|445|20
16|MOZAMBIQUE|56|16|27928.74|0.04|56|11809|11809|445|445|20
24|UNITED STATES|49|24|24362.1|0.02|49|11809|11809|445|445|20
18|CHINA|27|18|32524.2|0.08|27|11809|11809|445|445|20
4|EGYPT|38|4|5453.73|0.08|38|11809|11809|445|445|20
24|UNITED STATES|64|24|23741.74|0.07|64|11809|11809|445|445|20
22|RUSSIA|40|22|12727.91|0.05|40|1922|1922|445|445|20
22|RUSSIA|40|22|21965.58|0.08|40|13186|13186|445|445|20
19|ROMANIA|62|19|52808.7|0.01|62|13186|13186|445|445|20
10|IRAN|9|10|77696.7|0.06|9|13186|13186|445|445|20
16|MOZAMBIQUE|58|16|27455.4|0.07|58|13186|13186|445|445|20
9|INDONESIA|45|9|37700.95|0.04|45|13186|13186|445|445|20
22|RUSSIA|42|22|19941.12|0.04|42|5383|5383|247|247|20
7|GERMANY|33|7|26404.35|0.1|33|19297|19297|247|247|20
17|PERU|57|17|54027.96|0.09|57|19297|19297|247|247|20
19|ROMANIA|17|19|12820.68|0.01|17|19297|19297|247|247|20
18|CHINA|11|18|21623.2|0.0|11|36165|36165|247|247|20
21|VIETNAM|26|21|42007.66|0.02|26|41121|41121|433|433|20
21|VIETNAM|68|21|65497.52|0.05|68|43621|43621|433|433|20
10|IRAN|34|10|21074.8|0.07|34|33858|33858|433|433|20
