3|CANADA|13|3|2624.82|0.0|13|28704|28704|673|673|4
7|GERMANY|33|7|21943.15|0.05|33|43489|43489|673|673|4
17|PERU|59|17|16704.71|0.01|59|43489|43489|673|673|4
15|MOROCCO|14|15|45734.29|0.04|14|38818|38818|673|673|4
4|EGYPT|69|4|12403.4|0.05|69|38818|38818|673|673|4
4|EGYPT|67|4|16308.0|0.01|67|38818|38818|673|673|4
5|ETHIOPIA|63|5|35553.96|0.1|63|38818|38818|673|673|4
14|KENYA|48|14|63091.68|0.01|48|19105|19105|673|673|4
23|UNITED KINGDOM|32|23|15851.22|0.07|32|19105|19105|673|673|4
5|ETHIOPIA|63|5|26228.5|0.07|63|19105|19105|673|673|4
21|VIETNAM|26|21|43521.99|0.06|26|21670|21670|673|673|4
21|VIETNAM|35|21|32014.8|0.02|35|21670|21670|673|673|4
19|ROMANIA|17|19|51992.64|0.0|17|21670|21670|673|673|4
3|CANADA|20|3|48312.06|0.1|20|21670|21670|673|673|4
13|JORDAN|36|13|46880.05|0.1|36|47204|47204|179|179|4
16|MOZAMBIQUE|18|16|59751.0|0.08|18|47204|47204|179|179|4
14|KENYA|76|14|40270.23|0.0|76|47204|47204|179|179|4
19|ROMANIA|17|19|4889.16|0.05|17|47204|47204|179|179|4
20|SAUDI ARABIA|74|20|26500.8|0.01|74|47204|47204|179|179|4
22|RUSSIA|40|22|24952.25|0.08|40|18209|18209|179|179|4
8|INDIA|15|8|18003.52|0.06|15|18209|18209|179|179|4
10|IRAN|34|10|14415.4|0.0|34|18209|18209|179|179|4
15|MOROCCO|4|15|6116.6|0.09|4|18209|18209|179|179|4
12|JAPAN|43|12|78149.72|0.07|43|18209|18209|179|179|4
21|VIETNAM|80|21|54151.72|0.03|80|31488|31488|179|179|4
9|INDONESIA|45|9|58190.16|0.1|45|31488|31488|179|179|4
12|JAPAN|54|12|34750.41|0.03|54|31488|31488|179|179|4
21|VIETNAM|80|21|4929.32|0.09|80|41408|41408|179|179|4
19|ROMANIA|62|19|20842.2|0.06|62|41408|41408|179|179|4
18|CHINA|11|18|6577.05|0.09|11|41408|41408|179|179|4
1|ARGENTINA|71|1|34861.2|0.07|71|41408|41408|179|179|4
24|UNITED STATES|49|24|72895.28|0.02|49|41408|41408|179|179|4
3|CANADA|20|3|46354.7|0.0|20|41408|41408|179|179|4
16|MOZAMBIQUE|31|16|16739.55|0.06|31|41408|41408|179|179|4
1|ARGENTINA|29|1|56075.9|0.08|29|39012|39012|179|179|4
17|PERU|1|17|15926.9|0.02|1|34273|34273|179|179|4
7|GERMANY|33|7|85140.0|0.04|33|34273|34273|179|179|4
18|CHINA|72|18|34460.12|0.08|72|34273|34273|179|179|4
12|JAPAN|54|12|44528.4|0.06|54|34273|34273|179|179|4
7|GERMANY|53|7|1085.18|0.03|53|34273|34273|179|179|4
3|CANADA|20|3|4597.89|0.03|20|34273|34273|179|179|4
17|PERU|8|17|23577.76|0.01|8|29152|29152|553|553|4
4|EGYPT|22|4|41083.44|0.06|22|29152|29152|553|553|4
18|CHINA|11|18|52952.62|0.02|11|29152|29152|553|553|4
7|GERMANY|77|7|23755.06|0.02|77|29152|29152|553|553|4
1|ARGENTINA|29|1|10775.34|0.1|29|29152|29152|553|553|4
5|ETHIOPIA|2|5|52151.5|0.01|2|29152|29152|553|553|4
23|UNITED KINGDOM|7|23|39775.68|0.07|7|34533|34533|553|553|4
9|INDONESIA|50|9|27786.24|0.03|50|34533|34533|553|553|4
0|ALGERIA|37|0|10736.77|0.08|37|34533|34533|553|553|4
8|INDIA|12|8|19533.24|0.09|12|34533|34533|553|553|4
5|ETHIOPIA|2|5|61313.76|0.03|2|34533|34533|553|553|4
24|UNITED STATES|55|24|56489.4|0.04|55|1474|1474|553|553|4
21|VIETNAM|68|21|29334.96|0.06|68|1474|1474|553|553|4
0|ALGERIA|24|0|5100.6|0.05|24|1474|1474|553|553|4
21|VIETNAM|68|21|25952.54|0.09|68|37570|37570|553|553|4
22|RUSSIA|65|22|66858.54|0.05|65|37570|37570|553|553|4
17|PERU|1|17|46001.0|0.01|1|37187|37187|553|553|4
14|KENYA|6|14|47787.48|0.1|6|47203|47203|553|553|4
8|INDIA|15|8|28388.58|0.01|15|47203|47203|553|553|4
12|JAPAN|43|12|6361.85|0.09|43|47203|47203|553|553|4
20|SAUDI ARABIA|74|20|2907.1|0.1|74|47203|47203|553|553|4
4|EGYPT|69|4|56571.45|0.0|69|43239|43239|187|187|4
6|FRANCE|70|6|44209.16|0.03|70|31335|31335|187|187|4
15|MOROCCO|14|15|17518.38|0.1|14|31335|31335|187|187|4
7|GERMANY|53|7|55184.78|0.02|53|9510|9510|187|187|4
14|KENYA|6|14|11716.76|0.01|6|47331|47331|187|187|4
19|ROMANIA|62|19|37793.34|0.08|62|47331|47331|187|187|4
16|MOZAMBIQUE|73|16|54347.04|0.06|73|47331|47331|187|187|4
15|MOROCCO|14|15|31121.93|0.1|14|47331|47331|187|187|4
12|JAPAN|43|12|27437.76|0.02|43|47331|47331|187|187|4
17|PERU|1|17|28231.2|0.06|1|24422|24422|187|187|4
16|MOZAMBIQUE|73|16|24820.18|0.03|73|24422|24422|187|187|4
15|MOROCCO|14|15|60592.35|0.04|14|24422|24422|187|187|4
22|RUSSIA|42|22|2284.48|0.03|42|24422|24422|187|187|4
0|ALGERIA|37|0|31623.3|0.09|37|7811|7811|199|199|4
1|ARGENTINA|29|1|29728.48|0.01|29|7811|7811|199|199|4
24|UNITED STATES|10|24|13089.72|0.0|10|7811|7811|199|199|4
24|UNITED STATES|10|24|9135.72|0.01|10|7811|7811|199|199|4
3|CANADA|20|3|21814.92|0.08|20|7811|7811|199|199|4
19|ROMANIA|52|19|36915.48|0.1|52|7811|7811|199|199|4
22|RUSSIA|25|22|36832.32|0.06|25|6692|6692|199|199|4
5|ETHIOPIA|78|5|44608.4|0.04|78|6692|6692|199|199|4
15|MOROCCO|4|15|54519.13|0.08|4|6692|6692|199|199|4
16|MOZAMBIQUE|18|16|31592.41|0.1|18|6692|6692|199|199|4
12|JAPAN|43|12|48294.87|0.07|43|6692|6692|199|199|4
8|INDIA|39|8|23450.75|0.0|39|6692|6692|199|199|4
7|GERMANY|53|7|40813.47|0.05|53|6692|6692|199|199|4
1|ARGENTINA|71|1|39882.24|0.1|71|21699|21699|199|199|4
17|PERU|59|17|61119.66|0.05|59|21699|21699|199|199|4
14|KENYA|79|14|21443.4|0.02|79|21699|21699|199|199|4
9|INDONESIA|23|9|49373.74|0.07|23|21699|21699|199|199|4
10|IRAN|9|10|40469.21|0.07|9|9863|9863|199|199|4
0|ALGERIA|37|0|46706.04|0.04|37|9863|9863|199|199|4
22|RUSSIA|25|22|47192.7|0.06|25|9863|9863|199|199|4
17|PERU|57|17|37840.5|0.07|57|9863|9863|199|199|4
8|INDIA|39|8|22830.48|0.01|39|9863|9863|199|199|4
18|CHINA|41|18|74425.69|0.03|41|9863|9863|199|199|4
20|SAUDI ARABIA|74|20|76112.64|0.06|74|9863|9863|199|199|4
11|IRAQ|5|11|20241.6|0.02|5|10183|10183|199|199|4
21|VIETNAM|26|21|43904.19|0.02|26|10183|10183|199|199|4
8|INDIA|15|8|3625.82|0.03|15|10183|10183|199|199|4
24|UNITED STATES|46|24|34445.29|0.05|46|10183|10183|199|199|4
11|IRAQ|5|11|17827.92|0.05|5|40260|40260|199|199|4
9|INDONESIA|51|9|7478.04|0.01|51|40260|40260|199|199|4
4|EGYPT|22|4|38260.88|0.07|22|40260|40260|199|199|4
6|FRANCE|70|6|42036.66|0.03|70|40260|40260|199|199|4
22|RUSSIA|25|22|28339.08|0.01|25|40260|40260|199|199|4
21|VIETNAM|68|21|22748.84|0.09|68|40260|40260|199|199|4
4|EGYPT|22|4|66429.65|0.08|22|20263|20263|199|199|4
18|CHINA|72|18|49654.5|0.07|72|20263|20263|199|199|4
5|ETHIOPIA|78|5|17946.11|0.06|78|20263|20263|199|199|4
16|MOZAMBIQUE|30|16|41499.36|0.02|30|20263|20263|199|199|4
1|ARGENTINA|3|1|12353.3|0.02|3|20263|20263|199|199|4
5|ETHIOPIA|63|5|33341.88|0.01|63|40899|40899|287|287|4
8|INDIA|61|8|43804.92|0.05|61|26370|26370|287|287|4
16|MOZAMBIQUE|56|16|27669.6|0.06|56|26370|26370|287|287|4
12|JAPAN|54|12|40138.84|0.03|54|26370|26370|287|287|4
24|UNITED STATES|10|24|22343.84|0.02|10|26370|26370|287|287|4
16|MOZAMBIQUE|31|16|19914.66|0.08|31|26370|26370|287|287|4
19|ROMANIA|62|19|55299.83|0.05|62|39046|39046|287|287|4
0|ALGERIA|37|0|52104.9|0.1|37|39046|39046|287|287|4
22|RUSSIA|25|22|41168.1|0.1|25|39046|39046|287|287|4
21|VIETNAM|35|21|45809.6|0.1|35|24130|24130|287|287|4
4|EGYPT|67|4|19761.6|0.03|67|24130|24130|287|287|4
0|ALGERIA|28|0|30888.99|0.03|28|24130|24130|287|287|4
1|ARGENTINA|3|1|40904.79|0.02|3|24130|24130|287|287|4
1|ARGENTINA|71|1|24380.4|0.01|71|4646|4646|661|661|4
8|INDIA|15|8|20974.68|0.01|15|4646|4646|661|661|4
3|CANADA|13|3|34382.92|0.07|13|4646|4646|661|661|4
22|RUSSIA|42|22|34164.48|0.02|42|4646|4646|661|661|4
20|SAUDI ARABIA|74|20|46105.78|0.08|74|4646|4646|661|661|4
7|GERMANY|53|7|35330.42|0.04|53|32964|32964|661|661|4
16|MOZAMBIQUE|30|16|24693.35|0.04|30|32964|32964|661|661|4
1|ARGENTINA|71|1|7161.84|0.09|71|21701|21701|661|661|4
24|UNITED STATES|10|24|48857.41|0.0|10|21701|21701|661|661|4
17|PERU|8|17|33146.4|0.02|8|37632|37632|661|661|4
18|CHINA|11|18|50453.4|0.03|11|37632|37632|661|661|4
21|VIETNAM|35|21|32165.1|0.0|35|37632|37632|661|661|4
23|UNITED KINGDOM|32|23|28079.75|0.1|32|37632|37632|661|661|4
24|UNITED STATES|64|24|42092.4|0.01|64|37632|37632|661|661|4
21|VIETNAM|26|21|45225.18|0.01|26|30560|30560|661|661|4
21|VIETNAM|35|21|56023.16|0.0|35|30560|30560|661|661|4
14|KENYA|79|14|63450.88|0.0|79|30560|30560|661|661|4
2|BRAZIL|21|2|12396.09|0.05|21|30560|30560|661|661|4
0|ALGERIA|28|0|23783.06|0.01|28|30560|30560|661|661|4
10|IRAN|9|10|24778.24|0.06|9|44134|44134|661|661|4
9|INDONESIA|45|9|67347.72|0.0|45|44134|44134|661|661|4
23|UNITED KINGDOM|32|23|21968.4|0.04|32|44134|44134|661|661|4
18|CHINA|75|18|72827.5|0.03|75|44134|44134|661|661|4
7|GERMANY|44|7|11752.0|0.06|44|9062|9062|881|881|4
8|INDIA|60|8|7067.55|0.0|60|9062|9062|881|881|4
16|MOZAMBIQUE|58|16|52807.5|0.08|58|9062|9062|881|881|4
0|ALGERIA|24|0|40095.18|0.09|24|9062|9062|881|881|4
8|INDIA|12|8|9811.62|0.04|12|9062|9062|881|881|4
18|CHINA|41|18|61660.24|0.04|41|9062|9062|881|881|4
16|MOZAMBIQUE|73|16|17546.9|0.03|73|46916|46916|881|881|4
1|ARGENTINA|71|1|8268.96|0.03|71|46916|46916|881|881|4
6|FRANCE|70|6|48818.17|0.01|70|46916|46916|881|881|4
16|MOZAMBIQUE|56|16|9269.75|0.02|56|46916|46916|881|881|4
12|JAPAN|54|12|1743.84|0.09|54|46916|46916|881|881|4
20|SAUDI ARABIA|74|20|36263.36|0.06|74|46916|46916|881|881|4
22|RUSSIA|40|22|6937.5|0.07|40|42849|42849|881|881|4
22|RUSSIA|25|22|47666.53|0.1|25|42849|42849|881|881|4
3|CANADA|20|3|49289.24|0.05|20|42849|42849|881|881|4
5|ETHIOPIA|63|5|22746.78|0.02|63|42849|42849|881|881|4
5|ETHIOPIA|2|5|14836.12|0.09|2|42849|42849|881|881|4
17|PERU|1|17|49659.04|0.06|1|37665|37665|881|881|4
18|CHINA|27|18|26908.35|0.06|27|37665|37665|881|881|4
19|ROMANIA|62|19|17674.05|0.08|62|26437|26437|262|262|4
4|EGYPT|22|4|32434.2|0.02|22|26437|26437|262|262|4
8|INDIA|61|8|1493.59|0.04|61|26437|26437|262|262|4
0|ALGERIA|37|0|1736.83|0.01|37|26437|26437|262|262|4
8|INDIA|15|8|39813.39|0.01|15|26437|26437|262|262|4
4|EGYPT|67|4|19232.4|0.05|67|26437|26437|262|262|4
9|INDONESIA|23|9|48638.02|0.01|23|26437|26437|262|262|4
1|ARGENTINA|71|1|58213.0|0.04|71|20512|20512|262|262|4
14|KENYA|47|14|38892.84|0.06|47|20512|20512|262|262|4
1|ARGENTINA|29|1|40832.88|0.09|29|20512|20512|262|262|4
24|UNITED STATES|10|24|33966.37|0.04|10|20512|20512|262|262|4
0|ALGERIA|28|0|44355.88|0.01|28|20512|20512|262|262|4
7|GERMANY|53|7|21630.29|0.0|53|20512|20512|262|262|4
23|UNITED KINGDOM|7|23|73090.97|0.1|7|46528|46528|262|262|4
16|MOZAMBIQUE|73|16|33966.9|0.03|73|46528|46528|262|262|4
7|GERMANY|53|7|53198.44|0.0|53|46528|46528|262|262|4
6|FRANCE|70|6|48915.84|0.1|70|15909|15909|262|262|4
17|PERU|1|17|34615.74|0.05|1|10916|10916|262|262|4
13|JORDAN|36|13|48132.15|0.09|36|10916|10916|262|262|4
14|KENYA|47|14|13074.0|0.09|47|10916|10916|262|262|4
21|VIETNAM|68|21|56251.2|0.08|68|10916|10916|262|262|4
17|PERU|57|17|36219.0|0.01|57|10916|10916|262|262|4
12|JAPAN|54|12|53057.55|0.0|54|10916|10916|262|262|4
18|CHINA|27|18|2652.84|0.01|27|10916|10916|262|262|4
23|UNITED KINGDOM|66|23|72616.44|0.0|66|38564|38564|262|262|4
19|ROMANIA|17|19|22549.14|0.04|17|38564|38564|262|262|4
7|GERMANY|53|7|16683.15|0.02|53|38564|38564|262|262|4
0|ALGERIA|37|0|17252.62|0.09|37|197|197|262|262|4
8|INDIA|15|8|10547.28|0.09|15|197|197|262|262|4
1|ARGENTINA|29|1|1748.84|0.07|29|197|197|262|262|4
16|MOZAMBIQUE|18|16|65862.42|0.02|18|197|197|262|262|4
18|CHINA|27|18|26103.5|0.04|27|197|197|262|262|4
1|ARGENTINA|3|1|19520.08|0.06|3|197|197|262|262|4
16|MOZAMBIQUE|73|16|1772.87|0.04|73|8673|8673|890|890|4
4|EGYPT|22|4|44048.4|0.06|22|8673|8673|890|890|4
9|INDONESIA|45|9|54792.29|0.02|45|8673|8673|890|890|4
23|UNITED KINGDOM|32|23|54999.04|0.08|32|8673|8673|890|890|4
16|MOZAMBIQUE|31|16|4477.77|0.08|31|8673|8673|890|890|4
6|FRANCE|70|6|6446.9|0.04|70|13286|13286|890|890|4
0|ALGERIA|37|0|3630.93|0.09|37|13286|13286|890|890|4
5|ETHIOPIA|2|5|1157.25|0.0|2|13286|13286|890|890|4
1|ARGENTINA|3|1|64883.46|0.1|3|13286|13286|890|890|4
9|INDONESIA|51|9|12725.52|0.08|51|47876|47876|164|164|4
16|MOZAMBIQUE|73|16|5670.04|0.0|73|47876|47876|164|164|4
7|GERMANY|44|7|26431.72|0.0|44|47876|47876|164|164|4
18|CHINA|11|18|71610.14|0.04|11|47876|47876|164|164|4
21|VIETNAM|35|21|49521.91|0.01|35|47876|47876|164|164|4
16|MOZAMBIQUE|18|16|10141.1|0.09|18|47876|47876|164|164|4
16|MOZAMBIQUE|31|16|43141.8|0.0|31|47876|47876|164|164|4
8|INDIA|61|8|5380.85|0.02|61|41607|41607|164|164|4
8|INDIA|60|8|11604.72|0.08|60|41607|41607|164|164|4
14|KENYA|79|14|46673.6|0.08|79|41607|41607|164|164|4
14|KENYA|76|14|56844.45|0.07|76|41607|41607|164|164|4
19|ROMANIA|17|19|26564.29|0.04|17|41607|41607|164|164|4
4|EGYPT|22|4|10190.07|0.1|22|41954|41954|164|164|4
21|VIETNAM|35|21|31437.41|0.01|35|41954|41954|164|164|4
3|CANADA|13|3|6000.54|0.07|13|41954|41954|164|164|4
8|INDIA|12|8|1682.78|0.01|12|41954|41954|164|164|4
2|BRAZIL|21|2|44271.75|0.08|21|41954|41954|164|164|4
12|JAPAN|43|12|16353.92|0.01|43|41954|41954|164|164|4
13|JORDAN|36|13|5990.36|0.02|36|17863|17863|164|164|4
24|UNITED STATES|10|24|27089.0|0.07|10|20771|20771|140|140|4
23|UNITED KINGDOM|32|23|45151.47|0.01|32|20771|20771|140|140|4
18|CHINA|27|18|76646.64|0.07|27|12545|12545|140|140|4
3|CANADA|20|3|19201.0|0.1|20|12545|12545|140|140|4
18|CHINA|41|18|5205.6|0.03|41|12545|12545|140|140|4
19|ROMANIA|52|19|911.01|0.0|52|12545|12545|140|140|4
21|VIETNAM|26|21|47352.0|0.0|26|22947|22947|140|140|4
23|UNITED KINGDOM|32|23|18845.25|0.06|32|22947|22947|140|140|4
1|ARGENTINA|3|1|51656.16|0.05|3|22947|22947|140|140|4
18|CHINA|11|18|69506.99|0.05|11|42083|42083|140|140|4
17|PERU|59|17|20370.93|0.07|59|42083|42083|140|140|4
17|PERU|57|17|45491.14|0.03|57|42083|42083|140|140|4
8|INDIA|60|8|35130.13|0.09|60|29698|29698|140|140|4
23|UNITED KINGDOM|7|23|88500.06|0.05|7|4548|4548|1012|1012|4
24|UNITED STATES|46|24|28873.02|0.07|46|4548|4548|1012|1012|4
16|MOZAMBIQUE|18|16|21579.12|0.0|18|4548|4548|1012|1012|4
24|UNITED STATES|49|24|21149.1|0.1|49|4548|4548|1012|1012|4
16|MOZAMBIQUE|30|16|45264.6|0.04|30|4548|4548|1012|1012|4
6|FRANCE|70|6|21363.2|0.0|70|32069|32069|1012|1012|4
8|INDIA|15|8|12597.78|0.1|15|32069|32069|1012|1012|4
14|KENYA|47|14|43895.88|0.0|47|32069|32069|1012|1012|4
5|ETHIOPIA|78|5|37802.82|0.07|78|32069|32069|1012|1012|4
18|CHINA|27|18|40895.68|0.05|27|32069|32069|1012|1012|4
1|ARGENTINA|3|1|23978.16|0.03|3|32069|32069|1012|1012|4
21|VIETNAM|80|21|35653.92|0.05|80|35366|35366|1012|1012|4
17|PERU|1|17|42686.4|0.03|1|35366|35366|1012|1012|4
21|VIETNAM|26|21|51535.88|0.06|26|35366|35366|1012|1012|4
14|KENYA|79|14|56941.2|0.01|79|35366|35366|1012|1012|4
14|KENYA|76|14|26786.43|0.03|76|35366|35366|1012|1012|4
18|CHINA|41|18|13686.48|0.07|41|35366|35366|1012|1012|4
9|INDONESIA|51|9|27609.6|0.01|51|12102|12102|1012|1012|4
4|EGYPT|22|4|41228.16|0.07|22|12102|12102|1012|1012|4
8|INDIA|15|8|51659.1|0.06|15|12102|12102|1012|1012|4
12|JAPAN|43|12|26252.38|0.07|43|12102|12102|1012|1012|4
5|ETHIOPIA|63|5|32710.04|0.05|63|12102|12102|1012|1012|4
10|IRAN|9|10|65818.19|0.08|9|2785|2785|1169|1169|4
13|JORDAN|36|13|46777.83|0.08|36|2785|2785|1169|1169|4
18|CHINA|27|18|43464.58|0.0|27|2785|2785|1169|1169|4
19|ROMANIA|52|19|57588.86|0.08|52|2785|2785|1169|1169|4
17|PERU|57|17|11982.87|0.06|57|20993|20993|1169|1169|4
16|MOZAMBIQUE|30|16|31809.72|0.01|30|20993|20993|1169|1169|4
23|UNITED KINGDOM|7|23|34226.66|0.08|7|8578|8578|1169|1169|4
22|RUSSIA|40|22|23475.75|0.03|40|8578|8578|1169|1169|4
14|KENYA|79|14|49659.04|0.02|79|8578|8578|1169|1169|4
3|CANADA|13|3|27484.26|0.04|13|8578|8578|1169|1169|4
16|MOZAMBIQUE|31|16|53936.7|0.06|31|8578|8578|1169|1169|4
14|KENYA|6|14|3537.81|0.06|6|42179|42179|509|509|4
17|PERU|59|17|39185.72|0.07|59|42179|42179|509|509|4
4|EGYPT|69|4|18154.37|0.08|69|42179|42179|509|509|4
8|INDIA|12|8|43406.4|0.05|12|42179|42179|509|509|4
22|RUSSIA|65|22|31995.36|0.05|65|42179|42179|509|509|4
19|ROMANIA|17|19|51702.35|0.01|17|42179|42179|509|509|4
18|CHINA|27|18|20822.4|0.07|27|42179|42179|509|509|4
17|PERU|1|17|36679.68|0.1|1|4742|4742|509|509|4
18|CHINA|11|18|22043.4|0.06|11|4742|4742|509|509|4
24|UNITED STATES|19|24|43570.5|0.05|19|4742|4742|509|509|4
22|RUSSIA|65|22|33066.67|0.02|65|4742|4742|509|509|4
14|KENYA|76|14|76310.55|0.05|76|4742|4742|509|509|4
7|GERMANY|44|7|6336.8|0.01|44|43298|43298|509|509|4
14|KENYA|79|14|11016.12|0.09|79|43298|43298|509|509|4
16|MOZAMBIQUE|56|16|3908.28|0.06|56|43298|43298|509|509|4
16|MOZAMBIQUE|56|16|38759.31|0.05|56|43298|43298|509|509|4
18|CHINA|41|18|56980.8|0.08|41|43298|43298|509|509|4
0|ALGERIA|28|0|45083.52|0.04|28|19970|19970|1175|1175|4
5|ETHIOPIA|2|5|23357.08|0.08|2|19970|19970|1175|1175|4
10|IRAN|9|10|36363.6|0.1|9|26020|26020|1175|1175|4
15|MOROCCO|14|15|39075.05|0.07|14|26020|26020|1175|1175|4
23|UNITED KINGDOM|32|23|47551.3|0.08|32|26020|26020|1175|1175|4
23|UNITED KINGDOM|7|23|915.01|0.01|7|38304|38304|1175|1175|4
8|INDIA|61|8|3378.66|0.02|61|38304|38304|1175|1175|4
0|ALGERIA|24|0|9762.56|0.09|24|38304|38304|1175|1175|4
12|JAPAN|43|12|40615.4|0.01|43|38304|38304|1175|1175|4
14|KENYA|48|14|55036.08|0.09|48|15843|15843|290|290|4
8|INDIA|15|8|26388.2|0.05|15|15843|15843|290|290|4
22|RUSSIA|25|22|83418.89|0.06|25|15843|15843|290|290|4
8|INDIA|39|8|10504.13|0.1|39|15843|15843|290|290|4
4|EGYPT|38|4|67929.41|0.09|38|15843|15843|290|290|4
23|UNITED KINGDOM|66|23|25843.16|0.02|66|37670|37670|290|290|4
9|INDONESIA|45|9|26596.26|0.09|45|18563|18563|290|290|4
4|EGYPT|67|4|33445.88|0.03|67|18563|18563|290|290|4
16|MOZAMBIQUE|31|16|1147.24|0.07|31|18563|18563|290|290|4
23|UNITED KINGDOM|66|23|74429.0|0.07|66|23110|23110|290|290|4
14|KENYA|79|14|19695.42|0.01|79|23110|23110|290|290|4
11|IRAQ|5|11|14678.73|0.09|5|31399|31399|1072|1072|4
7|GERMANY|44|7|53397.54|0.07|44|31399|31399|1072|1072|4
16|MOZAMBIQUE|56|16|79013.25|0.0|56|31399|31399|1072|1072|4
1|ARGENTINA|29|1|41350.84|0.06|29|31399|31399|1072|1072|4
18|CHINA|75|18|62814.78|0.01|75|31399|31399|1072|1072|4
18|CHINA|41|18|32535.0|0.1|41|31399|31399|1072|1072|4
1|ARGENTINA|3|1|49948.38|0.01|3|31399|31399|1072|1072|4
0|ALGERIA|24|0|12513.5|0.07|24|26529|26529|1072|1072|4
9|INDONESIA|45|9|50070.72|0.03|45|26529|26529|1072|1072|4
12|JAPAN|43|12|49858.2|0.1|43|26529|26529|1072|1072|4
24|UNITED STATES|49|24|67234.91|0.05|49|26529|26529|1072|1072|4
24|UNITED STATES|64|24|3705.99|0.01|64|26529|26529|1072|1072|4
16|MOZAMBIQUE|31|16|33732.14|0.06|31|26529|26529|1072|1072|4
8|INDIA|61|8|62811.16|0.07|61|33735|33735|1072|1072|4
24|UNITED STATES|49|24|20062.0|0.07|49|33735|33735|1072|1072|4
22|RUSSIA|16|22|29452.5|0.02|16|33735|33735|1072|1072|4
18|CHINA|41|18|36186.92|0.1|41|33735|33735|1072|1072|4
8|INDIA|39|8|993.09|0.09|39|30278|30278|1072|1072|4
7|GERMANY|44|7|3772.16|0.07|44|1284|1284|1072|1072|4
24|UNITED STATES|55|24|64749.58|0.0|55|1284|1284|1072|1072|4
4|EGYPT|22|4|37520.34|0.08|22|1284|1284|1072|1072|4
21|VIETNAM|68|21|1367.46|0.01|68|1284|1284|1072|1072|4
0|ALGERIA|28|0|10505.34|0.05|28|1284|1284|1072|1072|4
9|INDONESIA|51|9|50774.65|0.03|51|7367|7367|1072|1072|4
22|RUSSIA|16|22|22193.55|0.08|16|7367|7367|1072|1072|4
3|CANADA|20|3|34572.72|0.01|20|7367|7367|1072|1072|4
5|ETHIOPIA|63|5|15332.66|0.03|63|7367|7367|1072|1072|4
0|ALGERIA|37|0|38416.8|0.04|37|41956|41956|1072|1072|4
21|VIETNAM|68|21|19351.54|0.07|68|41956|41956|1072|1072|4
4|EGYPT|67|4|64793.08|0.08|67|41956|41956|1072|1072|4
8|INDIA|12|8|15476.4|0.07|12|41956|41956|1072|1072|4
2|BRAZIL|21|2|6727.32|0.06|21|41956|41956|1072|1072|4
18|CHINA|27|18|6271.75|0.03|27|41956|41956|1072|1072|4
9|INDONESIA|50|9|45640.29|0.02|50|41348|41348|1072|1072|4
18|CHINA|11|18|58862.3|0.0|11|38887|38887|1072|1072|4
22|RUSSIA|25|22|1135.23|0.01|25|38887|38887|1072|1072|4
16|MOZAMBIQUE|30|16|37671.84|0.05|30|38887|38887|1072|1072|4
20|SAUDI ARABIA|74|20|48510.11|0.03|74|38887|38887|1072|1072|4
9|INDONESIA|50|9|25880.06|0.07|50|39878|39878|548|548|4
10|IRAN|9|10|12172.96|0.1|9|39878|39878|548|548|4
14|KENYA|48|14|47651.0|0.0|48|39878|39878|548|548|4
3|CANADA|13|3|42842.25|0.07|13|39878|39878|548|548|4
10|IRAN|34|10|5348.64|0.02|34|39878|39878|548|548|4
20|SAUDI ARABIA|74|20|48893.24|0.02|74|39878|39878|548|548|4
5|ETHIOPIA|2|5|62365.8|0.1|2|39878|39878|548|548|4
10|IRAN|9|10|35177.0|0.04|9|965|965|548|548|4
3|CANADA|20|3|23853.99|0.06|20|965|965|548|548|4
24|UNITED STATES|55|24|40964.02|0.07|55|41924|41924|548|548|4
24|UNITED STATES|46|24|41696.93|0.0|46|41924|41924|548|548|4
15|MOROCCO|14|15|37096.0|0.04|14|45472|45472|548|548|4
12|JAPAN|54|12|56361.0|0.07|54|45472|45472|548|548|4
7|GERMANY|33|7|38787.0|0.06|33|13797|13797|218|218|4
24|UNITED STATES|55|24|48842.02|0.02|55|13797|13797|218|218|4
8|INDIA|60|8|48039.48|0.1|60|13797|13797|218|218|4
10|IRAN|9|10|13005.08|0.06|9|13797|13797|218|218|4
16|MOZAMBIQUE|58|16|35149.18|0.08|58|13797|13797|218|218|4
16|MOZAMBIQUE|31|16|19136.88|0.03|31|13797|13797|218|218|4
23|UNITED KINGDOM|7|23|5033.31|0.02|7|7077|7077|449|449|4
9|INDONESIA|50|9|33440.12|0.03|50|7077|7077|449|449|4
8|INDIA|60|8|13706.98|0.09|60|7077|7077|449|449|4
16|MOZAMBIQUE|58|16|74362.89|0.06|58|7077|7077|449|449|4
9|INDONESIA|45|9|31970.88|0.08|45|7077|7077|449|449|4
24|UNITED STATES|10|24|45839.4|0.09|10|7077|7077|449|449|4
16|MOZAMBIQUE|31|16|27860.13|0.1|31|7077|7077|449|449|4
15|MOROCCO|14|15|36426.5|0.09|14|47141|47141|449|449|4
19|ROMANIA|17|19|26428.4|0.02|17|47141|47141|449|449|4
24|UNITED STATES|64|24|71895.62|0.09|64|47141|47141|449|449|4
9|INDONESIA|50|9|22750.0|0.07|50|38116|38116|944|944|4
17|PERU|59|17|53468.31|0.0|59|38116|38116|944|944|4
8|INDIA|39|8|36895.56|0.09|39|38116|38116|944|944|4
3|CANADA|20|3|14932.08|0.05|20|38116|38116|944|944|4
21|VIETNAM|80|21|76126.37|0.1|80|15713|15713|613|613|4
21|VIETNAM|80|21|5941.4|0.03|80|15713|15713|613|613|4
9|INDONESIA|50|9|19190.55|0.0|50|15713|15713|613|613|4
7|GERMANY|77|7|46098.9|0.08|77|32609|32609|613|613|4
4|EGYPT|38|4|34812.75|0.08|38|32609|32609|613|613|4
9|INDONESIA|23|9|5778.36|0.02|23|11524|11524|613|613|4
17|PERU|8|17|17404.19|0.08|8|6433|6433|613|613|4
23|UNITED KINGDOM|66|23|37276.02|0.03|66|6433|6433|613|613|4
1|ARGENTINA|71|1|42466.62|0.07|71|6433|6433|613|613|4
9|INDONESIA|23|9|44148.6|0.08|23|6433|6433|613|613|4
22|RUSSIA|65|22|26743.2|0.09|65|6433|6433|613|613|4
0|ALGERIA|28|0|74329.0|0.01|28|6433|6433|613|613|4
4|EGYPT|38|4|23993.44|0.0|38|6433|6433|613|613|4
4|EGYPT|22|4|7788.25|0.08|22|18981|18981|613|613|4
24|UNITED STATES|10|24|33635.7|0.0|10|18981|18981|613|613|4
19|ROMANIA|52|19|20953.23|0.08|52|18981|18981|613|613|4
19|ROMANIA|52|19|53808.81|0.09|52|18981|18981|613|613|4
9|INDONESIA|50|9|62571.6|0.09|50|43491|43491|613|613|4
3|CANADA|13|3|10791.7|0.01|13|43491|43491|613|613|4
10|IRAN|34|10|2616.8|0.03|34|43491|43491|613|613|4
2|BRAZIL|21|2|61842.94|0.02|21|43491|43491|613|613|4
14|KENYA|76|14|17385.19|0.01|76|43491|43491|613|613|4
19|ROMANIA|17|19|20361.75|0.1|17|43491|43491|613|613|4
1|ARGENTINA|29|1|39970.78|0.0|29|37889|37889|437|437|4
5|ETHIOPIA|63|5|25411.17|0.03|63|37889|37889|437|437|4
17|PERU|8|17|38828.64|0.04|8|45602|45602|437|437|4
9|INDONESIA|50|9|14271.36|0.08|50|45602|45602|437|437|4
14|KENYA|47|14|21758.92|0.02|47|45602|45602|437|437|4
10|IRAN|34|10|53913.24|0.08|34|45602|45602|437|437|4
17|PERU|1|17|24199.84|0.04|1|20134|20134|128|128|4
23|UNITED KINGDOM|66|23|29849.45|0.04|66|20134|20134|128|128|4
9|INDONESIA|50|9|39437.37|0.1|50|20134|20134|128|128|4
1|ARGENTINA|71|1|11340.48|0.0|71|20134|20134|128|128|4
24|UNITED STATES|46|24|43727.58|0.06|46|20134|20134|128|128|4
18|CHINA|75|18|28917.46|0.02|75|20134|20134|128|128|4
14|KENYA|47|14|43931.52|0.1|47|8770|8770|128|128|4
17|PERU|57|17|56114.57|0.06|57|8770|8770|128|128|4
16|MOZAMBIQUE|18|16|25154.82|0.02|18|8770|8770|128|128|4
23|UNITED KINGDOM|7|23|87557.12|0.1|7|11270|11270|128|128|4
8|INDIA|15|8|8613.18|0.09|15|11270|11270|128|128|4
4|EGYPT|67|4|43922.58|0.02|67|11270|11270|128|128|4
16|MOZAMBIQUE|18|16|8859.42|0.03|18|11270|11270|128|128|4
5|ETHIOPIA|63|5|44090.76|0.02|63|11270|11270|128|128|4
1|ARGENTINA|3|1|34779.41|0.09|3|11270|11270|128|128|4
21|VIETNAM|80|21|13945.26|0.1|80|32134|32134|458|458|4
21|VIETNAM|80|21|53439.4|0.08|80|32134|32134|458|458|4
22|RUSSIA|40|22|25570.08|0.07|40|32134|32134|458|458|4
16|MOZAMBIQUE|58|16|23449.68|0.07|58|32134|32134|458|458|4
16|MOZAMBIQUE|30|16|19172.9|0.1|30|32134|32134|458|458|4
22|RUSSIA|65|22|40017.5|0.09|65|37153|37153|458|458|4
23|UNITED KINGDOM|32|23|19761.14|0.04|32|37153|37153|458|458|4
12|JAPAN|43|12|45520.64|0.01|43|37153|37153|458|458|4
5|ETHIOPIA|63|5|66851.1|0.05|63|37153|37153|458|458|4
8|INDIA|39|8|28079.75|0.1|39|25441|25441|458|458|4
7|GERMANY|33|7|19572.63|0.0|33|37511|37511|458|458|4
4|EGYPT|67|4|43908.16|0.1|67|37511|37511|458|458|4
22|RUSSIA|16|22|44760.24|0.03|16|37511|37511|458|458|4
22|RUSSIA|40|22|27881.92|0.03|40|39107|39107|458|458|4
0|ALGERIA|37|0|21537.75|0.07|37|39107|39107|458|458|4
13|JORDAN|36|13|49253.2|0.08|36|39107|39107|458|458|4
14|KENYA|79|14|17188.1|0.1|79|39107|39107|458|458|4
17|PERU|1|17|41409.94|0.03|1|44998|44998|1174|1174|4
1|ARGENTINA|29|1|25142.46|0.04|29|44998|44998|1174|1174|4
24|UNITED STATES|55|24|54609.5|0.02|55|4481|4481|1174|1174|4
23|UNITED KINGDOM|32|23|38191.77|0.02|32|4481|4481|1174|1174|4
14|KENYA|6|14|41746.37|0.08|6|43841|43841|1174|1174|4
16|MOZAMBIQUE|56|16|19101.0|0.01|56|43841|43841|1174|1174|4
8|INDIA|61|8|47410.56|0.06|61|26626|26626|1174|1174|4
19|ROMANIA|17|19|30425.06|0.09|17|23843|23843|1174|1174|4
5|ETHIOPIA|63|5|5198.49|0.08|63|23843|23843|1174|1174|4
19|ROMANIA|52|19|14883.96|0.06|52|23843|23843|1174|1174|4
8|INDIA|15|8|43509.84|0.07|15|18752|18752|1174|1174|4
17|PERU|8|17|44737.44|0.01|8|47367|47367|1174|1174|4
22|RUSSIA|40|22|44303.36|0.07|40|47367|47367|1174|1174|4
24|UNITED STATES|49|24|12802.44|0.05|49|47367|47367|1174|1174|4
22|RUSSIA|40|22|56761.5|0.05|40|29569|29569|1174|1174|4
13|JORDAN|36|13|36114.59|0.07|36|29569|29569|1174|1174|4
24|UNITED STATES|46|24|45138.0|0.05|46|29569|29569|1174|1174|4
9|INDONESIA|45|9|28530.4|0.07|45|29569|29569|1174|1174|4
22|RUSSIA|16|22|2796.98|0.05|16|29569|29569|1174|1174|4
16|MOZAMBIQUE|31|16|6170.56|0.04|31|29569|29569|1174|1174|4
5|ETHIOPIA|63|5|50526.0|0.07|63|29569|29569|1174|1174|4
18|CHINA|11|18|20242.2|0.0|11|15911|15911|959|959|4
15|MOROCCO|14|15|10539.28|0.1|14|15911|15911|959|959|4
3|CANADA|13|3|1051.15|0.1|13|15911|15911|959|959|4
16|MOZAMBIQUE|58|16|10434.13|0.06|58|28608|28608|74|74|4
22|RUSSIA|16|22|43516.9|0.03|16|28608|28608|74|74|4
8|INDIA|60|8|9415.26|0.01|60|20448|20448|74|74|4
15|MOROCCO|14|15|64100.54|0.04|14|20448|20448|74|74|4
9|INDONESIA|45|9|1970.16|0.06|45|13189|13189|74|74|4
12|JAPAN|54|12|31499.22|0.05|54|2724|2724|1096|1096|4
6|FRANCE|70|6|48171.0|0.03|70|4|4|1096|1096|4
23|UNITED KINGDOM|7|23|11622.6|0.09|7|29571|29571|1096|1096|4
14|KENYA|6|14|34410.74|0.08|6|29571|29571|1096|1096|4
0|ALGERIA|37|0|85104.67|0.08|37|29571|29571|1096|1096|4
21|VIETNAM|68|21|34110.72|0.04|68|29571|29571|1096|1096|4
17|PERU|1|17|41624.88|0.01|1|3747|3747|1195|1195|4
7|GERMANY|33|7|15865.22|0.08|33|3747|3747|1195|1195|4
6|FRANCE|70|6|30303.0|0.0|70|3747|3747|1195|1195|4
15|MOROCCO|14|15|24449.46|0.0|14|3747|3747|1195|1195|4
23|UNITED KINGDOM|32|23|29056.0|0.08|32|3747|3747|1195|1195|4
0|ALGERIA|28|0|43097.04|0.05|28|3747|3747|1195|1195|4
22|RUSSIA|16|22|42433.62|0.0|16|3747|3747|1195|1195|4
4|EGYPT|22|4|66671.1|0.03|22|6759|6759|1195|1195|4
23|UNITED KINGDOM|32|23|41756.01|0.05|32|6759|6759|1195|1195|4
0|ALGERIA|28|0|2847.12|0.07|28|6759|6759|1195|1195|4
16|MOZAMBIQUE|73|16|12901.68|0.07|73|3940|3940|1195|1195|4
21|VIETNAM|68|21|57981.6|0.08|68|3940|3940|1195|1195|4
15|MOROCCO|4|15|10901.99|0.09|4|3940|3940|1195|1195|4
24|UNITED STATES|49|24|37228.0|0.0|49|3940|3940|1195|1195|4
19|ROMANIA|52|19|43507.53|0.1|52|3940|3940|1195|1195|4
23|UNITED KINGDOM|7|23|6234.78|0.07|7|7844|7844|1195|1195|4
3|CANADA|13|3|54550.14|0.05|13|7844|7844|1195|1195|4
2|BRAZIL|21|2|34434.92|0.04|21|7844|7844|1195|1195|4
0|ALGERIA|28|0|21911.04|0.04|28|7296|7296|1195|1195|4
21|VIETNAM|35|21|36840.42|0.1|35|5796|5796|1195|1195|4
16|MOZAMBIQUE|73|16|51190.4|0.05|73|1607|1607|1195|1195|4
4|EGYPT|22|4|63620.16|0.0|22|1607|1607|1195|1195|4
0|ALGERIA|24|0|68559.15|0.05|24|1607|1607|1195|1195|4
9|INDONESIA|23|9|73436.22|0.0|23|1607|1607|1195|1195|4
1|ARGENTINA|29|1|2831.02|0.02|29|1607|1607|1195|1195|4
21|VIETNAM|80|21|48403.52|0.08|80|4929|4929|1195|1195|4
18|CHINA|72|18|20182.0|0.0|72|4929|4929|1195|1195|4
4|EGYPT|67|4|61024.8|0.08|67|4929|4929|1195|1195|4
7|GERMANY|53|7|34380.72|0.09|53|4929|4929|1195|1195|4
7|GERMANY|53|7|46094.62|0.0|53|4929|4929|1195|1195|4
14|KENYA|6|14|77443.78|0.1|6|43591|43591|1195|1195|4
4|EGYPT|22|4|54321.76|0.05|22|43591|43591|1195|1195|4
9|INDONESIA|45|9|63912.2|0.02|45|43591|43591|1195|1195|4
10|IRAN|34|10|67495.38|0.02|34|43591|43591|1195|1195|4
8|INDIA|61|8|40896.9|0.07|61|33189|33189|1195|1195|4
22|RUSSIA|65|22|8777.52|0.02|65|33189|33189|1195|1195|4
18|CHINA|41|18|12220.52|0.05|41|33189|33189|1195|1195|4
23|UNITED KINGDOM|66|23|27749.92|0.01|66|27653|27653|902|902|4
21|VIETNAM|68|21|23246.82|0.01|68|35398|35398|902|902|4
9|INDONESIA|45|9|40083.4|0.07|45|35398|35398|902|902|4
18|CHINA|11|18|44497.95|0.1|11|23940|23940|820|820|4
24|UNITED STATES|49|24|88970.53|0.03|49|23940|23940|820|820|4
14|KENYA|6|14|43086.08|0.08|6|11687|11687|820|820|4
9|INDONESIA|51|9|27675.9|0.02|51|11687|11687|820|820|4
8|INDIA|15|8|25028.14|0.07|15|11687|11687|820|820|4
16|MOZAMBIQUE|18|16|39326.0|0.0|18|11687|11687|820|820|4
0|ALGERIA|28|0|18127.8|0.1|28|11687|11687|820|820|4
14|KENYA|47|14|37141.52|0.06|47|14209|14209|820|820|4
1|ARGENTINA|29|1|15929.51|0.04|29|14209|14209|820|820|4
16|MOZAMBIQUE|31|16|9873.57|0.09|31|14209|14209|820|820|4
14|KENYA|6|14|62855.23|0.01|6|42048|42048|820|820|4
18|CHINA|72|18|42273.56|0.02|72|42048|42048|820|820|4
21|VIETNAM|35|21|12373.56|0.02|35|42048|42048|820|820|4
18|CHINA|75|18|41097.32|0.05|75|42048|42048|820|820|4
19|ROMANIA|52|19|54743.29|0.07|52|42048|42048|820|820|4
17|PERU|8|17|35824.57|0.0|8|16418|16418|820|820|4
9|INDONESIA|51|9|1670.77|0.1|51|16418|16418|820|820|4
14|KENYA|48|14|84418.65|0.09|48|16418|16418|820|820|4
12|JAPAN|43|12|42412.92|0.02|43|16418|16418|820|820|4
21|VIETNAM|26|21|17641.26|0.09|26|39111|39111|820|820|4
21|VIETNAM|68|21|7890.54|0.07|68|39111|39111|820|820|4
5|ETHIOPIA|78|5|28335.03|0.0|78|39111|39111|820|820|4
16|MOZAMBIQUE|56|16|15555.17|0.04|56|39111|39111|820|820|4
9|INDONESIA|23|9|15191.92|0.04|23|39111|39111|820|820|4
12|JAPAN|43|12|5375.67|0.04|43|39111|39111|820|820|4
21|VIETNAM|80|21|1500.59|0.07|80|18852|18852|820|820|4
19|ROMANIA|62|19|2514.7|0.01|62|18852|18852|820|820|4
7|GERMANY|77|7|25647.72|0.07|77|18852|18852|820|820|4
22|RUSSIA|42|22|53937.6|0.07|42|18852|18852|820|820|4
18|CHINA|75|18|10795.52|0.1|75|18852|18852|820|820|4
8|INDIA|15|8|49663.71|0.0|15|21251|21251|820|820|4
22|RUSSIA|65|22|52304.28|0.0|65|21251|21251|820|820|4
24|UNITED STATES|46|24|27004.48|0.03|46|46598|46598|820|820|4
2|BRAZIL|21|2|40363.92|0.02|21|46598|46598|820|820|4
24|UNITED STATES|64|24|16846.2|0.04|64|46598|46598|820|820|4
9|INDONESIA|50|9|9072.9|0.03|50|29318|29318|302|302|4
19|ROMANIA|17|19|59968.32|0.08|17|29318|29318|302|302|4
24|UNITED STATES|49|24|61118.8|0.05|49|29318|29318|302|302|4
10|IRAN|9|10|57180.8|0.01|9|7171|7171|302|302|4
14|KENYA|47|14|52536.4|0.05|47|7171|7171|302|302|4
15|MOROCCO|14|15|21372.68|0.03|14|7171|7171|302|302|4
14|KENYA|79|14|7383.76|0.01|79|7171|7171|302|302|4
14|KENYA|79|14|75474.04|0.01|79|7171|7171|302|302|4
12|JAPAN|54|12|14471.73|0.02|54|7171|7171|302|302|4
5|ETHIOPIA|63|5|13634.76|0.03|63|7171|7171|302|302|4
9|INDONESIA|23|9|85640.5|0.04|23|15553|15553|302|302|4
3|CANADA|20|3|26647.5|0.1|20|15553|15553|302|302|4
22|RUSSIA|40|22|66262.56|0.03|40|27105|27105|302|302|4
7|GERMANY|77|7|16465.92|0.06|77|27105|27105|302|302|4
22|RUSSIA|16|22|2650.84|0.1|16|27105|27105|302|302|4
17|PERU|1|17|23625.6|0.06|1|22597|22597|500|500|4
21|VIETNAM|35|21|34236.1|0.06|35|22597|22597|500|500|4
8|INDIA|12|8|3486.78|0.02|12|22597|22597|500|500|4
23|UNITED KINGDOM|7|23|54393.28|0.1|7|7847|7847|500|500|4
18|CHINA|27|18|13379.22|0.09|27|7847|7847|500|500|4
20|SAUDI ARABIA|74|20|55191.4|0.1|74|7847|7847|500|500|4
23|UNITED KINGDOM|7|23|49288.32|0.01|7|36801|36801|500|500|4
7|GERMANY|44|7|41739.64|0.04|44|36801|36801|500|500|4
7|GERMANY|77|7|17597.21|0.02|77|36801|36801|500|500|4
16|MOZAMBIQUE|18|16|8152.88|0.06|18|36801|36801|500|500|4
12|JAPAN|54|12|35061.18|0.03|54|36801|36801|500|500|4
19|ROMANIA|17|19|1629.72|0.03|17|36801|36801|500|500|4
3|CANADA|20|3|37524.48|0.01|20|36801|36801|500|500|4
19|ROMANIA|62|19|30634.0|0.03|62|8645|8645|500|500|4
22|RUSSIA|25|22|58913.79|0.06|25|8645|8645|500|500|4
14|KENYA|48|14|4132.41|0.05|48|22051|22051|500|500|4
14|KENYA|47|14|19475.85|0.0|47|22051|22051|500|500|4
21|VIETNAM|68|21|48227.64|0.09|68|22051|22051|500|500|4
10|IRAN|34|10|38470.53|0.03|34|22051|22051|500|500|4
23|UNITED KINGDOM|32|23|40034.29|0.02|32|22051|22051|500|500|4
6|FRANCE|70|6|19929.28|0.0|70|28005|28005|500|500|4
16|MOZAMBIQUE|31|16|57423.49|0.05|31|28005|28005|500|500|4
4|EGYPT|22|4|15239.51|0.07|22|29703|29703|962|962|4
23|UNITED KINGDOM|66|23|57986.25|0.03|66|29703|29703|962|962|4
8|INDIA|15|8|28651.5|0.08|15|29703|29703|962|962|4
17|PERU|57|17|15649.12|0.02|57|29703|29703|962|962|4
23|UNITED KINGDOM|7|23|57657.6|0.08|7|27271|27271|962|962|4
7|GERMANY|44|7|24992.64|0.02|44|27271|27271|962|962|4
1|ARGENTINA|71|1|3059.24|0.09|71|27271|27271|962|962|4
14|KENYA|47|14|16285.64|0.1|47|27271|27271|962|962|4
8|INDIA|12|8|36537.6|0.0|12|27271|27271|962|962|4
16|MOZAMBIQUE|18|16|2256.44|0.03|18|27271|27271|962|962|4
16|MOZAMBIQUE|18|16|38204.89|0.04|18|27271|27271|962|962|4
11|IRAQ|5|11|22641.57|0.03|5|10884|10884|599|599|4
7|GERMANY|33|7|8865.6|0.01|33|10884|10884|599|599|4
8|INDIA|61|8|17256.87|0.01|61|10884|10884|599|599|4
9|INDONESIA|23|9|89494.0|0.0|23|10884|10884|599|599|4
16|MOZAMBIQUE|18|16|1553.65|0.05|18|10884|10884|599|599|4
7|GERMANY|44|7|78428.56|0.0|44|514|514|599|599|4
9|INDONESIA|45|9|6018.6|0.06|45|514|514|599|599|4
8|INDIA|12|8|62591.96|0.08|12|514|514|599|599|4
16|MOZAMBIQUE|18|16|32143.23|0.06|18|514|514|599|599|4
9|INDONESIA|50|9|64496.46|0.08|50|31524|31524|599|599|4
0|ALGERIA|37|0|49599.0|0.01|37|31524|31524|599|599|4
24|UNITED STATES|10|24|69781.26|0.08|10|31524|31524|599|599|4
4|EGYPT|38|4|26879.25|0.02|38|34656|34656|599|599|4
21|VIETNAM|80|21|5866.35|0.05|80|11936|11936|599|599|4
22|RUSSIA|40|22|7898.35|0.08|40|11936|11936|599|599|4
4|EGYPT|69|4|30965.97|0.03|69|11936|11936|599|599|4
24|UNITED STATES|46|24|35018.28|0.1|46|11936|11936|599|599|4
24|UNITED STATES|49|24|21980.27|0.1|49|11936|11936|599|599|4
3|CANADA|20|3|55415.22|0.02|20|11936|11936|599|599|4
4|EGYPT|22|4|12403.09|0.01|22|8805|8805|697|697|4
10|IRAN|9|10|58316.16|0.0|9|8805|8805|697|697|4
17|PERU|57|17|74553.12|0.04|57|8805|8805|697|697|4
10|IRAN|34|10|59647.08|0.07|34|8805|8805|697|697|4
24|UNITED STATES|19|24|62005.74|0.02|19|8805|8805|697|697|4
12|JAPAN|43|12|32717.96|0.09|43|8805|8805|697|697|4
5|ETHIOPIA|2|5|39042.0|0.01|2|8805|8805|697|697|4
4|EGYPT|22|4|17665.21|0.03|22|11335|11335|697|697|4
6|FRANCE|70|6|50931.2|0.0|70|11335|11335|697|697|4
13|JORDAN|36|13|11001.69|0.08|36|11335|11335|697|697|4
18|CHINA|11|18|47174.5|0.1|11|42784|42784|697|697|4
16|MOZAMBIQUE|31|16|41084.64|0.1|31|42784|42784|697|697|4
7|GERMANY|33|7|39596.29|0.07|33|30434|30434|697|697|4
0|ALGERIA|28|0|42668.88|0.07|28|30434|30434|697|697|4
11|IRAQ|5|11|39277.7|0.06|5|45703|45703|697|697|4
1|ARGENTINA|71|1|19228.58|0.02|71|45703|45703|697|697|4
3|CANADA|20|3|37223.76|0.02|20|45703|45703|697|697|4
18|CHINA|11|18|45002.64|0.08|11|31873|31873|697|697|4
14|KENYA|47|14|45712.64|0.03|47|31873|31873|697|697|4
19|ROMANIA|62|19|24867.54|0.09|62|7521|7521|697|697|4
3|CANADA|13|3|49113.48|0.04|13|7521|7521|697|697|4
8|INDIA|12|8|36898.73|0.03|12|7521|7521|697|697|4
17|PERU|8|17|6636.28|0.02|8|44516|44516|697|697|4
7|GERMANY|33|7|43975.26|0.07|33|44516|44516|697|697|4
18|CHINA|72|18|17868.11|0.05|72|44516|44516|697|697|4
8|INDIA|60|8|28130.83|0.06|60|44516|44516|697|697|4
15|MOROCCO|14|15|73628.5|0.04|14|44516|44516|697|697|4
21|VIETNAM|68|21|52114.5|0.09|68|44516|44516|697|697|4
8|INDIA|61|8|18219.5|0.09|61|15970|15970|697|697|4
12|JAPAN|54|12|49693.6|0.01|54|15970|15970|697|697|4
19|ROMANIA|52|19|15827.51|0.07|52|15970|15970|697|697|4
16|MOZAMBIQUE|30|16|78314.28|0.03|30|15970|15970|697|697|4
15|MOROCCO|14|15|78835.26|0.08|14|29381|29381|565|565|4
8|INDIA|12|8|25082.82|0.08|12|29381|29381|565|565|4
3|CANADA|20|3|32218.83|0.1|20|29381|29381|565|565|4
18|CHINA|41|18|27199.26|0.09|41|29381|29381|565|565|4
7|GERMANY|77|7|62717.65|0.04|77|44004|44004|565|565|4
0|ALGERIA|37|0|22044.0|0.0|37|44004|44004|565|565|4
1|ARGENTINA|3|1|18505.76|0.03|3|44004|44004|565|565|4
14|KENYA|6|14|5531.0|0.1|6|22756|22756|565|565|4
17|PERU|1|17|58274.72|0.0|1|22756|22756|565|565|4
5|ETHIOPIA|2|5|75612.04|0.0|2|22756|22756|565|565|4
17|PERU|8|17|16440.02|0.01|8|21635|21635|565|565|4
21|VIETNAM|35|21|26938.62|0.09|35|21635|21635|565|565|4
19|ROMANIA|62|19|52551.76|0.09|62|11556|11556|565|565|4
8|INDIA|61|8|20959.89|0.05|61|11556|11556|565|565|4
16|MOZAMBIQUE|58|16|8969.66|0.03|58|11556|11556|565|565|4
14|KENYA|79|14|18980.4|0.04|79|11556|11556|565|565|4
18|CHINA|27|18|15161.38|0.09|27|11556|11556|565|565|4
16|MOZAMBIQUE|30|16|40235.2|0.05|30|11556|11556|565|565|4
1|ARGENTINA|3|1|63286.08|0.04|3|11556|11556|565|565|4
22|RUSSIA|25|22|26692.82|0.08|25|46951|46951|4|4|4
7|GERMANY|77|7|1216.31|0.08|77|26722|26722|4|4|4
22|RUSSIA|25|22|34538.92|0.05|25|26722|26722|4|4|4
22|RUSSIA|25|22|41612.8|0.0|25|26722|26722|4|4|4
16|MOZAMBIQUE|56|16|73437.2|0.02|56|26722|26722|4|4|4
8|INDIA|39|8|35966.16|0.05|39|26722|26722|4|4|4
17|PERU|57|17|56907.06|0.07|57|25280|25280|4|4|4
24|UNITED STATES|10|24|38123.25|0.06|10|25280|25280|4|4|4
16|MOZAMBIQUE|73|16|45232.32|0.1|73|7141|7141|4|4|4
14|KENYA|48|14|35485.38|0.08|48|7141|7141|4|4|4
24|UNITED STATES|19|24|37416.32|0.03|19|7141|7141|4|4|4
19|ROMANIA|17|19|56220.3|0.08|17|7141|7141|4|4|4
20|SAUDI ARABIA|74|20|46332.29|0.06|74|7141|7141|4|4|4
1|ARGENTINA|3|1|8905.68|0.04|3|7141|7141|4|4|4
24|UNITED STATES|55|24|57264.84|0.04|55|13728|13728|4|4|4
14|KENYA|48|14|21703.6|0.09|48|13728|13728|4|4|4
2|BRAZIL|21|2|40004.0|0.03|21|13728|13728|4|4|4
14|KENYA|47|14|24954.79|0.03|47|6532|6532|4|4|4
21|VIETNAM|68|21|36216.06|0.07|68|6532|6532|4|4|4
2|BRAZIL|21|2|36465.0|0.06|21|6532|6532|4|4|4
4|EGYPT|38|4|13946.76|0.01|38|6532|6532|4|4|4
13|JORDAN|36|13|36543.96|0.08|36|15395|15395|4|4|4
17|PERU|1|17|44597.4|0.09|1|15425|15425|334|334|4
23|UNITED KINGDOM|66|23|41985.36|0.1|66|15425|15425|334|334|4
22|RUSSIA|25|22|37761.6|0.0|25|15425|15425|334|334|4
22|RUSSIA|40|22|34392.96|0.01|40|27778|27778|334|334|4
7|GERMANY|44|7|10955.79|0.03|44|27778|27778|334|334|4
12|JAPAN|43|12|25651.08|0.03|43|27778|27778|334|334|4
0|ALGERIA|28|0|33828.0|0.09|28|27778|27778|334|334|4
16|MOZAMBIQUE|30|16|31586.68|0.05|30|27778|27778|334|334|4
23|UNITED KINGDOM|7|23|9610.6|0.09|7|4546|4546|334|334|4
22|RUSSIA|25|22|10911.9|0.08|25|4546|4546|334|334|4
17|PERU|57|17|6066.44|0.06|57|4546|4546|334|334|4
5|ETHIOPIA|78|5|18965.4|0.04|78|4546|4546|334|334|4
19|ROMANIA|62|19|33475.34|0.06|62|11367|11367|334|334|4
14|KENYA|6|14|1647.74|0.0|6|18562|18562|334|334|4
7|GERMANY|33|7|23567.83|0.01|33|18562|18562|334|334|4
13|JORDAN|36|13|25245.81|0.03|36|18562|18562|334|334|4
3|CANADA|13|3|19572.47|0.06|13|18562|18562|334|334|4
9|INDONESIA|23|9|4785.16|0.02|23|18562|18562|334|334|4
8|INDIA|12|8|2170.36|0.05|12|18562|18562|334|334|4
4|EGYPT|67|4|8836.52|0.0|67|18562|18562|334|334|4
16|MOZAMBIQUE|30|16|21659.4|0.07|30|36385|36385|334|334|4
