31705.29|0.01|26372
66032.09|0.02|26240
32222.58|0.09|37350
42126.63|0.0|1825
17911.62|0.09|28165
22472.0|0.05|26053
4709.08|0.0|2914
1692.79|0.01|14470
10274.33|0.06|28451
76904.96|0.07|2628
6832.3|0.09|29287
28590.4|0.1|29287
70259.72|0.06|33060
75343.38|0.1|16032
45559.21|0.02|27142
32710.0|0.09|34182
30007.5|0.0|18595
42517.02|0.04|28165
28665.82|0.07|28033
15286.65|0.08|26372
52807.44|0.0|37185
60750.22|0.03|19783
7785.47|0.07|13282
45820.14|0.06|34083
20635.67|0.09|16197
9509.15|0.0|39682
50598.21|0.07|15075
64969.08|0.05|29056
47280.09|0.08|17286
26549.12|0.1|4806
18073.72|0.09|28000
17478.04|0.04|14052
39660.47|0.04|16032
82837.5|0.01|28231
44394.0|0.07|39143
21532.95|0.05|38340
51769.08|0.09|23270
40172.44|0.0|16197
82702.94|0.01|19046
15394.39|0.07|32070
13235.43|0.02|45380
15652.8|0.0|15361
17262.36|0.04|18177
10009.89|0.06|16098
4785.16|0.05|39143
33972.68|0.0|24260
58358.16|0.0|34083
11843.13|0.05|46183
40716.69|0.04|17440
43651.96|0.0|12160
3764.16|0.01|26691
55310.0|0.07|47173
24216.84|0.07|16230
15486.8|0.09|17088
30818.76|0.08|1539
21121.1|0.04|29441
39114.24|0.08|27175
58472.55|0.06|46183
15356.64|0.03|21191
6330.9|0.04|41090
50804.25|0.02|28550
31383.44|0.05|2914
41624.4|0.1|291
71601.6|0.0|29155
20325.76|0.02|32070
28815.59|0.08|17187
17013.45|0.02|12292
980.07|0.04|10081
10523.28|0.04|34083
2360.56|0.06|18496
61777.36|0.07|19365
54023.05|0.06|28231
26199.9|0.07|2848
47188.69|0.02|29155
21825.98|0.09|27780
42136.46|0.04|28451
24830.46|0.02|35590
50132.88|0.03|19684
52508.87|0.0|41090
32353.2|0.06|35590
18271.5|0.03|18210
38664.64|0.02|33060
36207.27|0.0|26691
67031.52|0.05|15141
43095.9|0.09|14272
38155.8|0.09|27461
7027.4|0.07|28451
27896.82|0.05|16230
40952.94|0.02|29287
22157.8|0.02|27780
62238.44|0.01|2848
23737.46|0.06|19431
984.08|0.08|19332
45354.2|0.05|28165
34486.92|0.05|17187
22935.99|0.01|35040
1059.15|0.09|15075
19001.71|0.08|291
23147.89|0.1|26053
38059.25|0.03|47360
8184.82|0.02|4707
9075.66|0.0|17187
46942.54|0.02|10081
60089.68|0.04|26372
65469.2|0.03|26053
5497.88|0.02|26240
1753.85|0.08|13282
29310.16|0.0|18496
51097.46|0.06|26240
36929.33|0.03|16098
53418.82|0.09|16098
65862.42|0.05|28550
16264.27|0.09|39143
22804.8|0.05|47173
47627.3|0.07|35040
35149.44|0.0|39330
56509.25|0.08|14371
4363.65|0.02|35590
33159.84|0.08|33060
13217.04|0.05|4839
39792.25|0.07|38087
23297.99|0.06|26372
50748.06|0.02|18980
32283.09|0.03|29056
20422.1|0.07|19783
29093.24|0.07|29056
41265.45|0.1|19332
27849.8|0.09|18595
54129.6|0.09|28033
32201.01|0.07|4839
74129.0|0.08|45380
29016.93|0.1|28198
72597.42|0.0|45380
55409.45|0.01|29474
2616.8|0.01|18023
17602.9|0.02|24260
10667.44|0.07|36294
1343.44|0.03|27142
16775.64|0.06|2914
54814.5|0.07|16164
8120.88|0.0|28033
82687.5|0.04|29441
14931.95|0.0|29056
4060.35|0.04|39682
31264.2|0.07|18496
44070.3|0.04|1506
42582.0|0.02|34182
28905.87|0.06|29441
10083.78|0.09|1539
38262.42|0.03|47041
7219.6|0.04|18023
9040.0|0.02|19299
5105.4|0.1|12160
41978.66|0.08|27362
42848.08|0.05|1825
70121.39|0.03|37185
41228.64|0.05|4608
35526.4|0.0|45380
20076.45|0.08|29991
8685.24|0.01|39297
71976.5|0.05|29287
4985.36|0.07|1506
41559.14|0.0|1506
61230.6|0.09|14085
6558.92|0.08|38087
14640.16|0.07|45380
50816.06|0.02|13282
36976.32|0.04|28451
46712.82|0.05|12292
10415.25|0.01|12160
42965.82|0.09|32070
44117.97|0.0|18980
49916.13|0.02|19299
30751.3|0.08|18177
9682.26|0.0|15141
47407.17|0.1|19398
5622.0|0.0|19233
55544.85|0.03|27076
24812.46|0.06|4839
62967.5|0.0|17440
8297.04|0.09|34083
45540.62|0.04|47360
9199.08|0.05|28165
18109.8|0.04|18595
31441.22|0.09|16032
42484.57|0.06|28033
92647.5|0.1|14085
13040.72|0.05|26372
33732.14|0.08|16230
38585.58|0.01|19431
9090.99|0.02|39110
37769.82|0.02|15141
61064.8|0.1|16230
17027.91|0.0|18980
38381.1|0.08|4608
35160.42|0.09|14085
6702.15|0.1|29991
36306.6|0.06|29056
51800.16|0.04|28198
15405.5|0.06|23270
30132.76|0.09|24480
14235.2|0.02|35392
29287.68|0.04|27142
46579.83|0.1|17286
3639.82|0.01|29892
32840.37|0.01|19684
16592.81|0.01|39330
49300.82|0.05|1506
57844.76|0.04|29287
23416.53|0.02|17286
42797.25|0.1|28451
48529.26|0.02|24260
59390.4|0.07|24260
40628.08|0.0|17671
60689.28|0.03|28033
52633.24|0.06|17891
65203.6|0.02|29991
56681.68|0.07|24161
40242.48|0.05|29188
63894.15|0.09|26240
41405.2|0.09|44390
16559.19|0.01|39297
21503.4|0.05|19431
58442.58|0.09|39110
24451.75|0.02|4839
5153.52|0.02|38021
13343.22|0.04|39495
16913.93|0.1|18177
62546.4|0.09|39044
20217.76|0.05|18210
10860.0|0.09|27076
33555.4|0.0|14470
14135.1|0.07|39495
39042.9|0.03|29991
39857.18|0.05|19783
25046.82|0.09|18595
40255.56|0.07|37185
85488.77|0.01|18210
41921.55|0.04|44071
47246.76|0.1|23270
22525.0|0.01|26691
8969.45|0.01|26240
32515.38|0.0|25184
49069.24|0.07|38791
47589.3|0.05|19750
21893.25|0.05|1506
52732.33|0.02|19299
37728.32|0.1|14470
14603.96|0.08|33060
54882.96|0.09|17187
11622.51|0.05|39011
33003.3|0.02|17440
79758.28|0.04|28451
20466.9|0.09|35040
43035.9|0.1|19398
25503.5|0.08|37284
14370.4|0.1|28451
17106.56|0.06|14371
