11672.6|0.1|32228
51469.35|0.07|15618
37481.04|0.08|10789
17307.87|0.05|9057
16142.55|0.08|11108
17499.38|0.04|9860
56476.63|0.04|3040
14065.0|0.02|12868
22940.48|0.01|32800
1384.48|0.04|40005
19789.14|0.03|10118
15707.9|0.03|28928
29880.24|0.05|44966
4504.88|0.01|5031
5702.08|0.1|16839
85889.65|0.04|42403
16416.18|0.05|42755
20229.76|0.08|23648
11712.84|0.1|14727
46699.0|0.03|44647
54970.08|0.02|20931
55932.48|0.06|8452
12469.32|0.08|33537
6720.42|0.06|33922
32683.28|0.09|43712
3936.32|0.09|15904
22558.32|0.09|18819
35833.62|0.05|47617
28283.08|0.03|20359
25496.85|0.02|12868
10621.6|0.02|41446
66178.14|0.1|34626
13994.9|0.1|42117
33677.7|0.0|8353
38436.65|0.07|9057
9762.48|0.09|26629
13154.1|0.08|20931
51986.25|0.08|12417
37890.25|0.06|7297
20752.2|0.04|42117
31427.44|0.1|4195
41630.37|0.03|39939
60369.84|0.1|8551
26614.26|0.03|12736
38291.48|0.06|26629
63307.2|0.08|8001
17811.36|0.01|4294
12441.65|0.03|3172
21561.54|0.08|37926
54625.91|0.01|24869
29536.64|0.0|35715
48931.48|0.03|40962
63166.24|0.08|41633
5724.3|0.03|31876
33570.18|0.02|23329
30906.0|0.07|6560
45484.14|0.04|40005
18460.4|0.02|4096
42094.95|0.06|36804
60175.24|0.09|515
36424.64|0.05|40005
53473.64|0.03|20128
39075.05|0.0|41765
2604.8|0.1|30820
65937.96|0.03|32800
38932.95|0.09|44614
53258.0|0.06|11779
50396.92|0.01|41831
11043.84|0.08|44614
53073.34|0.01|36705
18416.16|0.08|3040
47958.75|0.02|36705
43595.12|0.02|24737
2050.24|0.0|8452
22940.48|0.07|4096
25135.69|0.02|38949
35078.08|0.01|10019
55284.69|0.05|11911
55308.48|0.04|35814
8649.54|0.07|9057
13514.4|0.07|31139
46628.82|0.0|12901
14953.95|0.0|515
30543.21|0.03|44900
69610.32|0.0|41765
5786.25|0.05|9123
27217.96|0.03|41446
31879.98|0.05|33702
4447.74|0.06|35968
35423.85|0.04|42722
33124.96|0.03|40258
62365.8|0.05|34406
20842.2|0.05|20964
66760.54|0.02|44229
3405.6|0.07|41831
35733.95|0.01|32228
18455.47|0.01|37959
45188.84|0.03|31139
61265.2|0.0|23329
22143.52|0.02|7297
58318.48|0.07|30754
6430.8|0.07|30886
60103.84|0.1|8133
41014.2|0.0|22119
930.03|0.07|44768
45601.92|0.1|8551
25407.2|0.09|32965
6218.6|0.02|4261
31758.44|0.06|30402
31559.0|0.03|12417
16848.54|0.09|7363
37949.4|0.06|834
41900.8|0.1|40258
33522.0|0.1|43844
4384.68|0.09|28928
22103.68|0.02|30754
15164.52|0.1|35814
34274.1|0.05|33218
72544.56|0.1|8452
7362.85|0.0|43745
24326.75|0.1|31744
13014.3|0.01|34659
14625.6|0.04|45604
11724.48|0.07|1060
32159.5|0.07|11911
58651.73|0.02|33317
19621.12|0.08|40225
29775.9|0.06|8001
20809.1|0.02|9893
11821.46|0.08|20579
21252.46|0.08|6560
48892.54|0.01|12736
24441.22|0.05|43877
47826.88|0.04|7044
24055.74|0.09|33922
43609.84|0.01|20227
54441.42|0.09|12736
64592.02|0.04|23329
57684.04|0.07|44933
32509.75|0.07|25507
7070.7|0.04|41765
27989.8|0.0|47617
16325.4|0.09|34659
28894.4|0.0|8034
65585.52|0.01|900
32675.84|0.02|11779
57830.5|0.04|20964
39333.36|0.1|416
4249.53|0.09|44768
79295.72|0.04|8452
40747.84|0.07|44614
43636.5|0.02|8320
45414.45|0.01|14529
36895.25|0.05|8034
50921.46|0.0|46407
15097.17|0.07|42469
46966.32|0.08|14309
28674.66|0.02|20711
26515.86|0.08|11427
32585.0|0.06|34659
39840.9|0.04|12901
31926.72|0.0|41798
83623.86|0.0|8001
33734.54|0.02|27938
27467.07|0.05|46627
43610.19|0.02|40962
14643.72|0.03|20579
29760.96|0.06|9794
29907.9|0.08|28928
34178.91|0.09|42436
15332.66|0.03|8320
73090.97|0.1|46528
5120.6|0.05|33537
1483.58|0.02|27938
55674.56|0.09|9794
68559.15|0.05|4294
12181.39|0.02|8034
33867.06|0.07|25507
13690.95|0.03|32932
33917.1|0.06|44999
36788.85|0.07|35616
13358.52|0.06|42403
54582.48|0.06|34406
44699.35|0.08|30149
14225.2|0.07|14309
38117.89|0.01|41347
33676.54|0.09|13825
30545.55|0.0|614
26356.56|0.03|31238
8163.65|0.01|20711
25786.35|0.02|2182
34352.0|0.05|22757
28851.02|0.03|9156
40062.32|0.06|10624
82211.4|0.01|44647
7437.9|0.04|13825
24165.84|0.01|21888
28169.55|0.01|42403
39102.16|0.04|6791
24073.74|0.05|46979
18199.98|0.01|20645
52329.12|0.1|6373
19895.66|0.05|10976
13533.52|0.0|33922
12992.28|0.05|44647
7271.64|0.1|6373
45188.84|0.01|31238
15844.51|0.02|30336
16914.0|0.07|44966
6622.28|0.0|9123
56493.06|0.0|24418
31723.02|0.01|20931
42308.64|0.05|46726
33646.53|0.1|13825
27385.96|0.08|3172
51941.25|0.07|41446
18635.23|0.0|30215
12233.52|0.1|801
14495.4|0.0|46627
17811.36|0.02|30567
7533.0|0.05|40258
14190.6|0.03|9860
44853.22|0.01|8067
47931.68|0.07|23428
67256.55|0.06|42887
34272.72|0.03|11779
66896.1|0.01|801
10043.11|0.03|31139
30680.88|0.02|21415
34140.91|0.07|23329
35529.24|0.02|5350
26145.9|0.0|41798
32892.67|0.05|45219
27689.6|0.02|8001
11075.64|0.05|33889
34277.44|0.1|31238
42986.74|0.07|23329
31155.18|0.04|15618
16548.0|0.05|11779
10441.4|0.08|3040
28951.2|0.0|44768
50594.34|0.08|14727
6501.95|0.06|1280
33159.62|0.0|15904
26178.5|0.01|8320
4869.24|0.05|15937
35138.52|0.01|41732
66806.1|0.0|30215
48157.65|0.06|8672
38430.48|0.07|21415
69577.92|0.06|18819
8994.45|0.1|8001
10385.06|0.08|41633
32096.27|0.08|20579
1340.43|0.03|70
44271.75|0.04|515
2935.12|0.07|41666
69561.53|0.1|34439
27791.82|0.0|31106
37726.92|0.03|229
47056.68|0.06|22119
36482.28|0.08|35968
10892.79|0.09|6373
19781.06|0.08|10976
51613.38|0.04|43206
16132.16|0.02|33537
46445.85|0.01|47617
75673.55|0.1|9541
53603.4|0.03|30149
42829.36|0.02|229
22152.48|0.07|42304
79371.6|0.01|40225
16866.54|0.01|24902
89694.5|0.06|8870
25002.54|0.1|10976
38975.58|0.1|35847
28686.96|0.03|20964
23569.2|0.04|33218
61118.33|0.02|4294
89028.59|0.03|32327
54531.75|0.0|33702
4261.53|0.05|2182
28520.31|0.07|40775
86491.2|0.07|35847
35112.26|0.04|44867
51210.72|0.05|42436
37359.6|0.03|41666
41591.55|0.0|45219
28422.94|0.06|40643
33327.96|0.08|11878
20457.71|0.06|34406
1034.13|0.0|40676
3952.23|0.02|229
38647.0|0.04|7462
27202.87|0.09|33603
51992.64|0.05|15618
28282.8|0.06|14529
35526.4|0.04|32899
17955.76|0.08|22625
17448.76|0.09|20359
50364.45|0.05|24902
30608.0|0.0|3073
34084.68|0.06|31106
20798.12|0.04|33537
42892.25|0.08|21602
46151.0|0.04|47617
8451.0|0.05|1280
43936.8|0.08|614
11295.97|0.04|14529
19909.44|0.07|2050
39403.2|0.09|41952
19169.41|0.1|28807
53966.35|0.06|11108
32613.1|0.09|12736
38750.91|0.07|21921
36309.0|0.05|8133
56023.16|0.02|2182
6951.63|0.07|12934
9757.62|0.0|20513
46619.74|0.05|3172
25844.56|0.01|32327
2961.24|0.03|31238
37228.0|0.0|4580
51391.66|0.04|12901
31749.48|0.1|30369
15809.08|0.09|3073
20136.6|0.04|34626
3107.3|0.02|41633
54706.96|0.06|20964
72836.8|0.05|46726
27084.88|0.09|8551
30441.04|0.01|20128
24287.62|0.05|12516
3417.69|0.06|42722
52109.42|0.01|12934
18067.52|0.04|24902
23529.9|0.09|30468
69457.99|0.07|35814
27069.64|0.04|40775
46855.59|0.0|4162
32964.16|0.04|30820
23256.8|0.07|3073
23065.44|0.0|11108
7252.91|0.03|7495
16957.2|0.1|7495
23439.53|0.06|22625
25220.98|0.04|32932
21919.46|0.07|24869
17607.85|0.02|8771
8023.68|0.08|10789
32802.65|0.03|9893
33015.0|0.05|11427
41970.63|0.09|3073
37352.32|0.01|23428
47582.66|0.06|34406
71972.12|0.0|23648
41354.1|0.03|32327
20524.32|0.02|44614
43210.2|0.08|44900
36471.96|0.07|23428
62717.65|0.01|24737
56944.83|0.02|20007
43262.62|0.08|40258
1326.42|0.09|44933
3700.08|0.08|11108
7758.25|0.05|40005
54121.04|0.1|31810
46232.31|0.0|6560
35733.95|0.02|8870
72412.8|0.01|9057
34456.62|0.03|24737
10859.6|0.09|21217
58667.02|0.02|33702
9682.48|0.07|12967
65338.07|0.08|16806
44380.98|0.05|6560
39073.72|0.03|12516
12577.68|0.04|44966
41624.4|0.06|47815
67893.38|0.02|30402
5666.94|0.09|16806
24987.56|0.06|1060
33060.16|0.07|18819
48904.2|0.02|41633
39733.05|0.0|35968
56724.12|0.02|46627
31393.2|0.02|229
8802.63|0.0|10789
6331.8|0.02|19908
17968.9|0.06|37926
15364.56|0.07|30215
11316.08|0.03|70
36083.61|0.0|30215
39485.46|0.08|8353
35348.61|0.06|8133
39718.12|0.1|15904
28179.0|0.03|45989
45299.84|0.04|20832
23945.8|0.06|24737
29432.2|0.04|8034
33461.91|0.0|34439
11760.84|0.0|40544
10174.85|0.1|31744
85004.1|0.02|24737
60923.66|0.05|31744
11562.5|0.05|4580
11779.46|0.06|7297
79295.72|0.06|42722
23288.8|0.08|7044
7062.55|0.03|12934
44336.73|0.09|70
20531.84|0.04|33702
37023.36|0.04|21888
39550.84|0.07|20546
4348.62|0.06|20964
49929.28|0.0|999
52218.88|0.08|14309
44262.73|0.0|40544
44080.16|0.09|15937
41018.5|0.09|46627
31984.25|0.1|2050
39271.26|0.01|34978
62854.88|0.04|5350
50505.0|0.09|25507
3141.42|0.03|999
28682.4|0.05|20546
3283.48|0.1|35715
23875.56|0.09|3271
39353.85|0.09|33889
62572.05|0.1|6560
35605.92|0.04|41798
29471.74|0.06|47815
12553.64|0.03|10019
46970.32|0.0|999
16763.36|0.1|11713
17719.2|0.06|11328
21991.52|0.08|40775
43320.75|0.0|38817
50600.36|0.04|229
39543.57|0.05|43206
41708.64|0.1|5031
34273.8|0.09|7297
30369.28|0.01|515
54759.5|0.07|31106
67030.56|0.09|1060
29609.74|0.02|933
24233.84|0.04|27938
49187.08|0.07|8133
39562.56|0.01|34659
15057.25|0.03|1280
2458.64|0.07|41732
3886.17|0.07|4261
44664.36|0.06|22625
22904.48|0.07|12769
80292.96|0.1|12736
67072.0|0.02|10019
35538.0|0.1|32800
7415.8|0.1|47815
50485.99|0.09|3073
12802.68|0.0|1280
26948.43|0.02|933
7988.68|0.08|5350
15577.77|0.06|10657
6076.55|0.01|19908
53561.64|0.1|38949
52868.16|0.01|10305
46558.6|0.1|42403
42941.64|0.0|40610
40411.03|0.07|2083
55667.64|0.04|41347
3888.28|0.06|32327
67070.8|0.01|9794
63716.16|0.1|8771
9145.92|0.07|6241
46345.68|0.04|4261
32748.76|0.05|41666
47652.6|0.0|47617
20591.67|0.03|14727
31630.44|0.1|34659
74013.3|0.07|44999
19247.54|0.01|34208
28642.82|0.1|6241
16380.0|0.03|8551
41694.0|0.02|36705
13244.56|0.09|4195
19741.93|0.07|28928
35870.16|0.03|900
84544.78|0.01|30336
66070.4|0.08|9794
32359.75|0.07|416
38007.9|0.08|40610
38104.56|0.01|44768
27100.64|0.02|33889
3102.39|0.02|32998
44696.85|0.02|11911
23405.4|0.0|40258
19506.0|0.02|5031
55087.89|0.03|4580
20808.61|0.0|11108
59052.22|0.02|4294
25254.86|0.04|40610
11112.24|0.06|42304
18772.32|0.1|44768
49761.75|0.06|43426
26905.56|0.1|35847
40149.92|0.03|38949
20890.08|0.02|22757
35944.48|0.06|26629
41420.48|0.06|43745
36038.4|0.06|39939
31593.84|0.07|1280
5726.2|0.04|20128
55827.9|0.09|43426
21505.69|0.09|42887
54968.52|0.07|35847
28002.51|0.05|33218
22392.72|0.05|11427
47405.75|0.09|12516
41535.7|0.05|38817
48562.5|0.01|11427
45392.32|0.01|33889
6965.63|0.06|26816
30633.6|0.09|26629
36589.78|0.06|32899
36956.73|0.06|20513
21423.4|0.04|45989
27579.45|0.01|4195
15896.8|0.03|3073
9762.48|0.07|40357
62892.23|0.02|30336
33182.96|0.01|33317
