14|KENYA|48|14|19117.28|0.02|48|13446|13446|388|388|7
8|INDIA|12|8|28607.26|0.02|12|13446|13446|388|388|7
4|EGYPT|22|4|7063.7|0.05|22|29539|29539|388|388|7
21|VIETNAM|26|21|53685.28|0.06|26|29539|29539|388|388|7
8|INDIA|39|8|25987.8|0.0|39|29539|29539|388|388|7
22|RUSSIA|16|22|12928.77|0.09|16|679|679|388|388|7
10|IRAN|9|10|27029.28|0.03|9|22208|22208|388|388|7
1|ARGENTINA|3|1|12353.3|0.01|3|22208|22208|388|388|7
4|EGYPT|69|4|42453.72|0.01|69|1220|1220|388|388|7
16|MOZAMBIQUE|56|16|3585.87|0.08|56|1220|1220|388|388|7
2|BRAZIL|21|2|31333.75|0.1|21|1220|1220|388|388|7
18|CHINA|41|18|32309.75|0.03|41|1220|1220|388|388|7
1|ARGENTINA|3|1|33913.44|0.07|3|1220|1220|388|388|7
22|RUSSIA|40|22|85866.24|0.01|40|38854|38854|388|388|7
0|ALGERIA|37|0|2780.98|0.04|37|38854|38854|388|388|7
14|KENYA|47|14|46249.7|0.05|47|38854|38854|388|388|7
21|VIETNAM|35|21|25907.8|0.09|35|38854|38854|388|388|7
5|ETHIOPIA|78|5|74250.12|0.1|78|38854|38854|388|388|7
16|MOZAMBIQUE|73|16|60608.68|0.04|73|33124|33124|410|410|7
24|UNITED STATES|49|24|58525.44|0.1|49|33124|33124|410|410|7
5|ETHIOPIA|78|5|57525.6|0.02|78|9027|9027|410|410|7
4|EGYPT|38|4|37324.95|0.0|38|9027|9027|410|410|7
5|ETHIOPIA|63|5|38993.28|0.05|63|9027|9027|410|410|7
1|ARGENTINA|71|1|48980.16|0.02|71|37891|37891|410|410|7
6|FRANCE|70|6|57547.23|0.08|70|37891|37891|410|410|7
1|ARGENTINA|29|1|6496.14|0.03|29|37891|37891|410|410|7
22|RUSSIA|65|22|64028.0|0.01|65|37891|37891|410|410|7
16|MOZAMBIQUE|30|16|71451.84|0.09|30|37891|37891|410|410|7
1|ARGENTINA|3|1|29786.4|0.04|3|37891|37891|410|410|7
19|ROMANIA|62|19|41804.66|0.0|62|18821|18821|410|410|7
7|GERMANY|77|7|45414.45|0.07|77|18821|18821|410|410|7
22|RUSSIA|25|22|29652.54|0.01|25|18821|18821|410|410|7
3|CANADA|13|3|24006.18|0.09|13|18821|18821|410|410|7
7|GERMANY|53|7|15047.84|0.01|53|18821|18821|410|410|7
1|ARGENTINA|3|1|81040.5|0.08|3|18821|18821|410|410|7
6|FRANCE|70|6|25084.69|0.07|70|3558|3558|212|212|7
16|MOZAMBIQUE|58|16|27357.96|0.02|58|3558|3558|212|212|7
13|JORDAN|36|13|42986.74|0.03|36|3558|3558|212|212|7
3|CANADA|13|3|35765.84|0.06|13|3558|3558|212|212|7
24|UNITED STATES|49|24|4180.47|0.03|49|3558|3558|212|212|7
19|ROMANIA|52|19|12733.52|0.01|52|3558|3558|212|212|7
18|CHINA|72|18|23765.6|0.09|72|27809|27809|212|212|7
4|EGYPT|22|4|13099.95|0.04|22|32549|32549|212|212|7
1|ARGENTINA|71|1|12003.09|0.09|71|32549|32549|212|212|7
8|INDIA|15|8|54272.75|0.02|15|32549|32549|212|212|7
21|VIETNAM|35|21|25534.6|0.06|35|32549|32549|212|212|7
12|JAPAN|54|12|20037.78|0.02|54|32549|32549|212|212|7
24|UNITED STATES|10|24|46051.3|0.05|10|32549|32549|212|212|7
22|RUSSIA|16|22|51456.99|0.1|16|32549|32549|212|212|7
17|PERU|1|17|30906.0|0.0|1|11072|11072|212|212|7
11|IRAQ|5|11|32341.09|0.01|5|11072|11072|212|212|7
18|CHINA|11|18|38596.18|0.04|11|11072|11072|212|212|7
9|INDONESIA|23|9|23797.83|0.06|23|11072|11072|212|212|7
1|ARGENTINA|29|1|45505.92|0.03|29|11072|11072|212|212|7
15|MOROCCO|14|15|21751.1|0.02|14|41185|41185|212|212|7
21|VIETNAM|68|21|52690.39|0.02|68|41185|41185|212|212|7
18|CHINA|27|18|14062.07|0.03|27|41185|41185|212|212|7
7|GERMANY|53|7|26813.43|0.04|53|41185|41185|212|212|7
16|MOZAMBIQUE|30|16|6156.72|0.1|30|41185|41185|212|212|7
21|VIETNAM|26|21|10991.9|0.02|26|26723|26723|454|454|7
13|JORDAN|36|13|13398.7|0.01|36|26723|26723|454|454|7
1|ARGENTINA|29|1|53308.0|0.08|29|26723|26723|454|454|7
22|RUSSIA|65|22|29568.64|0.09|65|26723|26723|454|454|7
3|CANADA|20|3|10861.8|0.06|20|26723|26723|454|454|7
14|KENYA|48|14|9526.08|0.02|48|30849|30849|454|454|7
22|RUSSIA|25|22|46414.5|0.03|25|30849|30849|454|454|7
4|EGYPT|69|4|50742.0|0.08|69|30849|30849|454|454|7
16|MOZAMBIQUE|18|16|36114.86|0.09|18|30849|30849|454|454|7
4|EGYPT|38|4|26407.89|0.03|38|30849|30849|454|454|7
0|ALGERIA|24|0|47630.4|0.07|24|21568|21568|454|454|7
12|JAPAN|43|12|34146.9|0.0|43|45956|45956|454|454|7
4|EGYPT|22|4|58582.92|0.01|22|35525|35525|454|454|7
1|ARGENTINA|71|1|5501.88|0.04|71|35525|35525|454|454|7
8|INDIA|15|8|50325.21|0.0|15|35525|35525|454|454|7
2|BRAZIL|21|2|50853.94|0.07|21|35525|35525|454|454|7
14|KENYA|6|14|26979.25|0.06|6|15076|15076|454|454|7
7|GERMANY|44|7|56131.63|0.02|44|15264|15264|454|454|7
18|CHINA|72|18|36372.6|0.02|72|15264|15264|454|454|7
14|KENYA|76|14|22563.94|0.02|76|15264|15264|454|454|7
4|EGYPT|38|4|8964.81|0.06|38|15264|15264|454|454|7
18|CHINA|41|18|11343.24|0.0|41|15264|15264|454|454|7
6|FRANCE|70|6|46448.16|0.1|70|45991|45991|454|454|7
17|PERU|59|17|37943.6|0.1|59|45991|45991|454|454|7
21|VIETNAM|26|21|31685.72|0.09|26|45991|45991|454|454|7
16|MOZAMBIQUE|31|16|10448.13|0.0|31|45991|45991|454|454|7
5|ETHIOPIA|2|5|34518.54|0.02|2|45991|45991|454|454|7
8|INDIA|60|8|58190.88|0.08|60|25664|25664|454|454|7
22|RUSSIA|16|22|70923.36|0.1|16|25664|25664|454|454|7
7|GERMANY|44|7|1040.14|0.1|44|10177|10177|454|454|7
4|EGYPT|69|4|43548.56|0.03|69|10177|10177|454|454|7
15|MOROCCO|4|15|59230.4|0.07|4|10177|10177|454|454|7
16|MOZAMBIQUE|31|16|68583.57|0.02|31|10177|10177|454|454|7
16|MOZAMBIQUE|30|16|42315.44|0.05|30|10177|10177|454|454|7
19|ROMANIA|62|19|47045.7|0.05|62|7846|7846|397|397|7
24|UNITED STATES|55|24|20366.58|0.05|55|7846|7846|397|397|7
8|INDIA|61|8|2482.68|0.01|61|7846|7846|397|397|7
21|VIETNAM|26|21|32354.2|0.01|26|7846|7846|397|397|7
24|UNITED STATES|64|24|12690.37|0.08|64|7846|7846|397|397|7
9|INDONESIA|51|9|13766.56|0.02|51|4931|4931|397|397|7
21|VIETNAM|26|21|20922.8|0.09|26|4931|4931|397|397|7
0|ALGERIA|24|0|1446.54|0.08|24|4931|4931|397|397|7
17|PERU|1|17|26290.08|0.04|1|47878|47878|397|397|7
9|INDONESIA|45|9|2048.24|0.04|45|47878|47878|397|397|7
16|MOZAMBIQUE|18|16|17000.34|0.03|18|47878|47878|397|397|7
18|CHINA|75|18|85740.5|0.02|75|47878|47878|397|397|7
14|KENYA|79|14|56844.9|0.07|79|23426|23426|397|397|7
3|CANADA|13|3|34404.72|0.04|13|23426|23426|397|397|7
9|INDONESIA|45|9|3469.66|0.09|45|23426|23426|397|397|7
9|INDONESIA|23|9|32459.75|0.05|23|23426|23426|397|397|7
12|JAPAN|54|12|6811.49|0.1|54|23426|23426|397|397|7
7|GERMANY|53|7|32291.0|0.02|53|23426|23426|397|397|7
3|CANADA|20|3|28771.5|0.05|20|33030|33030|397|397|7
17|PERU|8|17|55331.22|0.05|8|37222|37222|397|397|7
16|MOZAMBIQUE|18|16|38841.94|0.1|18|37222|37222|397|397|7
8|INDIA|39|8|52001.48|0.05|39|37222|37222|397|397|7
5|ETHIOPIA|2|5|16380.0|0.06|2|37222|37222|397|397|7
17|PERU|59|17|35210.52|0.05|59|38246|38246|397|397|7
14|KENYA|47|14|8030.68|0.05|47|38246|38246|397|397|7
22|RUSSIA|25|22|10604.66|0.06|25|38246|38246|397|397|7
0|ALGERIA|28|0|6328.0|0.0|28|38246|38246|397|397|7
5|ETHIOPIA|78|5|26122.71|0.08|78|24642|24642|397|397|7
24|UNITED STATES|19|24|42015.0|0.04|19|24642|24642|397|397|7
16|MOZAMBIQUE|31|16|55282.89|0.03|31|24642|24642|397|397|7
21|VIETNAM|80|21|52688.16|0.09|80|23202|23202|161|161|7
7|GERMANY|44|7|47083.68|0.0|44|23202|23202|161|161|7
12|JAPAN|43|12|44322.6|0.04|43|23202|23202|161|161|7
7|GERMANY|53|7|61073.76|0.07|53|23202|23202|161|161|7
7|GERMANY|77|7|5085.55|0.07|77|33601|33601|161|161|7
15|MOROCCO|4|15|19748.88|0.01|4|33601|33601|161|161|7
24|UNITED STATES|64|24|85139.55|0.08|64|33601|33601|161|161|7
23|UNITED KINGDOM|66|23|18099.68|0.1|66|47586|47586|161|161|7
4|EGYPT|67|4|44633.1|0.03|67|47586|47586|161|161|7
10|IRAN|34|10|9060.73|0.02|34|47586|47586|161|161|7
15|MOROCCO|4|15|55286.04|0.02|4|47586|47586|161|161|7
12|JAPAN|54|12|41466.7|0.1|54|47586|47586|161|161|7
19|ROMANIA|17|19|66818.52|0.04|17|47586|47586|161|161|7
15|MOROCCO|14|15|47986.88|0.02|14|23973|23973|283|283|7
3|CANADA|13|3|45649.67|0.06|13|23973|23973|283|283|7
14|KENYA|76|14|27833.82|0.03|76|23973|23973|283|283|7
16|MOZAMBIQUE|30|16|70915.44|0.0|30|42627|42627|283|283|7
4|EGYPT|69|4|16031.68|0.09|69|14466|14466|283|283|7
17|PERU|1|17|54276.35|0.08|1|4833|4833|1055|1055|7
16|MOZAMBIQUE|58|16|26965.38|0.08|58|4833|4833|1055|1055|7
22|RUSSIA|25|22|4701.08|0.1|25|4833|4833|1055|1055|7
24|UNITED STATES|10|24|22482.32|0.07|10|4833|4833|1055|1055|7
5|ETHIOPIA|63|5|20129.12|0.03|63|4833|4833|1055|1055|7
4|EGYPT|22|4|9290.08|0.09|22|4227|4227|1055|1055|7
7|GERMANY|33|7|2993.18|0.02|33|4227|4227|1055|1055|7
15|MOROCCO|14|15|22025.75|0.01|14|4227|4227|1055|1055|7
5|ETHIOPIA|78|5|52732.33|0.05|78|4227|4227|1055|1055|7
4|EGYPT|38|4|16473.49|0.1|38|4227|4227|1055|1055|7
8|INDIA|60|8|64869.3|0.05|60|35523|35523|1055|1055|7
24|UNITED STATES|46|24|44768.4|0.03|46|11555|11555|1055|1055|7
23|UNITED KINGDOM|32|23|47522.17|0.09|32|11555|11555|1055|1055|7
4|EGYPT|38|4|52687.76|0.04|38|11555|11555|1055|1055|7
24|UNITED STATES|64|24|60628.68|0.01|64|11555|11555|1055|1055|7
20|SAUDI ARABIA|74|20|22055.52|0.04|74|11555|11555|1055|1055|7
17|PERU|8|17|22201.4|0.08|8|20516|20516|1055|1055|7
8|INDIA|15|8|26155.68|0.08|15|20516|20516|1055|1055|7
18|CHINA|27|18|5946.32|0.04|27|20516|20516|1055|1055|7
18|CHINA|11|18|20158.45|0.09|11|16771|16771|1055|1055|7
23|UNITED KINGDOM|66|23|3648.93|0.06|66|35909|35909|1043|1043|7
14|KENYA|47|14|69873.6|0.06|47|35909|35909|1043|1043|7
17|PERU|57|17|81818.24|0.02|57|35909|35909|1043|1043|7
12|JAPAN|43|12|31383.44|0.0|43|35909|35909|1043|1043|7
24|UNITED STATES|46|24|34373.12|0.09|46|4484|4484|1043|1043|7
4|EGYPT|69|4|22771.84|0.03|69|12290|12290|1043|1043|7
24|UNITED STATES|10|24|60482.17|0.07|10|12290|12290|1043|1043|7
23|UNITED KINGDOM|32|23|68623.5|0.07|32|26532|26532|1043|1043|7
15|MOROCCO|4|15|21056.23|0.04|4|29824|29824|1108|1108|7
18|CHINA|75|18|24669.41|0.07|75|29824|29824|1108|1108|7
14|KENYA|6|14|61429.78|0.0|6|24258|24258|1108|1108|7
17|PERU|1|17|53838.72|0.03|1|24258|24258|1108|1108|7
19|ROMANIA|62|19|40843.8|0.08|62|24258|24258|1108|1108|7
8|INDIA|15|8|52147.44|0.03|15|24258|24258|1108|1108|7
14|KENYA|79|14|59364.0|0.03|79|24258|24258|1108|1108|7
22|RUSSIA|16|22|35102.52|0.02|16|24258|24258|1108|1108|7
1|ARGENTINA|3|1|12823.51|0.1|3|24258|24258|1108|1108|7
16|MOZAMBIQUE|56|16|14067.24|0.05|56|1766|1766|1108|1108|7
18|CHINA|11|18|15248.52|0.09|11|27845|27845|1108|1108|7
13|JORDAN|36|13|3355.54|0.08|36|27845|27845|1108|1108|7
22|RUSSIA|42|22|14307.48|0.04|42|27845|27845|1108|1108|7
20|SAUDI ARABIA|74|20|74218.32|0.01|74|27845|27845|1108|1108|7
5|ETHIOPIA|63|5|30773.64|0.09|63|27845|27845|1108|1108|7
24|UNITED STATES|55|24|14038.8|0.01|55|25316|25316|1108|1108|7
21|VIETNAM|80|21|4147.44|0.03|80|613|613|1108|1108|7
10|IRAN|9|10|27569.24|0.06|9|613|613|1108|1108|7
4|EGYPT|69|4|9165.72|0.05|69|613|613|1108|1108|7
21|VIETNAM|68|21|8177.82|0.02|68|613|613|1108|1108|7
17|PERU|1|17|19384.08|0.01|1|3781|3781|1108|1108|7
8|INDIA|61|8|54658.5|0.1|61|3781|3781|1108|1108|7
22|RUSSIA|25|22|23485.76|0.09|25|3781|3781|1108|1108|7
12|JAPAN|54|12|17208.6|0.05|54|3781|3781|1108|1108|7
18|CHINA|27|18|48292.8|0.02|27|3781|3781|1108|1108|7
21|VIETNAM|80|21|33244.92|0.09|80|20646|20646|1108|1108|7
22|RUSSIA|40|22|26289.9|0.08|40|20646|20646|1108|1108|7
6|FRANCE|70|6|38273.76|0.1|70|20646|20646|1108|1108|7
17|PERU|57|17|63697.62|0.09|57|20646|20646|1108|1108|7
9|INDONESIA|45|9|39342.3|0.05|45|20646|20646|1108|1108|7
21|VIETNAM|80|21|44098.12|0.08|80|43110|43110|1108|1108|7
18|CHINA|11|18|21254.31|0.02|11|43110|43110|1108|1108|7
10|IRAN|9|10|11826.87|0.02|9|43110|43110|1108|1108|7
4|EGYPT|69|4|24266.2|0.08|69|43110|43110|1108|1108|7
24|UNITED STATES|10|24|16697.88|0.0|10|43110|43110|1108|1108|7
1|ARGENTINA|3|1|44291.88|0.01|3|43110|43110|1108|1108|7
14|KENYA|6|14|20614.32|0.04|6|354|354|1108|1108|7
23|UNITED KINGDOM|66|23|68273.0|0.08|66|354|354|1108|1108|7
13|JORDAN|36|13|50021.28|0.03|36|354|354|1108|1108|7
4|EGYPT|69|4|34861.2|0.01|69|354|354|1108|1108|7
14|KENYA|79|14|13132.42|0.01|79|354|354|1108|1108|7
22|RUSSIA|65|22|12283.95|0.06|65|354|354|1108|1108|7
2|BRAZIL|21|2|18149.46|0.08|21|354|354|1108|1108|7
11|IRAQ|5|11|25927.3|0.08|5|3911|3911|71|71|7
24|UNITED STATES|55|24|18039.0|0.07|55|3911|3911|71|71|7
21|VIETNAM|68|21|19556.64|0.1|68|3911|3911|71|71|7
18|CHINA|11|18|14150.18|0.08|11|19490|19490|71|71|7
4|EGYPT|67|4|7315.86|0.0|67|19490|19490|71|71|7
8|INDIA|12|8|41540.58|0.08|12|19490|19490|71|71|7
4|EGYPT|22|4|41894.95|0.07|22|14976|14976|71|71|7
22|RUSSIA|65|22|52987.99|0.05|65|14976|14976|71|71|7
12|JAPAN|54|12|37299.7|0.01|54|14976|14976|71|71|7
16|MOZAMBIQUE|30|16|21737.76|0.0|30|14976|14976|71|71|7
16|MOZAMBIQUE|30|16|13797.85|0.07|30|14976|14976|71|71|7
9|INDONESIA|51|9|11492.18|0.07|51|38311|38311|71|71|7
21|VIETNAM|26|21|30484.66|0.08|26|38311|38311|71|71|7
9|INDONESIA|45|9|23641.92|0.04|45|38311|38311|71|71|7
16|MOZAMBIQUE|56|16|34293.1|0.01|56|38311|38311|71|71|7
16|MOZAMBIQUE|18|16|25953.25|0.08|18|38311|38311|71|71|7
24|UNITED STATES|64|24|12531.53|0.06|64|38311|38311|71|71|7
21|VIETNAM|80|21|3719.9|0.07|80|774|774|637|637|7
14|KENYA|6|14|36862.12|0.02|6|774|774|637|637|7
8|INDIA|12|8|3087.36|0.1|12|774|774|637|637|7
9|INDONESIA|23|9|66809.54|0.08|23|774|774|637|637|7
18|CHINA|41|18|8160.96|0.0|41|774|774|637|637|7
5|ETHIOPIA|2|5|57702.04|0.09|2|774|774|637|637|7
14|KENYA|6|14|24666.24|0.0|6|28737|28737|637|637|7
11|IRAQ|5|11|28638.96|0.05|5|28737|28737|637|637|7
1|ARGENTINA|71|1|33095.96|0.0|71|28737|28737|637|637|7
10|IRAN|9|10|43911.81|0.03|9|28737|28737|637|637|7
21|VIETNAM|26|21|45012.24|0.02|26|28737|28737|637|637|7
0|ALGERIA|24|0|26754.98|0.07|24|28737|28737|637|637|7
23|UNITED KINGDOM|66|23|27355.9|0.02|66|41411|41411|637|637|7
5|ETHIOPIA|63|5|66608.3|0.07|63|41411|41411|637|637|7
22|RUSSIA|40|22|62458.44|0.08|40|32515|32515|637|637|7
6|FRANCE|70|6|60092.07|0.07|70|32515|32515|637|637|7
16|MOZAMBIQUE|18|16|47522.06|0.07|18|32515|32515|637|637|7
8|INDIA|39|8|17358.48|0.09|39|32515|32515|637|637|7
7|GERMANY|53|7|42771.08|0.08|53|32515|32515|637|637|7
16|MOZAMBIQUE|30|16|1593.69|0.06|30|32515|32515|637|637|7
7|GERMANY|33|7|42991.2|0.06|33|18306|18306|637|637|7
16|MOZAMBIQUE|58|16|12217.05|0.06|58|18306|18306|637|637|7
17|PERU|8|17|29431.4|0.03|8|33345|33345|559|559|7
9|INDONESIA|50|9|42638.64|0.0|50|33345|33345|559|559|7
21|VIETNAM|68|21|33050.96|0.01|68|33345|33345|559|559|7
15|MOROCCO|4|15|32109.84|0.06|4|33345|33345|559|559|7
12|JAPAN|54|12|49164.84|0.03|54|33345|33345|559|559|7
14|KENYA|76|14|38335.48|0.01|76|33345|33345|559|559|7
8|INDIA|60|8|8649.24|0.08|60|1254|1254|559|559|7
0|ALGERIA|37|0|34197.45|0.05|37|1254|1254|559|559|7
18|CHINA|75|18|70386.73|0.05|75|1254|1254|559|559|7
18|CHINA|11|18|40206.29|0.07|11|8514|8514|559|559|7
7|GERMANY|33|7|42216.72|0.08|33|8514|8514|559|559|7
7|GERMANY|77|7|8583.18|0.08|77|8514|8514|559|559|7
24|UNITED STATES|46|24|68520.96|0.04|46|8514|8514|559|559|7
17|PERU|57|17|14671.05|0.07|57|8514|8514|559|559|7
2|BRAZIL|21|2|83247.3|0.09|21|8514|8514|559|559|7
19|ROMANIA|17|19|10889.46|0.08|17|8514|8514|559|559|7
13|JORDAN|36|13|23262.08|0.04|36|2021|2021|559|559|7
12|JAPAN|43|12|11050.69|0.08|43|2021|2021|559|559|7
17|PERU|8|17|9870.8|0.08|8|27457|27457|559|559|7
21|VIETNAM|80|21|73178.0|0.06|80|27457|27457|559|559|7
17|PERU|1|17|40464.72|0.05|1|27457|27457|559|559|7
16|MOZAMBIQUE|73|16|34628.8|0.09|73|27457|27457|559|559|7
22|RUSSIA|40|22|16541.37|0.1|40|27457|27457|559|559|7
8|INDIA|60|8|37402.95|0.09|60|5478|5478|922|922|7
9|INDONESIA|23|9|46298.75|0.09|23|5478|5478|922|922|7
16|MOZAMBIQUE|30|16|42723.0|0.1|30|5478|5478|922|922|7
7|GERMANY|77|7|14975.9|0.03|77|24928|24928|922|922|7
21|VIETNAM|26|21|8222.76|0.08|26|24928|24928|922|922|7
7|GERMANY|33|7|16848.53|0.01|33|28037|28037|922|922|7
17|PERU|57|17|21528.69|0.05|57|28037|28037|922|922|7
24|UNITED STATES|19|24|15586.95|0.05|19|28037|28037|922|922|7
14|KENYA|76|14|17938.9|0.09|76|28037|28037|922|922|7
17|PERU|8|17|14415.4|0.0|8|21252|21252|922|922|7
9|INDONESIA|50|9|31074.24|0.02|50|21252|21252|922|922|7
0|ALGERIA|37|0|27390.3|0.01|37|21252|21252|922|922|7
10|IRAN|34|10|42181.95|0.05|34|21252|21252|922|922|7
16|MOZAMBIQUE|56|16|43498.58|0.02|56|21252|21252|922|922|7
16|MOZAMBIQUE|31|16|62767.5|0.05|31|21252|21252|922|922|7
18|CHINA|72|18|18193.37|0.04|72|12288|12288|922|922|7
12|JAPAN|43|12|31554.6|0.05|43|12288|12288|922|922|7
4|EGYPT|67|4|21758.1|0.05|67|47587|47587|922|922|7
11|IRAQ|5|11|37272.27|0.04|5|12257|12257|119|119|7
24|UNITED STATES|10|24|44346.76|0.04|10|12257|12257|119|119|7
19|ROMANIA|17|19|38867.31|0.0|17|12257|12257|119|119|7
10|IRAN|9|10|69151.52|0.1|9|21511|21511|119|119|7
0|ALGERIA|24|0|49908.8|0.09|24|21511|21511|119|119|7
8|INDIA|12|8|44246.8|0.01|12|21511|21511|119|119|7
24|UNITED STATES|19|24|76581.5|0.08|19|21511|21511|119|119|7
24|UNITED STATES|19|24|57522.05|0.05|19|21511|21511|119|119|7
18|CHINA|75|18|16286.38|0.02|75|21511|21511|119|119|7
14|KENYA|79|14|21835.56|0.02|79|18631|18631|119|119|7
17|PERU|8|17|6619.2|0.02|8|45794|45794|119|119|7
23|UNITED KINGDOM|66|23|41978.66|0.05|66|45794|45794|119|119|7
8|INDIA|15|8|18129.1|0.07|15|45794|45794|119|119|7
9|INDONESIA|23|9|70374.1|0.03|23|45794|45794|119|119|7
2|BRAZIL|21|2|41201.68|0.0|21|45794|45794|119|119|7
20|SAUDI ARABIA|74|20|65499.75|0.05|74|45794|45794|119|119|7
16|MOZAMBIQUE|30|16|22311.38|0.02|30|45794|45794|119|119|7
21|VIETNAM|80|21|52179.4|0.09|80|7716|7716|1151|1151|7
1|ARGENTINA|29|1|42535.0|0.04|29|7716|7716|1151|1151|7
16|MOZAMBIQUE|31|16|41243.33|0.05|31|7716|7716|1151|1151|7
19|ROMANIA|52|19|3606.9|0.09|52|7716|7716|1151|1151|7
18|CHINA|72|18|54858.8|0.01|72|17191|17191|1151|1151|7
24|UNITED STATES|19|24|70060.8|0.01|19|17191|17191|1151|1151|7
1|ARGENTINA|29|1|3372.66|0.02|29|17191|17191|1151|1151|7
19|ROMANIA|17|19|80709.71|0.05|17|17191|17191|1151|1151|7
22|RUSSIA|40|22|47889.66|0.09|40|22534|22534|1151|1151|7
14|KENYA|79|14|1037.13|0.1|79|22534|22534|1151|1151|7
19|ROMANIA|52|19|51824.87|0.0|52|22534|22534|1151|1151|7
12|JAPAN|43|12|47597.22|0.07|43|42503|42503|1151|1151|7
16|MOZAMBIQUE|56|16|34982.08|0.01|56|43878|43878|1151|1151|7
0|ALGERIA|28|0|20469.92|0.04|28|43878|43878|1151|1151|7
16|MOZAMBIQUE|31|16|62917.5|0.01|31|43878|43878|1151|1151|7
3|CANADA|20|3|4985.28|0.1|20|43878|43878|1151|1151|7
18|CHINA|75|18|20261.34|0.04|75|43878|43878|1151|1151|7
23|UNITED KINGDOM|7|23|69077.52|0.01|7|6274|6274|62|62|7
21|VIETNAM|26|21|19312.54|0.04|26|6274|6274|62|62|7
16|MOZAMBIQUE|58|16|14601.86|0.05|58|6274|6274|62|62|7
9|INDONESIA|45|9|46381.92|0.07|45|6274|6274|62|62|7
12|JAPAN|54|12|15577.77|0.01|54|6274|6274|62|62|7
12|JAPAN|54|12|39025.14|0.03|54|6274|6274|62|62|7
0|ALGERIA|28|0|30760.89|0.06|28|6274|6274|62|62|7
17|PERU|1|17|24446.62|0.1|1|31687|31687|62|62|7
14|KENYA|79|14|9670.36|0.01|79|31687|31687|62|62|7
12|JAPAN|54|12|45242.45|0.1|54|31687|31687|62|62|7
21|VIETNAM|80|21|30414.56|0.07|80|47301|47301|62|62|7
18|CHINA|11|18|5820.42|0.0|11|47301|47301|62|62|7
3|CANADA|13|3|63163.32|0.09|13|47301|47301|62|62|7
22|RUSSIA|65|22|14216.29|0.1|65|39559|39559|379|379|7
3|CANADA|13|3|5108.4|0.1|13|37536|37536|379|379|7
23|UNITED KINGDOM|66|23|8825.6|0.0|66|17924|17924|379|379|7
14|KENYA|47|14|52360.44|0.07|47|17924|17924|379|379|7
18|CHINA|75|18|20966.26|0.0|75|17924|17924|379|379|7
7|GERMANY|53|7|70731.36|0.08|53|17924|17924|379|379|7
16|MOZAMBIQUE|31|16|42639.57|0.07|31|17924|17924|379|379|7
24|UNITED STATES|55|24|45383.02|0.06|55|14822|14822|379|379|7
8|INDIA|61|8|31451.58|0.06|61|14822|14822|379|379|7
23|UNITED KINGDOM|32|23|43372.11|0.08|32|14822|14822|379|379|7
4|EGYPT|38|4|41184.54|0.02|38|14822|14822|379|379|7
11|IRAQ|5|11|9858.64|0.05|5|9824|9824|379|379|7
15|MOROCCO|14|15|42119.5|0.0|14|9824|9824|379|379|7
8|INDIA|12|8|54436.14|0.03|12|9824|9824|379|379|7
5|ETHIOPIA|78|5|16055.05|0.07|78|9824|9824|379|379|7
15|MOROCCO|4|15|12575.64|0.09|4|9824|9824|379|379|7
12|JAPAN|54|12|1486.58|0.02|54|9824|9824|379|379|7
24|UNITED STATES|10|24|72008.44|0.04|10|9824|9824|379|379|7
18|CHINA|11|18|10431.4|0.07|11|35879|35879|379|379|7
5|ETHIOPIA|78|5|9135.99|0.04|78|35879|35879|379|379|7
4|EGYPT|38|4|32771.84|0.06|38|35879|35879|379|379|7
24|UNITED STATES|49|24|43387.76|0.04|49|35879|35879|379|379|7
1|ARGENTINA|71|1|5481.88|0.03|71|21601|21601|379|379|7
15|MOROCCO|14|15|4965.45|0.0|14|21601|21601|379|379|7
8|INDIA|12|8|70164.39|0.08|12|21601|21601|379|379|7
14|KENYA|76|14|33432.63|0.02|76|21601|21601|379|379|7
21|VIETNAM|68|21|13037.76|0.06|68|9255|9255|379|379|7
9|INDONESIA|45|9|48955.41|0.08|45|9255|9255|379|379|7
12|JAPAN|43|12|15072.64|0.08|43|9255|9255|379|379|7
7|GERMANY|53|7|51643.08|0.1|53|9255|9255|379|379|7
17|PERU|8|17|4633.0|0.1|8|17379|17379|379|379|7
7|GERMANY|44|7|8982.81|0.09|44|17379|17379|379|379|7
18|CHINA|72|18|23305.2|0.08|72|17379|17379|379|379|7
14|KENYA|79|14|35003.15|0.08|79|17379|17379|379|379|7
7|GERMANY|53|7|39486.94|0.1|53|17379|17379|379|379|7
23|UNITED KINGDOM|66|23|66586.84|0.06|66|32482|32482|379|379|7
14|KENYA|76|14|25851.36|0.08|76|32482|32482|379|379|7
17|PERU|8|17|62690.12|0.1|8|33824|33824|731|731|7
9|INDONESIA|51|9|46616.31|0.01|51|33824|33824|731|731|7
9|INDONESIA|50|9|7267.64|0.01|50|33824|33824|731|731|7
14|KENYA|48|14|23377.41|0.02|48|33824|33824|731|731|7
5|ETHIOPIA|78|5|29971.8|0.06|78|40579|40579|731|731|7
22|RUSSIA|42|22|22305.36|0.04|42|40579|40579|731|731|7
19|ROMANIA|62|19|55819.86|0.1|62|17377|17377|731|731|7
11|IRAQ|5|11|21357.95|0.03|5|14242|14242|731|731|7
18|CHINA|11|18|5988.54|0.09|11|14242|14242|731|731|7
18|CHINA|72|18|44043.26|0.08|72|14242|14242|731|731|7
18|CHINA|72|18|16077.0|0.02|72|14242|14242|731|731|7
17|PERU|57|17|9530.22|0.04|57|14242|14242|731|731|7
21|VIETNAM|80|21|41708.8|0.04|80|33475|33475|731|731|7
17|PERU|8|17|30191.67|0.01|8|33475|33475|731|731|7
18|CHINA|72|18|37786.23|0.01|72|33475|33475|731|731|7
17|PERU|57|17|43086.8|0.01|57|33475|33475|731|731|7
10|IRAN|34|10|47477.98|0.09|34|33475|33475|731|731|7
5|ETHIOPIA|2|5|34056.12|0.07|2|33475|33475|731|731|7
19|ROMANIA|62|19|14139.18|0.07|62|3749|3749|301|301|7
9|INDONESIA|50|9|8334.18|0.08|50|3749|3749|301|301|7
6|FRANCE|70|6|6608.28|0.07|70|3749|3749|301|301|7
6|FRANCE|70|6|46270.29|0.0|70|3749|3749|301|301|7
21|VIETNAM|26|21|13304.3|0.1|26|3749|3749|301|301|7
16|MOZAMBIQUE|58|16|19046.3|0.02|58|3749|3749|301|301|7
10|IRAN|9|10|17607.7|0.02|9|8928|8928|136|136|7
23|UNITED KINGDOM|7|23|75544.55|0.04|7|22016|22016|136|136|7
9|INDONESIA|51|9|38114.81|0.1|51|22016|22016|136|136|7
18|CHINA|72|18|57193.64|0.07|72|22016|22016|136|136|7
24|UNITED STATES|46|24|10441.4|0.08|46|22016|22016|136|136|7
23|UNITED KINGDOM|32|23|59059.7|0.04|32|22016|22016|136|136|7
20|SAUDI ARABIA|74|20|13734.7|0.02|74|22016|22016|136|136|7
16|MOZAMBIQUE|30|16|55160.0|0.02|30|22016|22016|136|136|7
11|IRAQ|5|11|52809.6|0.02|5|24679|24679|136|136|7
9|INDONESIA|50|9|11092.0|0.05|50|24679|24679|136|136|7
14|KENYA|47|14|3237.51|0.0|47|24679|24679|136|136|7
22|RUSSIA|25|22|54045.09|0.1|25|24679|24679|136|136|7
0|ALGERIA|24|0|32314.2|0.09|24|24679|24679|136|136|7
5|ETHIOPIA|78|5|40273.2|0.05|78|24679|24679|136|136|7
22|RUSSIA|65|22|39745.29|0.1|65|24679|24679|136|136|7
17|PERU|1|17|16027.92|0.05|1|6690|6690|136|136|7
6|FRANCE|70|6|51973.08|0.0|70|6690|6690|136|136|7
6|FRANCE|70|6|23163.3|0.01|70|6690|6690|136|136|7
3|CANADA|13|3|30002.7|0.06|13|6690|6690|136|136|7
24|UNITED STATES|64|24|4567.86|0.08|64|6690|6690|136|136|7
20|SAUDI ARABIA|74|20|56907.06|0.03|74|6690|6690|136|136|7
22|RUSSIA|40|22|15604.68|0.08|40|39683|39683|136|136|7
7|GERMANY|77|7|39923.6|0.09|77|39683|39683|136|136|7
7|GERMANY|44|7|13510.84|0.03|44|39683|39683|136|136|7
4|EGYPT|22|4|51855.3|0.0|22|39683|39683|136|136|7
0|ALGERIA|37|0|31955.35|0.1|37|39683|39683|136|136|7
21|VIETNAM|68|21|26404.56|0.09|68|39683|39683|136|136|7
16|MOZAMBIQUE|31|16|34624.26|0.06|31|39683|39683|136|136|7
15|MOROCCO|14|15|24201.5|0.03|14|45285|45285|136|136|7
24|UNITED STATES|46|24|5249.64|0.06|46|45285|45285|136|136|7
7|GERMANY|77|7|1460.55|0.0|77|23078|23078|136|136|7
6|FRANCE|70|6|15286.2|0.1|70|23078|23078|136|136|7
24|UNITED STATES|46|24|20838.0|0.07|46|23078|23078|136|136|7
12|JAPAN|54|12|3131.32|0.0|54|23078|23078|136|136|7
24|UNITED STATES|10|24|16514.68|0.01|10|23078|23078|136|136|7
18|CHINA|75|18|59102.21|0.01|75|23078|23078|136|136|7
24|UNITED STATES|64|24|15178.52|0.1|64|23078|23078|136|136|7
19|ROMANIA|62|19|1443.54|0.1|62|13761|13761|136|136|7
6|FRANCE|70|6|24530.88|0.02|70|13761|13761|136|136|7
12|JAPAN|43|12|2364.56|0.1|43|13761|13761|136|136|7
10|IRAN|34|10|44039.58|0.0|34|35458|35458|983|983|7
17|PERU|1|17|10211.2|0.07|1|33536|33536|983|983|7
1|ARGENTINA|29|1|36519.3|0.1|29|33536|33536|983|983|7
0|ALGERIA|28|0|33155.52|0.04|28|33536|33536|983|983|7
18|CHINA|27|18|1371.47|0.09|27|33536|33536|983|983|7
9|INDONESIA|50|9|39370.24|0.1|50|30246|30246|983|983|7
11|IRAQ|5|11|55279.4|0.01|5|30691|30691|983|983|7
24|UNITED STATES|46|24|14436.51|0.09|46|30691|30691|983|983|7
8|INDIA|39|8|6298.68|0.02|39|30691|30691|983|983|7
23|UNITED KINGDOM|7|23|62421.62|0.04|7|31620|31620|202|202|7
20|SAUDI ARABIA|74|20|12417.09|0.08|74|31620|31620|202|202|7
5|ETHIOPIA|2|5|25950.34|0.05|2|31620|31620|202|202|7
22|RUSSIA|40|22|11303.88|0.02|40|36608|36608|202|202|7
23|UNITED KINGDOM|66|23|1814.91|0.03|66|36608|36608|202|202|7
23|UNITED KINGDOM|66|23|22343.52|0.1|66|36608|36608|202|202|7
6|FRANCE|70|6|47957.0|0.09|70|36608|36608|202|202|7
4|EGYPT|69|4|36718.6|0.03|69|36608|36608|202|202|7
13|JORDAN|36|13|89470.08|0.03|36|36608|36608|202|202|7
24|UNITED STATES|10|24|10084.68|0.09|10|36608|36608|202|202|7
14|KENYA|47|14|42029.12|0.06|47|3141|3141|202|202|7
21|VIETNAM|68|21|13739.58|0.09|68|3141|3141|202|202|7
16|MOZAMBIQUE|56|16|36077.59|0.1|56|3141|3141|202|202|7
19|ROMANIA|17|19|59612.92|0.03|17|3141|3141|202|202|7
2|BRAZIL|21|2|39642.9|0.04|21|34592|34592|202|202|7
19|ROMANIA|62|19|14546.62|0.03|62|32583|32583|202|202|7
7|GERMANY|77|7|61465.2|0.1|77|32583|32583|202|202|7
7|GERMANY|77|7|43771.86|0.07|77|32583|32583|202|202|7
18|CHINA|72|18|26604.16|0.07|72|32583|32583|202|202|7
9|INDONESIA|50|9|26797.4|0.1|50|32583|32583|202|202|7
9|INDONESIA|50|9|48807.15|0.1|50|32583|32583|202|202|7
19|ROMANIA|62|19|38441.6|0.05|62|46147|46147|202|202|7
9|INDONESIA|51|9|40912.2|0.04|51|46147|46147|202|202|7
7|GERMANY|77|7|9210.2|0.0|77|46147|46147|202|202|7
10|IRAN|34|10|41612.48|0.02|34|46147|46147|202|202|7
19|ROMANIA|52|19|9225.78|0.03|52|46147|46147|202|202|7
20|SAUDI ARABIA|74|20|33628.14|0.01|74|46147|46147|202|202|7
