9|INDONESIA|51|9|25101.09|0.01|51|22531|22531|29
14|KENYA|47|14|7499.88|0.03|47|22531|22531|29
13|JORDAN|36|13|21493.37|0.03|36|22531|22531|29
3|CANADA|13|3|66319.05|0.03|13|22531|22531|29
19|ROMANIA|17|19|35533.68|0.04|17|22531|22531|29
17|PERU|8|17|19857.6|0.08|8|36931|36931|1129
14|KENYA|47|14|21683.6|0.01|47|36931|36931|1129
2|BRAZIL|21|2|29253.94|0.03|21|36931|36931|1129
6|FRANCE|70|6|59655.18|0.0|70|13920|13920|29
8|INDIA|12|8|50559.02|0.01|12|13920|13920|29
24|UNITED STATES|10|24|29367.16|0.09|10|13920|13920|29
14|KENYA|79|14|39001.0|0.01|79|10369|10369|1118
16|MOZAMBIQUE|56|16|59508.9|0.08|56|10369|10369|1118
17|PERU|57|17|43958.97|0.0|57|23008|23008|1118
17|PERU|8|17|25373.6|0.01|8|41218|41218|1118
8|INDIA|60|8|41994.25|0.05|60|41218|41218|1118
23|UNITED KINGDOM|32|23|36184.28|0.0|32|41218|41218|1118
21|VIETNAM|80|21|51757.86|0.04|80|5696|5696|1129
19|ROMANIA|62|19|35909.62|0.07|62|5696|5696|1129
1|ARGENTINA|71|1|27778.52|0.03|71|5696|5696|1129
13|JORDAN|36|13|35410.85|0.04|36|5696|5696|1129
21|VIETNAM|68|21|63133.62|0.01|68|5696|5696|1129
0|ALGERIA|24|0|10282.86|0.07|24|5696|5696|1129
8|INDIA|12|8|33655.6|0.08|12|5696|5696|1129
23|UNITED KINGDOM|7|23|3399.58|0.04|7|3233|3233|1118
23|UNITED KINGDOM|7|23|51741.9|0.06|7|3266|3266|29
14|KENYA|79|14|43601.5|0.09|79|3266|3266|29
9|INDONESIA|51|9|42720.36|0.06|51|36098|36098|1129
0|ALGERIA|37|0|40264.64|0.0|37|38466|38466|1129
13|JORDAN|36|13|28199.55|0.0|36|38466|38466|1129
17|PERU|57|17|7838.4|0.0|57|38466|38466|1129
0|ALGERIA|24|0|31884.25|0.03|24|38466|38466|1129
24|UNITED STATES|10|24|20370.93|0.01|10|38466|38466|1129
16|MOZAMBIQUE|30|16|35970.48|0.05|30|38466|38466|1129
14|KENYA|48|14|27549.4|0.08|48|29920|29920|1129
16|MOZAMBIQUE|58|16|55190.69|0.07|58|29920|29920|1129
14|KENYA|79|14|59460.56|0.08|79|29920|29920|1129
9|INDONESIA|45|9|23524.41|0.07|45|29920|29920|1129
9|INDONESIA|50|9|48540.06|0.03|50|34881|34881|1019
1|ARGENTINA|71|1|12277.44|0.02|71|34881|34881|1019
9|INDONESIA|45|9|59935.04|0.05|45|34881|34881|1019
23|UNITED KINGDOM|32|23|39859.2|0.0|32|34881|34881|1019
2|BRAZIL|21|2|65547.72|0.07|21|34881|34881|1019
18|CHINA|27|18|75114.12|0.09|27|34881|34881|1019
16|MOZAMBIQUE|56|16|42986.74|0.02|56|17248|17248|1118
17|PERU|8|17|47242.32|0.01|8|28259|28259|1118
1|ARGENTINA|71|1|15306.3|0.01|71|28259|28259|1118
8|INDIA|39|8|6853.49|0.09|39|28259|28259|1118
