12357.12|0.07|20708
11692.48|0.09|40838
72597.42|0.06|1761
84614.18|0.07|6854
77346.45|0.02|9923
27149.0|0.06|1057
47781.43|0.1|8229
43423.54|0.09|42818
26416.08|0.07|2212
18950.4|0.02|7745
50675.79|0.03|2245
51871.08|0.03|6117
9454.95|0.06|8229
55082.52|0.03|7107
15331.8|0.01|20807
55871.27|0.09|6403
48485.17|0.02|1761
43517.11|0.02|6656
38921.58|0.02|20807
30963.9|0.02|3136
11791.0|0.03|1761
56988.16|0.05|20708
25510.03|0.05|3169
66340.97|0.05|2883
17166.24|0.01|3169
51299.66|0.07|5765
42818.25|0.03|1761
6671.04|0.02|40838
35009.52|0.02|2146
32804.97|0.05|9637
16103.5|0.07|9505
34564.92|0.05|41927
13004.0|0.03|7910
44220.8|0.05|43907
81353.36|0.08|8801
31251.1|0.05|5765
31617.84|0.08|43808
41736.52|0.05|2245
15328.44|0.1|11908
4414.71|0.06|11908
13749.12|0.08|41509
58791.95|0.08|43907
14549.73|0.06|8416
31441.8|0.09|8999
43210.2|0.09|1761
9930.9|0.02|9318
38575.53|0.03|20807
13040.3|0.01|6403
39321.05|0.05|8834
1898.08|0.05|3521
64999.23|0.05|40838
4180.56|0.0|6436
5566.05|0.03|20807
52261.44|0.03|2245
67369.76|0.07|7745
17632.38|0.02|40706
38657.94|0.0|2883
5961.45|0.01|41729
26523.12|0.09|43808
38242.0|0.02|9956
4378.65|0.0|7206
49157.76|0.07|8416
6046.5|0.04|9505
33404.49|0.07|4610
70564.1|0.03|3367
10341.3|0.0|9857
31473.4|0.08|22919
51169.02|0.04|3015
21915.14|0.02|2982
34747.18|0.06|5699
54448.09|0.02|9219
23112.64|0.04|6117
30031.52|0.04|7778
29733.0|0.08|2883
45422.75|0.04|6117
15181.65|0.07|5028
13096.79|0.09|5666
49453.2|0.08|3268
47017.52|0.07|6535
17013.45|0.04|9318
42813.36|0.1|20708
8805.36|0.03|7778
35388.99|0.04|20708
38937.34|0.06|4610
34737.0|0.05|9505
26767.58|0.0|9219
63678.96|0.07|5666
20073.24|0.03|10819
6078.44|0.04|8933
46801.92|0.07|2146
4772.07|0.02|8647
4865.16|0.08|6656
1026.12|0.0|8801
18205.46|0.0|4610
36679.68|0.1|4742
19733.0|0.02|2245
22373.85|0.03|5028
29775.9|0.05|1189
46544.43|0.0|18080
10703.52|0.06|8933
45261.84|0.1|3169
2871.06|0.08|3136
47697.53|0.0|8614
55272.9|0.06|8416
84544.78|0.05|6535
12866.14|0.01|6854
22728.96|0.07|5666
53076.19|0.0|6535
47818.43|0.06|1761
11709.39|0.06|1057
76310.55|0.05|4742
16055.05|0.07|9824
23279.3|0.01|3202
67985.82|0.01|2311
31233.8|0.0|9219
30047.2|0.06|1189
42712.41|0.07|2146
27389.2|0.04|7910
30587.55|0.01|2982
55878.06|0.07|8515
3649.84|0.07|6018
25587.36|0.02|3015
14751.84|0.05|3488
37761.82|0.0|7745
77265.6|0.01|8416
11573.65|0.09|9923
24987.56|0.02|1222
38245.77|0.05|5446
91824.53|0.09|2311
7163.56|0.02|2564
64044.2|0.02|7107
28470.72|0.05|9703
49926.72|0.1|5699
48214.44|0.01|4962
64068.0|0.0|9857
42675.6|0.08|5699
15332.66|0.03|2146
17677.44|0.03|30916
39904.86|0.06|7910
15793.34|0.09|6018
72008.44|0.04|9824
3553.74|0.09|6656
35342.49|0.01|7778
2576.76|0.06|3653
55706.88|0.09|1189
64629.12|0.1|17090
49878.24|0.1|2498
4432.8|0.0|9989
33215.28|0.07|4896
3138.42|0.08|6117
50966.39|0.07|7008
22889.48|0.09|3653
4900.35|0.09|8229
12916.97|0.03|3488
27095.64|0.05|9923
36829.26|0.08|8834
29533.68|0.06|8229
46449.3|0.03|11908
49707.28|0.09|40706
34537.5|0.04|18080
12451.32|0.1|3653
58526.88|0.01|8834
51898.12|0.05|2630
50520.21|0.1|32929
19512.57|0.07|8614
41708.24|0.1|9219
17699.38|0.03|3015
27381.9|0.02|3521
13709.74|0.0|1057
43139.04|0.06|6117
5410.9|0.08|4896
25836.93|0.05|5765
57833.23|0.06|8515
64259.09|0.0|9505
66771.3|0.07|1255
18676.16|0.03|6854
6198.78|0.07|9923
64196.64|0.02|8416
45556.36|0.04|7107
31063.93|0.08|4610
19887.84|0.08|5347
63427.5|0.1|9637
