12839
30912
12806
8643
43749
8742
5794
20737
30208
26919
13829
24807
33409
46917
11717
23718
42407
41538
42308
9985
41318
44706
11904
4320
30758
5222
3011
3396
22849
5761
7587
23619
40867
6146
8544
7686
21925
22816
9413
32705
31748
9314
33607
7015
41857
31847
41824
1152
47907
7653
30406
15809
24708
21639
10914
43716
805
40515
5442
739
40416
30439
1185
42979
6597
9633
46818
42726
8577
41604
5860
7268
7202
4001
4166
40614
9732
9600
44838
32903
8896
9347
45828
7972
4133
32837
45927
40801
41923
7367
20704
21507
32804
9765
6465
4386
9028
20517
4870
5255
20869
14918
33508
40449
41505
9699
5475
9479
7840
9831
43815
23905
7169
40966
30725
31814
7235
5541
41703
5376
838
22629
7301
8610
22915
42627
6564
6245
6179
6982
31715
42913
10309
33827
7554
7521
14819
2274
6311
5024
4034
41637
36929
42759
24928
3462
5893
32518
10848
4100
5156
10727
31968
7334
20836
44739
23938
42528
5189
5574
35939
8676
6498
9248
21606
40900
6212
1031
41956
21408
4452
4485
2373
8962
40834
47808
9127
2054
10628
3264
2692
6784
6113
