49353.84|0.02|26151
59636.55|0.03|26470
28726.26|0.03|5509
18259.84|0.08|1956
34196.96|0.05|45060
62386.42|0.01|28197
46911.04|0.03|10080
24458.64|0.05|10080
37440.8|0.01|18275
36494.43|0.06|29671
8631.18|0.01|4706
60418.26|0.0|16262
33006.4|0.01|290
26116.32|0.08|46050
66515.05|0.04|10080
43287.2|0.05|2209
41228.64|0.01|29121
14816.32|0.0|13094
18499.95|0.09|1604
75138.43|0.07|46050
25173.28|0.1|35490
1435.53|0.0|44290
1328.42|0.05|29220
59188.21|0.08|13380
44274.3|0.06|29187
49818.12|0.01|4805
35174.08|0.01|24292
39274.24|0.04|10080
41906.92|0.09|38240
45300.0|0.0|2726
45311.52|0.08|2209
49218.84|0.01|27680
90671.04|0.06|1703
8445.0|0.08|23170
26489.12|0.09|2627
36474.9|0.03|27680
40832.28|0.01|37382
13650.98|0.01|19078
59551.8|0.02|29671
12094.74|0.1|37063
38342.48|0.09|47392
67331.06|0.02|1637
5982.36|0.03|28582
16577.5|0.03|19232
43492.77|0.05|290
5309.68|0.05|19232
74129.0|0.09|29990
20485.92|0.07|24391
32403.7|0.07|29572
20678.24|0.1|36293
18149.46|0.07|10080
94149.0|0.0|1505
17238.2|0.0|2209
37802.82|0.0|13094
53657.6|0.06|19650
25641.36|0.08|17571
48491.24|0.07|16482
43256.11|0.1|17670
42608.57|0.09|4739
61306.8|0.02|15591
16748.06|0.05|39076
36470.5|0.03|16262
23245.02|0.09|47073
62567.5|0.09|13281
5946.4|0.09|38086
44111.52|0.09|1703
24580.95|0.07|12192
58405.32|0.02|24193
38156.56|0.03|28131
1964.16|0.1|19111
16307.7|0.01|18374
64437.12|0.09|19584
34070.66|0.06|4838
27427.26|0.0|26470
57590.04|0.06|16262
44777.7|0.08|29473
6301.8|0.04|36293
50812.53|0.06|17252
52628.16|0.08|2209
10741.7|0.02|1637
13724.7|0.1|2759
2094.28|0.09|37184
9226.0|0.04|38372
60520.68|0.0|19430
19396.72|0.09|13380
21611.52|0.07|16295
59680.32|0.02|15492
39628.29|0.0|18880
9046.73|0.09|24193
1465.56|0.0|19430
21605.22|0.04|29220
42929.25|0.01|5828
34417.2|0.05|46182
47385.24|0.02|24292
42325.5|0.01|46050
54093.6|0.01|19232
20077.05|0.07|15173
68857.44|0.08|19111
38972.16|0.09|19078
23325.75|0.05|1637
77177.42|0.03|24193
52377.12|0.1|29473
7072.55|0.02|28131
65658.95|0.01|4838
37139.0|0.02|26272
26531.22|0.08|29286
33480.72|0.08|35490
38768.16|0.0|17186
58541.88|0.06|19782
34652.8|0.01|1703
52633.24|0.06|4519
26939.56|0.03|25095
25988.16|0.07|27361
63802.2|0.09|29572
53517.31|0.05|18374
16478.37|0.1|37063
31406.41|0.07|16196
21451.54|0.01|18055
32794.56|0.07|26151
27294.07|0.01|36480
52752.15|0.05|19111
46016.29|0.1|1989
36240.27|0.01|29187
12907.58|0.06|18055
53434.08|0.1|15591
39363.2|0.08|38273
33153.96|0.09|37250
36294.28|0.04|15173
9334.8|0.08|36293
83652.75|0.03|1824
9291.94|0.03|21091
19641.42|0.09|24193
45008.0|0.05|27141
49504.5|0.0|5729
20658.66|0.06|29792
62322.72|0.09|28131
44528.4|0.02|18880
9020.0|0.02|2528
3629.82|0.08|38086
2156.34|0.03|4838
25819.36|0.04|15591
63607.95|0.02|4805
65061.6|0.0|26690
44206.56|0.06|2308
19430.85|0.03|1604
22019.27|0.06|38372
26825.58|0.06|26272
49293.2|0.1|1857
23407.2|0.02|38372
47816.66|0.09|35490
48958.44|0.04|27680
36278.2|0.1|17186
34582.8|0.02|19232
43705.86|0.06|17186
36959.52|0.1|46182
23416.96|0.08|16196
28903.2|0.06|27460
20081.76|0.09|19683
39723.6|0.09|27141
8948.59|0.07|36161
12307.14|0.02|37250
15903.16|0.08|39043
66707.3|0.0|2759
2222.42|0.1|39076
19385.85|0.1|1857
9502.15|0.02|22081
3126.42|0.02|38240
79513.28|0.06|15074
43361.92|0.07|17670
40152.9|0.09|4519
46790.54|0.06|47172
43226.58|0.09|23170
2995.18|0.08|37382
58239.94|0.02|14150
29359.72|0.04|28582
6987.36|0.05|39076
13418.52|0.06|37063
5205.7|0.07|5729
33780.0|0.02|27141
88941.6|0.04|18341
9962.72|0.07|4739
34260.34|0.09|22081
41516.01|0.02|19111
67481.55|0.06|29187
7272.0|0.1|18561
59992.24|0.01|19111
47826.48|0.02|18242
30032.4|0.1|19782
60641.28|0.04|29187
10190.07|0.07|15173
36388.17|0.04|16262
29031.0|0.0|21091
37713.69|0.06|21190
63449.51|0.08|27460
27597.12|0.0|1956
73293.44|0.09|26151
48670.17|0.02|14150
61671.15|0.04|46182
38729.92|0.1|21190
9124.6|0.06|4706
1275.37|0.06|38086
56727.45|0.1|17571
1453.55|0.09|16064
45919.17|0.06|47392
27406.16|0.0|18561
12193.1|0.09|39043
45373.65|0.1|2528
14823.6|0.01|1857
4327.62|0.03|29572
21873.75|0.05|39142
69049.44|0.01|24391
31669.66|0.06|16262
6141.6|0.07|36161
25039.56|0.02|18374
63427.2|0.04|36161
25731.37|0.07|16196
42971.5|0.02|24193
16363.38|0.07|21190
40004.0|0.02|38240
49543.11|0.06|47040
30530.66|0.04|36480
17672.85|0.01|18242
43272.9|0.1|13281
18401.63|0.04|4805
40700.52|0.03|4805
76663.84|0.04|26470
60789.33|0.02|38372
47801.82|0.01|17252
