25319
17927
998
26848
46725
8770
33668
33316
26309
35747
45955
38915
7461
3072
7010
15936
4161
7494
11778
34977
46978
43876
9573
5030
32931
35846
10722
32865
12933
7395
6053
21447
10117
37639
37925
20512
40323
33888
30566
30247
40356
10436
12647
24549
23713
24802
22019
24967
34724
16739
11206
28608
33415
32227
43975
45636
22822
12515
40675
44866
4194
20644
9474
833
3490
30148
31424
45317
8385
10887
43139
17729
32128
866
448
40741
9221
31105
8484
10788
13824
25539
41632
35527
41445
8165
46912
13505
41764
28707
24901
34306
33921
21249
12449
37826
15969
21667
9056
10689
32007
32711
19907
7681
16805
12548
30214
23779
35879
34658
23526
9122
36517
32579
45922
12966
1092
6020
42721
34625
46758
46659
24417
36935
42886
20963
42820
30720
8451
30401
30368
40961
9287
33701
36869
32832
129
28839
10018
6691
44646
7780
38816
31842
44327
43810
10502
13989
11107
20930
47968
22789
20578
13703
42215
14759
20677
36803
44965
32513
965
31655
33734
30533
21920
41412
46626
41346
42435
31237
24769
21029
22756
11712
44800
31523
32678
23427
43106
12867
42853
30786
46307
5283
3171
22624
23878
11943
31941
9892
31622
32898
17828
12614
41797
6592
9254
4480
45537
21634
34339
43843
38948
10535
4260
13604
41511
15617
34405
43425
47616
6471
31204
14979
9441
41830
21216
22404
13318
40257
36836
8550
33569
40389
26529
44129
47847
41313
40455
8000
36737
26727
5382
23559
899
40224
42402
40642
10304
1191
22338
45218
20897
46406
42688
10337
5184
33767
16519
20545
8198
39905
43744
26628
40103
25825
31303
36418
12834
6372
14726
15749
21700
11459
31875
12801
43458
35714
44899
26914
9793
8132
9760
327
23009
43942
25924
44679
21601
11877
15716
10403
14308
35428
20006
2181
21799
14627
547
31776
43238
33954
11426
39619
30599
34823
41379
17509
42534
22855
44932
