10432
23203
257
24512
40198
45412
12577
32993
29638
30375
32003
24710
22279
41441
30342
20453
43201
11169
32421
36997
42112
21157
25667
37767
21762
994
24039
33158
27108
31783
18209
38944
37701
34016
42882
8293
16449
16966
28615
15525
33697
224
44774
20167
45764
33312
33664
17989
103
17604
22950
35204
15239
21696
16647
22752
27878
32322
8194
35776
31585
44103
30694
43234
15910
38625
44356
38306
43971
21344
30661
33026
17923
39714
41155
10212
15008
47205
21223
46787
33345
11136
33862
46215
36007
25766
10146
44323
22598
28769
12995
20640
44004
13666
14854
43553
32674
44455
14436
10630
23940
44675
44576
36678
16867
20002
35457
37635
14722
40132
26305
24677
27328
43520
34720
19815
24226
13600
45027
23104
39879
10883
16933
11202
25986
31299
34434
32069
22246
24545
22565
28835
40352
45632
12643
36832
32773
12610
40583
34500
33730
11972
13127
47744
29924
40066
21377
32102
21795
36128
33444
35303
36865
576
40385
44961
29319
34599
23874
37415
25315
31233
22466
41122
45478
32036
31079
20134
26756
21476
22884
9283
29605
11235
46721
961
17703
45984
43366
33543
46435
40484
11334
27713
7171
12258
46017
41760
25249
30144
28934
14337
18913
31398
42178
39527
26723
22499
11686
11873
41287
46369
41573
37602
15459
41991
26657
21025
44257
34049
40099
25414
30023
45511
13347
39747
26118
44994
26976
43685
15206
25733
34852
45665
12324
31365
422
45863
43047
34753
17538
356
19716
5092
32289
38757
36964
16900
14535
14403
36227
45159
12742
47106
29825
47139
14304
37316
21058
9030
40231
4
23687
20387
32740
10982
10465
15107
33763
17637
42244
29858
46501
7490
22147
23236
47777
35974
13765
11587
23302
642
32355
10179
22213
37668
12544
43872
42596
32960
35655
18308
18627
25601
16416
10564
11620
11488
12005
19969
23973
23621
10498
39648
46402
43333
44422
44389
13633
37569
25799
33796
45379
15745
38658
46853
13952
36931
11301
39329
10784
38405
21124
37921
30980
17318
23137
26503
31651
24897
38724
33125
28417
24743
27009
39846
14117
17824
45313
36711
43168
35941
25447
46754
34368
5191
41474
30276
13248
42563
40770
15811
26789
35523
34951
28549
12775
20101
24963
47524
23654
20871
46688
10278
19617
25634
35589
13699
36326
26404
16834
32256
11015
31013
27845
16548
10245
23335
42695
47942
