16|MOZAMBIQUE|56|16|72456.56|0.09|56|18659|18659|281|281|6
16|MOZAMBIQUE|56|16|46890.8|0.03|56|18659|18659|281|281|6
24|UNITED STATES|64|24|36792.87|0.1|64|18659|18659|281|281|6
9|INDONESIA|51|9|42975.9|0.06|51|13223|13223|281|281|6
8|INDIA|39|8|68916.1|0.03|39|32576|32576|431|431|6
23|UNITED KINGDOM|66|23|56761.2|0.05|66|30592|30592|431|431|6
15|MOROCCO|14|15|50278.55|0.08|14|30592|30592|431|431|6
10|IRAN|34|10|36615.68|0.06|34|30592|30592|431|431|6
14|KENYA|76|14|73662.24|0.07|76|30592|30592|431|431|6
0|ALGERIA|28|0|43487.2|0.06|28|30592|30592|431|431|6
18|CHINA|27|18|41004.8|0.09|27|19395|19395|452|452|6
7|GERMANY|44|7|60865.5|0.01|44|7040|7040|452|452|6
17|PERU|59|17|22330.13|0.01|59|7040|7040|452|452|6
14|KENYA|47|14|2398.58|0.07|47|33734|33734|452|452|6
21|VIETNAM|35|21|22021.63|0.07|35|33734|33734|452|452|6
21|VIETNAM|68|21|18184.65|0.08|68|33734|33734|452|452|6
21|VIETNAM|35|21|32992.74|0.09|35|33734|33734|452|452|6
4|EGYPT|67|4|63923.4|0.02|67|33734|33734|452|452|6
12|JAPAN|43|12|25641.36|0.04|43|33734|33734|452|452|6
20|SAUDI ARABIA|74|20|30691.89|0.07|74|33734|33734|452|452|6
23|UNITED KINGDOM|7|23|17362.88|0.07|7|6564|6564|452|452|6
9|INDONESIA|51|9|44742.95|0.09|51|6564|6564|452|452|6
17|PERU|59|17|13334.22|0.01|59|6564|6564|452|452|6
3|CANADA|13|3|16607.92|0.1|13|6564|6564|452|452|6
18|CHINA|75|18|41728.88|0.06|75|6564|6564|452|452|6
8|INDIA|39|8|57980.72|0.1|39|39010|39010|452|452|6
22|RUSSIA|16|22|25672.83|0.02|16|39010|39010|452|452|6
24|UNITED STATES|64|24|22052.94|0.08|64|39010|39010|452|452|6
5|ETHIOPIA|63|5|47102.0|0.01|63|39010|39010|452|452|6
8|INDIA|61|8|38640.84|0.01|61|7907|7907|452|452|6
22|RUSSIA|25|22|45801.4|0.03|25|7907|7907|452|452|6
22|RUSSIA|25|22|45200.0|0.09|25|7907|7907|452|452|6
23|UNITED KINGDOM|32|23|44288.0|0.04|32|10083|10083|452|452|6
24|UNITED STATES|64|24|74086.32|0.02|64|15168|15168|452|452|6
13|JORDAN|36|13|37156.68|0.1|36|17345|17345|683|683|6
14|KENYA|79|14|91396.0|0.03|79|17345|17345|683|683|6
16|MOZAMBIQUE|56|16|40845.01|0.09|56|17345|17345|683|683|6
14|KENYA|76|14|19963.19|0.0|76|17345|17345|683|683|6
4|EGYPT|38|4|5951.4|0.06|38|17345|17345|683|683|6
16|MOZAMBIQUE|30|16|4940.4|0.09|30|17345|17345|683|683|6
14|KENYA|6|14|22013.4|0.1|6|19173|19173|284|284|6
18|CHINA|11|18|72253.93|0.01|11|36581|36581|284|284|6
5|ETHIOPIA|78|5|19605.25|0.03|78|36581|36581|284|284|6
10|IRAN|34|10|44785.44|0.1|34|36581|36581|284|284|6
24|UNITED STATES|49|24|19809.42|0.0|49|36581|36581|284|284|6
4|EGYPT|38|4|23017.2|0.0|38|23045|23045|284|284|6
24|UNITED STATES|64|24|1753.85|0.02|64|23045|23045|284|284|6
18|CHINA|41|18|25678.0|0.1|41|23045|23045|284|284|6
21|VIETNAM|35|21|21033.1|0.03|35|12134|12134|284|284|6
21|VIETNAM|68|21|29793.97|0.08|68|12134|12134|284|284|6
8|INDIA|61|8|54892.46|0.03|61|37314|37314|284|284|6
21|VIETNAM|26|21|55049.69|0.06|26|37314|37314|284|284|6
12|JAPAN|54|12|51222.94|0.0|54|37314|37314|284|284|6
7|GERMANY|44|7|39312.0|0.02|44|9382|9382|271|271|6
18|CHINA|11|18|4424.8|0.07|11|9382|9382|271|271|6
6|FRANCE|70|6|26754.98|0.09|70|9382|9382|271|271|6
15|MOROCCO|14|15|54103.5|0.07|14|9382|9382|271|271|6
21|VIETNAM|26|21|46459.64|0.06|26|8194|8194|271|271|6
10|IRAN|34|10|84467.18|0.1|34|21477|21477|271|271|6
7|GERMANY|53|7|26764.32|0.04|53|21477|21477|271|271|6
3|CANADA|20|3|39921.39|0.07|20|21477|21477|271|271|6
18|CHINA|75|18|46774.25|0.0|75|21477|21477|271|271|6
19|ROMANIA|52|19|56602.1|0.05|52|21477|21477|271|271|6
23|UNITED KINGDOM|32|23|13160.42|0.0|32|40773|40773|271|271|6
19|ROMANIA|62|19|20822.1|0.04|62|19910|19910|271|271|6
24|UNITED STATES|55|24|45012.6|0.07|55|19910|19910|271|271|6
14|KENYA|79|14|66503.04|0.01|79|19910|19910|271|271|6
24|UNITED STATES|10|24|25716.08|0.07|10|19910|19910|271|271|6
4|EGYPT|67|4|67481.55|0.09|67|8192|8192|271|271|6
18|CHINA|72|18|50632.34|0.08|72|35620|35620|271|271|6
17|PERU|59|17|2997.27|0.08|59|35620|35620|271|271|6
0|ALGERIA|24|0|25164.81|0.02|24|35620|35620|271|271|6
12|JAPAN|43|12|45573.0|0.05|43|35620|35620|271|271|6
21|VIETNAM|80|21|2841.02|0.04|80|34016|34016|46|46|6
4|EGYPT|22|4|35605.92|0.06|22|34016|34016|46|46|6
14|KENYA|6|14|52205.65|0.06|6|20454|20454|46|46|6
8|INDIA|60|8|28157.6|0.1|60|25281|25281|46|46|6
14|KENYA|79|14|27461.76|0.04|79|25281|25281|46|46|6
16|MOZAMBIQUE|56|16|10505.55|0.02|56|25281|25281|46|46|6
24|UNITED STATES|19|24|21875.58|0.09|19|25281|25281|46|46|6
19|ROMANIA|52|19|65199.03|0.09|52|25281|25281|46|46|6
21|VIETNAM|26|21|56220.96|0.1|26|38403|38403|46|46|6
10|IRAN|34|10|31208.94|0.06|34|38403|38403|46|46|6
23|UNITED KINGDOM|32|23|28782.24|0.09|32|38403|38403|46|46|6
12|JAPAN|43|12|33203.52|0.09|43|38403|38403|46|46|6
14|KENYA|79|14|38843.47|0.1|79|31589|31589|1111|1111|6
0|ALGERIA|28|0|18140.0|0.06|28|31589|31589|1111|1111|6
22|RUSSIA|40|22|48532.4|0.04|40|13605|13605|1111|1111|6
7|GERMANY|44|7|31924.8|0.08|44|13605|13605|1111|1111|6
21|VIETNAM|35|21|6899.28|0.09|35|13605|13605|1111|1111|6
24|UNITED STATES|46|24|20950.08|0.02|46|13605|13605|1111|1111|6
5|ETHIOPIA|78|5|36419.78|0.0|78|13605|13605|1111|1111|6
12|JAPAN|54|12|10335.99|0.03|54|13605|13605|1111|1111|6
20|SAUDI ARABIA|74|20|41381.01|0.08|74|13605|13605|1111|1111|6
19|ROMANIA|62|19|79203.42|0.09|62|36834|36834|1111|1111|6
22|RUSSIA|65|22|46345.76|0.06|65|36834|36834|1111|1111|6
23|UNITED KINGDOM|7|23|18620.6|0.05|7|37025|37025|1111|1111|6
23|UNITED KINGDOM|66|23|38611.71|0.03|66|37025|37025|1111|1111|6
19|ROMANIA|52|19|72706.95|0.05|52|37025|37025|1111|1111|6
16|MOZAMBIQUE|73|16|1093.19|0.05|73|33574|33574|1111|1111|6
24|UNITED STATES|55|24|30483.35|0.05|55|33574|33574|1111|1111|6
8|INDIA|60|8|37532.04|0.07|60|33574|33574|1111|1111|6
3|CANADA|20|3|54111.09|0.0|20|33574|33574|1111|1111|6
5|ETHIOPIA|63|5|83437.2|0.05|63|33574|33574|1111|1111|6
24|UNITED STATES|19|24|5195.65|0.08|19|46721|46721|1021|1021|6
1|ARGENTINA|71|1|39567.0|0.06|71|35|35|1021|1021|6
22|RUSSIA|25|22|13082.72|0.06|25|35|35|1021|1021|6
22|RUSSIA|25|22|21696.0|0.02|25|35|35|1021|1021|6
7|GERMANY|53|7|40707.86|0.06|53|35|35|1021|1021|6
16|MOZAMBIQUE|31|16|32122.72|0.03|31|35|35|1021|1021|6
5|ETHIOPIA|63|5|63272.64|0.08|63|35|35|1021|1021|6
11|IRAQ|5|11|21069.36|0.07|5|24769|24769|1021|1021|6
8|INDIA|61|8|37392.04|0.07|61|24769|24769|1021|1021|6
8|INDIA|61|8|72195.26|0.08|61|24769|24769|1021|1021|6
10|IRAN|9|10|21989.94|0.04|9|24769|24769|1021|1021|6
9|INDONESIA|45|9|74218.32|0.09|45|24769|24769|1021|1021|6
16|MOZAMBIQUE|18|16|26991.38|0.03|18|24769|24769|1021|1021|6
23|UNITED KINGDOM|32|23|3033.33|0.01|32|24769|24769|1021|1021|6
7|GERMANY|33|7|42577.57|0.01|33|26374|26374|1021|1021|6
7|GERMANY|44|7|41553.0|0.02|44|26374|26374|1021|1021|6
17|PERU|57|17|33343.42|0.08|57|26374|26374|1021|1021|6
21|VIETNAM|35|21|7107.6|0.02|35|26374|26374|1021|1021|6
22|RUSSIA|40|22|43426.2|0.07|40|26498|26498|1021|1021|6
17|PERU|1|17|57381.2|0.09|1|15685|15685|1021|1021|6
7|GERMANY|44|7|36353.88|0.01|44|15685|15685|1021|1021|6
6|FRANCE|70|6|32434.75|0.05|70|15685|15685|1021|1021|6
4|EGYPT|67|4|40482.72|0.01|67|15685|15685|1021|1021|6
7|GERMANY|44|7|35471.44|0.04|44|12132|12132|1021|1021|6
8|INDIA|61|8|70394.88|0.01|61|12132|12132|1021|1021|6
3|CANADA|13|3|8661.31|0.07|13|12132|12132|1021|1021|6
10|IRAN|34|10|52108.32|0.03|34|12132|12132|1021|1021|6
19|ROMANIA|17|19|11837.87|0.03|17|12132|12132|1021|1021|6
7|GERMANY|53|7|22656.92|0.08|53|12132|12132|1021|1021|6
8|INDIA|60|8|11881.87|0.0|60|10055|10055|1021|1021|6
5|ETHIOPIA|78|5|21693.88|0.04|78|10055|10055|1021|1021|6
19|ROMANIA|17|19|2498.68|0.04|17|10055|10055|1021|1021|6
1|ARGENTINA|3|1|50881.04|0.0|3|10055|10055|1021|1021|6
21|VIETNAM|68|21|32732.37|0.07|68|45894|45894|1021|1021|6
21|VIETNAM|80|21|21463.4|0.08|80|38948|38948|703|703|6
16|MOZAMBIQUE|73|16|29656.2|0.08|73|38948|38948|703|703|6
0|ALGERIA|37|0|59732.9|0.03|37|38948|38948|703|703|6
21|VIETNAM|80|21|1485.58|0.04|80|30726|30726|703|703|6
23|UNITED KINGDOM|66|23|3615.9|0.04|66|30726|30726|703|703|6
5|ETHIOPIA|78|5|41890.2|0.09|78|30726|30726|703|703|6
12|JAPAN|43|12|25692.15|0.05|43|30726|30726|703|703|6
14|KENYA|76|14|31759.29|0.07|76|30787|30787|833|833|6
12|JAPAN|54|12|25087.79|0.04|54|30787|30787|833|833|6
16|MOZAMBIQUE|73|16|5465.76|0.07|73|12868|12868|833|833|6
23|UNITED KINGDOM|66|23|14065.0|0.02|66|12868|12868|833|833|6
24|UNITED STATES|55|24|60002.4|0.0|55|12868|12868|833|833|6
22|RUSSIA|25|22|39818.88|0.0|25|12868|12868|833|833|6
1|ARGENTINA|29|1|25496.85|0.02|29|12868|12868|833|833|6
22|RUSSIA|42|22|55004.4|0.06|42|12868|12868|833|833|6
22|RUSSIA|40|22|37239.6|0.02|40|18629|18629|833|833|6
2|BRAZIL|21|2|2648.84|0.06|21|18629|18629|833|833|6
19|ROMANIA|62|19|48659.84|0.09|62|18535|18535|833|833|6
9|INDONESIA|45|9|23365.99|0.06|45|18535|18535|833|833|6
24|UNITED STATES|64|24|40715.71|0.07|64|8356|8356|712|712|6
19|ROMANIA|62|19|23972.52|0.06|62|42370|42370|712|712|6
21|VIETNAM|26|21|16081.6|0.07|26|42370|42370|712|712|6
23|UNITED KINGDOM|32|23|17588.9|0.09|32|42370|42370|712|712|6
16|MOZAMBIQUE|58|16|7187.65|0.08|58|20864|20864|667|667|6
3|CANADA|13|3|28190.03|0.01|13|20864|20864|667|667|6
21|VIETNAM|68|21|63382.5|0.01|68|20864|20864|667|667|6
9|INDONESIA|23|9|31834.08|0.07|23|20864|20864|667|667|6
24|UNITED STATES|10|24|58942.8|0.1|10|20864|20864|667|667|6
16|MOZAMBIQUE|30|16|39018.84|0.01|30|20864|20864|667|667|6
19|ROMANIA|52|19|4468.84|0.01|52|30531|30531|667|667|6
23|UNITED KINGDOM|7|23|25137.81|0.07|7|17827|17827|667|667|6
18|CHINA|72|18|4823.1|0.05|72|17827|17827|667|667|6
22|RUSSIA|16|22|14451.6|0.01|16|17827|17827|667|667|6
19|ROMANIA|52|19|54983.71|0.04|52|17827|17827|667|667|6
5|ETHIOPIA|2|5|38611.47|0.02|2|17827|17827|667|667|6
1|ARGENTINA|3|1|62442.7|0.06|3|17827|17827|667|667|6
18|CHINA|72|18|47967.15|0.0|72|38272|38272|667|667|6
21|VIETNAM|68|21|73038.42|0.07|68|38272|38272|667|667|6
22|RUSSIA|42|22|56701.44|0.01|42|38272|38272|667|667|6
22|RUSSIA|40|22|47159.84|0.08|40|29446|29446|667|667|6
21|VIETNAM|26|21|83465.89|0.06|26|29446|29446|667|667|6
24|UNITED STATES|10|24|13442.52|0.0|10|29446|29446|667|667|6
24|UNITED STATES|64|24|14445.9|0.08|64|29446|29446|667|667|6
11|IRAQ|5|11|4917.28|0.1|5|36961|36961|667|667|6
19|ROMANIA|62|19|25867.74|0.1|62|36961|36961|667|667|6
7|GERMANY|44|7|26053.5|0.0|44|36961|36961|667|667|6
3|CANADA|13|3|40723.5|0.09|13|36961|36961|667|667|6
5|ETHIOPIA|78|5|37272.69|0.05|78|36961|36961|667|667|6
24|UNITED STATES|49|24|77649.32|0.07|49|36961|36961|667|667|6
23|UNITED KINGDOM|66|23|38010.0|0.02|66|15716|15716|1097|1097|6
9|INDONESIA|50|9|45455.76|0.03|50|15716|15716|1097|1097|6
1|ARGENTINA|71|1|13775.67|0.03|71|15716|15716|1097|1097|6
8|INDIA|15|8|13184.1|0.07|15|15716|15716|1097|1097|6
0|ALGERIA|37|0|82058.24|0.04|37|15716|15716|1097|1097|6
1|ARGENTINA|29|1|16721.55|0.0|29|15716|15716|1097|1097|6
24|UNITED STATES|55|24|13614.6|0.09|55|5475|5475|1097|1097|6
24|UNITED STATES|55|24|44434.98|0.07|55|43559|43559|1097|1097|6
10|IRAN|9|10|2799.09|0.05|9|43559|43559|1097|1097|6
15|MOROCCO|14|15|13131.43|0.0|14|43559|43559|1097|1097|6
17|PERU|57|17|54538.4|0.05|57|43559|43559|1097|1097|6
14|KENYA|79|14|48247.65|0.09|79|2626|2626|1097|1097|6
4|EGYPT|67|4|2592.78|0.05|67|2626|2626|1097|1097|6
5|ETHIOPIA|63|5|45128.8|0.05|63|2626|2626|1097|1097|6
4|EGYPT|67|4|32196.58|0.08|67|17573|17573|1097|1097|6
4|EGYPT|38|4|58886.32|0.03|38|17573|17573|1097|1097|6
22|RUSSIA|42|22|48467.68|0.02|42|17573|17573|1097|1097|6
24|UNITED STATES|55|24|46603.06|0.1|55|15655|15655|1097|1097|6
7|GERMANY|77|7|70095.97|0.02|77|15655|15655|1097|1097|6
0|ALGERIA|37|0|44111.52|0.05|37|15655|15655|1097|1097|6
22|RUSSIA|65|22|58406.01|0.03|65|6180|6180|319|319|6
18|CHINA|41|18|53448.33|0.08|41|6180|6180|319|319|6
24|UNITED STATES|46|24|14991.84|0.0|46|3943|3943|319|319|6
16|MOZAMBIQUE|18|16|33124.16|0.0|18|3943|3943|319|319|6
6|FRANCE|70|6|45264.32|0.02|70|7361|7361|319|319|6
8|INDIA|12|8|62005.74|0.0|12|7361|7361|319|319|6
12|JAPAN|54|12|40749.1|0.08|54|10086|10086|319|319|6
23|UNITED KINGDOM|7|23|31710.0|0.05|7|30048|30048|50|50|6
14|KENYA|6|14|8865.72|0.02|6|30048|30048|50|50|6
9|INDONESIA|51|9|14491.51|0.04|51|12166|12166|50|50|6
19|ROMANIA|17|19|1321.42|0.1|17|37698|37698|50|50|6
22|RUSSIA|42|22|44725.59|0.09|42|37698|37698|50|50|6
23|UNITED KINGDOM|7|23|70725.5|0.01|7|38560|38560|539|539|6
23|UNITED KINGDOM|7|23|28992.0|0.0|7|38560|38560|539|539|6
11|IRAQ|5|11|11924.72|0.05|5|38560|38560|539|539|6
8|INDIA|61|8|24084.22|0.01|61|38560|38560|539|539|6
22|RUSSIA|25|22|79869.15|0.01|25|38560|38560|539|539|6
22|RUSSIA|16|22|2322.52|0.09|16|38560|38560|539|539|6
1|ARGENTINA|29|1|23188.2|0.02|29|35399|35399|539|539|6
22|RUSSIA|65|22|29492.11|0.02|65|35399|35399|539|539|6
19|ROMANIA|52|19|8673.44|0.02|52|35399|35399|539|539|6
23|UNITED KINGDOM|7|23|31867.56|0.06|7|25408|25408|413|413|6
4|EGYPT|22|4|16338.02|0.05|22|25408|25408|413|413|6
23|UNITED KINGDOM|7|23|35906.64|0.03|7|46918|46918|413|413|6
7|GERMANY|77|7|1616.71|0.05|77|46918|46918|413|413|6
4|EGYPT|67|4|37357.04|0.07|67|46918|46918|413|413|6
23|UNITED KINGDOM|32|23|34877.44|0.05|32|46918|46918|413|413|6
17|PERU|1|17|58713.02|0.05|1|17349|17349|413|413|6
18|CHINA|72|18|36578.64|0.02|72|17349|17349|413|413|6
3|CANADA|13|3|16109.28|0.05|13|17349|17349|413|413|6
4|EGYPT|22|4|48003.43|0.04|22|37927|37927|686|686|6
21|VIETNAM|35|21|23686.26|0.07|35|37927|37927|686|686|6
5|ETHIOPIA|78|5|48723.22|0.03|78|37927|37927|686|686|6
18|CHINA|75|18|80199.77|0.0|75|37927|37927|686|686|6
5|ETHIOPIA|2|5|39818.86|0.06|2|37927|37927|686|686|6
7|GERMANY|44|7|60454.8|0.09|44|19554|19554|686|686|6
19|ROMANIA|17|19|54743.29|0.05|17|19554|19554|686|686|6
24|UNITED STATES|49|24|37952.6|0.09|49|19554|19554|686|686|6
18|CHINA|41|18|28761.2|0.02|41|19554|19554|686|686|6
5|ETHIOPIA|63|5|46208.4|0.07|63|19554|19554|686|686|6
9|INDONESIA|51|9|31158.1|0.1|51|32551|32551|686|686|6
18|CHINA|72|18|35461.68|0.05|72|46658|46658|587|587|6
24|UNITED STATES|64|24|61766.5|0.01|64|46658|46658|587|587|6
18|CHINA|41|18|85540.5|0.01|41|46658|46658|587|587|6
14|KENYA|6|14|4624.92|0.09|6|8290|8290|587|587|6
22|RUSSIA|40|22|57180.52|0.1|40|8290|8290|587|587|6
3|CANADA|13|3|54219.22|0.09|13|8290|8290|587|587|6
21|VIETNAM|26|21|56098.8|0.0|26|4869|4869|455|455|6
23|UNITED KINGDOM|32|23|38046.92|0.1|32|4869|4869|455|455|6
5|ETHIOPIA|2|5|12246.52|0.1|2|8902|8902|455|455|6
21|VIETNAM|80|21|37253.33|0.05|80|14725|14725|455|455|6
14|KENYA|6|14|17758.7|0.03|6|14725|14725|455|455|6
17|PERU|1|17|16007.4|0.07|1|14725|14725|455|455|6
23|UNITED KINGDOM|66|23|40610.68|0.09|66|14725|14725|455|455|6
7|GERMANY|44|7|43392.0|0.04|44|14725|14725|455|455|6
2|BRAZIL|21|2|21470.82|0.04|21|14725|14725|455|455|6
24|UNITED STATES|49|24|79434.0|0.05|49|14725|14725|455|455|6
16|MOZAMBIQUE|73|16|8463.95|0.0|73|35396|35396|455|455|6
8|INDIA|15|8|4781.16|0.06|15|35396|35396|455|455|6
4|EGYPT|69|4|13274.4|0.01|69|35396|35396|455|455|6
24|UNITED STATES|10|24|72645.08|0.01|10|35396|35396|455|455|6
7|GERMANY|53|7|54926.96|0.01|53|35396|35396|455|455|6
8|INDIA|61|8|14015.0|0.04|61|14563|14563|455|455|6
10|IRAN|9|10|41997.12|0.02|9|14563|14563|455|455|6
14|KENYA|47|14|68580.6|0.07|47|14563|14563|455|455|6
18|CHINA|27|18|39912.6|0.01|27|14563|14563|455|455|6
19|ROMANIA|52|19|32554.34|0.08|52|14563|14563|455|455|6
