23|UNITED KINGDOM|66|23|12163.1|0.08|66|10497|10497|97
17|PERU|57|17|38611.47|0.05|57|10497|10497|97
8|INDIA|12|8|38814.12|0.07|12|10497|10497|97
21|VIETNAM|80|21|54683.04|0.03|80|31265|31265|1153
7|GERMANY|77|7|14260.29|0.0|77|31265|31265|1153
18|CHINA|11|18|37610.8|0.04|11|31265|31265|1153
4|EGYPT|22|4|58201.54|0.03|22|31265|31265|1153
24|UNITED STATES|55|24|58897.73|0.0|55|31265|31265|1153
24|UNITED STATES|46|24|11622.6|0.03|46|31265|31265|1153
23|UNITED KINGDOM|7|23|29743.92|0.02|7|11652|11652|1153
11|IRAQ|5|11|11099.84|0.1|5|11652|11652|1153
19|ROMANIA|62|19|12143.1|0.07|62|11652|11652|1153
17|PERU|59|17|57781.62|0.07|59|11652|11652|1153
8|INDIA|15|8|32563.65|0.03|15|11652|11652|1153
14|KENYA|79|14|16495.49|0.06|79|11652|11652|1153
18|CHINA|75|18|31758.44|0.08|75|11652|11652|1153
22|RUSSIA|40|22|36557.37|0.07|40|15205|15205|1142
16|MOZAMBIQUE|73|16|39216.43|0.02|73|15205|15205|1142
8|INDIA|61|8|42796.36|0.09|61|15205|15205|1142
15|MOROCCO|14|15|55081.04|0.04|14|15205|15205|1142
17|PERU|57|17|49264.91|0.01|57|15205|15205|1142
10|IRAN|34|10|37891.92|0.03|34|15205|15205|1142
1|ARGENTINA|3|1|17849.92|0.05|3|15205|15205|1142
10|IRAN|9|10|65429.66|0.02|9|9381|9381|949
0|ALGERIA|28|0|16457.02|0.1|28|9381|9381|949
21|VIETNAM|35|21|31858.63|0.05|35|9282|9282|64
23|UNITED KINGDOM|7|23|38419.23|0.02|7|22850|22850|31
8|INDIA|12|8|47380.7|0.06|12|22850|22850|31
15|MOROCCO|4|15|30272.94|0.05|4|22850|22850|31
19|ROMANIA|17|19|63428.16|0.09|17|22850|22850|31
22|RUSSIA|16|22|14205.29|0.07|16|22850|22850|31
17|PERU|8|17|4909.28|0.09|8|20551|20551|97
22|RUSSIA|40|22|49460.32|0.0|40|20551|20551|97
22|RUSSIA|40|22|55660.5|0.05|40|20551|20551|97
23|UNITED KINGDOM|66|23|20677.27|0.02|66|20551|20551|97
21|VIETNAM|68|21|38892.92|0.08|68|20551|20551|97
20|SAUDI ARABIA|74|20|82995.71|0.08|74|20551|20551|97
1|ARGENTINA|3|1|33874.72|0.09|3|45510|45510|949
7|GERMANY|44|7|53472.6|0.09|44|16679|16679|97
10|IRAN|9|10|5410.9|0.03|9|16679|16679|97
3|CANADA|13|3|18680.1|0.01|13|16679|16679|97
9|INDONESIA|45|9|50855.39|0.03|45|16679|16679|97
14|KENYA|76|14|43818.36|0.01|76|16679|16679|97
0|ALGERIA|28|0|32095.66|0.01|28|16679|16679|97
17|PERU|1|17|27749.92|0.04|1|12961|12961|916
17|PERU|59|17|14986.35|0.04|59|12961|12961|916
21|VIETNAM|68|21|44123.16|0.02|68|12961|12961|916
16|MOZAMBIQUE|56|16|33375.2|0.07|56|12961|12961|916
13|JORDAN|36|13|26718.39|0.06|36|38370|38370|619
0|ALGERIA|24|0|32276.31|0.06|24|38370|38370|619
24|UNITED STATES|49|24|42066.2|0.04|49|38370|38370|619
20|SAUDI ARABIA|74|20|53387.26|0.03|74|38370|38370|619
20|SAUDI ARABIA|74|20|47651.0|0.03|74|38370|38370|619
17|PERU|59|17|66711.54|0.0|59|2721|2721|619
9|INDONESIA|23|9|1844.04|0.02|23|2721|2721|619
9|INDONESIA|45|9|12453.2|0.1|45|8418|8418|86
8|INDIA|61|8|5453.84|0.02|61|29638|29638|806
13|JORDAN|36|13|51030.36|0.05|36|29638|29638|806
15|MOROCCO|4|15|39479.37|0.04|4|29638|29638|806
0|ALGERIA|28|0|11991.87|0.02|28|29638|29638|806
1|ARGENTINA|3|1|13358.52|0.06|3|29638|29638|806
7|GERMANY|44|7|56718.48|0.07|44|18528|18528|718
8|INDIA|60|8|5281.64|0.06|60|18528|18528|718
8|INDIA|12|8|58107.51|0.09|12|18528|18528|718
5|ETHIOPIA|78|5|42794.57|0.1|78|18528|18528|718
24|UNITED STATES|49|24|33666.6|0.05|49|18528|18528|718
24|UNITED STATES|49|24|1612.71|0.04|49|18528|18528|718
19|ROMANIA|17|19|41328.47|0.05|17|39714|39714|1120
14|KENYA|6|14|41002.47|0.03|6|44675|44675|718
7|GERMANY|44|7|22704.78|0.05|44|44675|44675|718
16|MOZAMBIQUE|31|16|5580.18|0.01|31|44675|44675|718
24|UNITED STATES|46|24|51162.86|0.03|46|21476|21476|1010
16|MOZAMBIQUE|56|16|36786.42|0.08|56|21476|21476|1010
10|IRAN|34|10|19809.9|0.08|34|21476|21476|1010
3|CANADA|20|3|54658.5|0.01|20|21476|21476|1010
24|UNITED STATES|19|24|5195.65|0.08|19|46721|46721|1021
14|KENYA|47|14|53977.6|0.01|47|34467|34467|53
16|MOZAMBIQUE|30|16|59823.9|0.0|30|34467|34467|53
13|JORDAN|36|13|57932.1|0.04|36|455|455|97
14|KENYA|6|14|35248.5|0.07|6|29506|29506|949
18|CHINA|11|18|8289.96|0.09|11|29506|29506|949
16|MOZAMBIQUE|56|16|41709.78|0.07|56|29506|29506|949
24|UNITED STATES|19|24|13166.28|0.03|19|29506|29506|949
14|KENYA|76|14|79914.15|0.09|76|29506|29506|949
19|ROMANIA|52|19|58266.6|0.1|52|29506|29506|949
23|UNITED KINGDOM|7|23|26328.2|0.01|7|24963|24963|916
9|INDONESIA|51|9|33531.75|0.02|51|24963|24963|916
3|CANADA|13|3|22488.72|0.08|13|24963|24963|916
15|MOROCCO|4|15|59964.96|0.03|4|24963|24963|916
24|UNITED STATES|49|24|19781.6|0.03|49|24963|24963|916
3|CANADA|20|3|27570.3|0.03|20|24963|24963|916
23|UNITED KINGDOM|66|23|49123.14|0.06|66|47810|47810|1153
24|UNITED STATES|46|24|13918.96|0.1|46|47810|47810|1153
12|JAPAN|54|12|34732.38|0.05|54|47810|47810|1153
1|ARGENTINA|3|1|57751.76|0.1|3|47810|47810|1153
23|UNITED KINGDOM|66|23|37532.32|0.03|66|3588|3588|949
1|ARGENTINA|71|1|52707.15|0.04|71|3588|3588|949
21|VIETNAM|68|21|20064.22|0.05|68|3588|3588|949
8|INDIA|12|8|55581.8|0.08|12|3588|3588|949
8|INDIA|12|8|9622.2|0.06|12|3588|3588|949
24|UNITED STATES|10|24|45436.16|0.04|10|3588|3588|949
18|CHINA|27|18|65744.19|0.08|27|3588|3588|949
1|ARGENTINA|71|1|39567.0|0.06|71|35|35|1021
22|RUSSIA|25|22|13082.72|0.06|25|35|35|1021
22|RUSSIA|25|22|21696.0|0.02|25|35|35|1021
7|GERMANY|53|7|40707.86|0.06|53|35|35|1021
16|MOZAMBIQUE|31|16|32122.72|0.03|31|35|35|1021
5|ETHIOPIA|63|5|63272.64|0.08|63|35|35|1021
14|KENYA|6|14|74579.5|0.09|6|8516|8516|86
7|GERMANY|33|7|18488.33|0.01|33|8516|8516|86
7|GERMANY|77|7|25788.56|0.1|77|8516|8516|86
1|ARGENTINA|71|1|39122.8|0.09|71|8516|8516|86
14|KENYA|48|14|51094.8|0.06|48|8516|8516|86
16|MOZAMBIQUE|58|16|44064.48|0.1|58|8516|8516|86
9|INDONESIA|23|9|71882.36|0.04|23|8516|8516|86
1|ARGENTINA|3|1|36380.88|0.06|3|31333|31333|1087
10|IRAN|9|10|41931.63|0.03|9|40771|40771|64
0|ALGERIA|37|0|50454.4|0.06|37|40771|40771|64
17|PERU|59|17|16787.7|0.01|59|40771|40771|64
21|VIETNAM|68|21|35940.57|0.08|68|40771|40771|64
16|MOZAMBIQUE|18|16|15312.8|0.04|18|40771|40771|64
18|CHINA|27|18|12754.04|0.02|27|40771|40771|64
22|RUSSIA|25|22|74614.76|0.05|25|14305|14305|1142
14|KENYA|6|14|3537.81|0.06|6|42179|42179|509
17|PERU|59|17|39185.72|0.07|59|42179|42179|509
4|EGYPT|69|4|18154.37|0.08|69|42179|42179|509
8|INDIA|12|8|43406.4|0.05|12|42179|42179|509
22|RUSSIA|65|22|31995.36|0.05|65|42179|42179|509
19|ROMANIA|17|19|51702.35|0.01|17|42179|42179|509
18|CHINA|27|18|20822.4|0.07|27|42179|42179|509
17|PERU|8|17|23646.76|0.01|8|45248|45248|1186
7|GERMANY|77|7|16022.05|0.01|77|45248|45248|1186
16|MOZAMBIQUE|58|16|37671.84|0.04|58|45248|45248|1186
5|ETHIOPIA|78|5|13196.43|0.08|78|45248|45248|1186
15|MOROCCO|4|15|11316.48|0.0|4|45248|45248|1186
10|IRAN|34|10|52817.8|0.05|34|8580|8580|619
16|MOZAMBIQUE|18|16|31789.51|0.01|18|8580|8580|619
22|RUSSIA|65|22|66851.1|0.09|65|8580|8580|619
8|INDIA|60|8|42874.87|0.04|60|43015|43015|916
21|VIETNAM|68|21|26529.0|0.1|68|43015|43015|916
16|MOZAMBIQUE|18|16|2236.42|0.04|18|43015|43015|916
12|JAPAN|54|12|13971.12|0.1|54|43015|43015|916
22|RUSSIA|16|22|13725.15|0.05|16|43015|43015|916
24|UNITED STATES|64|24|16508.19|0.0|64|43015|43015|916
17|PERU|59|17|73087.91|0.04|59|1156|1156|1054
2|BRAZIL|21|2|24365.46|0.02|21|1156|1156|1054
16|MOZAMBIQUE|30|16|23905.35|0.07|30|1156|1156|1054
17|PERU|1|17|36679.68|0.1|1|4742|4742|509
18|CHINA|11|18|22043.4|0.06|11|4742|4742|509
24|UNITED STATES|19|24|43570.5|0.05|19|4742|4742|509
22|RUSSIA|65|22|33066.67|0.02|65|4742|4742|509
14|KENYA|76|14|76310.55|0.05|76|4742|4742|509
4|EGYPT|22|4|23034.31|0.07|22|2432|2432|817
7|GERMANY|44|7|38861.7|0.03|44|2432|2432|817
2|BRAZIL|21|2|14001.4|0.0|21|2432|2432|817
22|RUSSIA|16|22|9570.32|0.07|16|2432|2432|817
19|ROMANIA|62|19|58589.38|0.03|62|3587|3587|619
9|INDONESIA|50|9|17490.6|0.06|50|3587|3587|619
1|ARGENTINA|29|1|39751.2|0.05|29|3587|3587|619
0|ALGERIA|28|0|34191.34|0.07|28|3587|3587|619
7|GERMANY|53|7|7377.85|0.09|53|3587|3587|619
16|MOZAMBIQUE|30|16|45650.4|0.0|30|3587|3587|619
16|MOZAMBIQUE|30|16|27997.44|0.01|30|3587|3587|619
16|MOZAMBIQUE|73|16|19476.96|0.1|73|5511|5511|619
3|CANADA|13|3|22357.61|0.1|13|5511|5511|619
9|INDONESIA|45|9|23992.22|0.02|45|5511|5511|619
5|ETHIOPIA|63|5|37674.61|0.09|63|5511|5511|619
17|PERU|1|17|28013.6|0.0|1|41926|41926|53
24|UNITED STATES|55|24|36386.74|0.05|55|41926|41926|53
15|MOROCCO|14|15|42791.53|0.0|14|41926|41926|53
24|UNITED STATES|46|24|45929.58|0.08|46|41926|41926|53
4|EGYPT|38|4|22376.42|0.05|38|41926|41926|53
16|MOZAMBIQUE|31|16|59703.6|0.01|31|5379|5379|707
23|UNITED KINGDOM|66|23|3648.93|0.06|66|35909|35909|1043
14|KENYA|47|14|69873.6|0.06|47|35909|35909|1043
17|PERU|57|17|81818.24|0.02|57|35909|35909|1043
12|JAPAN|43|12|31383.44|0.0|43|35909|35909|1043
3|CANADA|13|3|5045.5|0.06|13|41728|41728|64
0|ALGERIA|28|0|67121.55|0.1|28|41728|41728|64
7|GERMANY|77|7|6817.38|0.06|77|40837|40837|916
22|RUSSIA|42|22|82796.85|0.01|42|40837|40837|916
22|RUSSIA|40|22|38741.7|0.08|40|10722|10722|64
17|PERU|59|17|44112.48|0.04|59|10722|10722|64
17|PERU|57|17|10835.4|0.09|57|10722|10722|64
19|ROMANIA|17|19|39840.39|0.0|17|10722|10722|64
24|UNITED STATES|49|24|61426.36|0.04|49|10722|10722|64
18|CHINA|75|18|12003.67|0.06|75|10722|10722|64
9|INDONESIA|51|9|76596.96|0.03|51|25858|25858|1054
7|GERMANY|77|7|46538.31|0.09|77|25858|25858|1054
22|RUSSIA|16|22|10135.98|0.07|16|25858|25858|1054
7|GERMANY|53|7|27997.83|0.02|53|25858|25858|1054
16|MOZAMBIQUE|73|16|2967.24|0.03|73|31424|31424|619
10|IRAN|34|10|52198.77|0.02|34|31424|31424|619
14|KENYA|76|14|12424.32|0.03|76|31424|31424|619
0|ALGERIA|28|0|44966.74|0.07|28|31424|31424|619
24|UNITED STATES|49|24|23509.27|0.0|49|31424|31424|619
7|GERMANY|53|7|36177.9|0.09|53|31424|31424|619
22|RUSSIA|42|22|59754.39|0.01|42|31424|31424|619
22|RUSSIA|16|22|24365.22|0.02|16|45702|45702|916
18|CHINA|41|18|55010.0|0.07|41|45702|45702|916
18|CHINA|41|18|13036.86|0.03|41|45702|45702|916
23|UNITED KINGDOM|7|23|24478.74|0.03|7|9056|9056|97
17|PERU|59|17|48341.46|0.01|59|9056|9056|97
23|UNITED KINGDOM|32|23|40027.18|0.07|32|9056|9056|97
4|EGYPT|38|4|31915.63|0.06|38|9056|9056|97
18|CHINA|75|18|8874.35|0.02|75|9056|9056|97
7|GERMANY|33|7|7069.62|0.08|33|32711|32711|1142
24|UNITED STATES|46|24|20370.93|0.02|46|32711|32711|1142
17|PERU|57|17|25151.55|0.01|57|32711|32711|1142
3|CANADA|13|3|53949.24|0.01|13|32711|32711|1142
19|ROMANIA|17|19|13716.95|0.0|17|32711|32711|1142
18|CHINA|27|18|59431.14|0.0|27|32711|32711|1142
7|GERMANY|53|7|21551.22|0.03|53|32711|32711|1142
11|IRAQ|5|11|21069.36|0.07|5|24769|24769|1021
8|INDIA|61|8|37392.04|0.07|61|24769|24769|1021
8|INDIA|61|8|72195.26|0.08|61|24769|24769|1021
10|IRAN|9|10|21989.94|0.04|9|24769|24769|1021
9|INDONESIA|45|9|74218.32|0.09|45|24769|24769|1021
16|MOZAMBIQUE|18|16|26991.38|0.03|18|24769|24769|1021
23|UNITED KINGDOM|32|23|3033.33|0.01|32|24769|24769|1021
24|UNITED STATES|19|24|17256.87|0.04|19|8099|8099|97
21|VIETNAM|80|21|67139.3|0.09|80|21414|21414|1120
7|GERMANY|33|7|25198.46|0.07|33|21414|21414|1120
24|UNITED STATES|46|24|59914.5|0.0|46|21414|21414|1120
8|INDIA|12|8|53866.56|0.06|12|21414|21414|1120
16|MOZAMBIQUE|18|16|33552.12|0.01|18|21414|21414|1120
16|MOZAMBIQUE|30|16|61155.19|0.01|30|21414|21414|1120
9|INDONESIA|51|9|13126.95|0.01|51|33955|33955|916
18|CHINA|11|18|44968.85|0.03|11|33955|33955|916
1|ARGENTINA|71|1|82706.85|0.02|71|33955|33955|916
16|MOZAMBIQUE|58|16|46255.3|0.06|58|33955|33955|916
16|MOZAMBIQUE|56|16|18661.89|0.03|56|33955|33955|916
22|RUSSIA|42|22|53382.6|0.09|42|33955|33955|916
9|INDONESIA|50|9|39239.05|0.06|50|31942|31942|1186
10|IRAN|34|10|45600.1|0.08|34|31942|31942|1186
14|KENYA|6|14|54266.52|0.09|6|31554|31554|938
11|IRAQ|5|11|2698.88|0.08|5|31554|31554|938
21|VIETNAM|26|21|48674.9|0.09|26|31554|31554|938
21|VIETNAM|35|21|53358.0|0.03|35|31554|31554|938
5|ETHIOPIA|63|5|19845.0|0.04|63|31554|31554|938
18|CHINA|72|18|36225.59|0.07|72|38946|38946|1142
21|VIETNAM|80|21|14727.84|0.02|80|40871|40871|608
19|ROMANIA|62|19|21919.46|0.0|62|40871|40871|608
10|IRAN|34|10|25972.06|0.08|34|40871|40871|608
3|CANADA|20|3|45229.85|0.0|20|40871|40871|608
14|KENYA|6|14|65470.0|0.0|6|22116|22116|707
19|ROMANIA|62|19|8967.54|0.01|62|22116|22116|707
16|MOZAMBIQUE|56|16|2800.98|0.0|56|22116|22116|707
23|UNITED KINGDOM|32|23|41564.4|0.07|32|22116|22116|707
0|ALGERIA|28|0|9607.29|0.06|28|22116|22116|707
7|GERMANY|44|7|9209.7|0.03|44|46503|46503|1054
2|BRAZIL|21|2|6266.75|0.08|21|46503|46503|1054
7|GERMANY|53|7|61633.12|0.08|53|46503|46503|1054
16|MOZAMBIQUE|18|16|57625.23|0.01|18|9351|9351|718
5|ETHIOPIA|63|5|13538.64|0.08|63|9351|9351|718
7|GERMANY|77|7|24426.4|0.06|77|13954|13954|619
10|IRAN|9|10|4411.68|0.05|9|13954|13954|619
14|KENYA|47|14|22969.18|0.06|47|13954|13954|619
18|CHINA|41|18|75725.1|0.08|41|13954|13954|619
9|INDONESIA|45|9|59013.45|0.0|45|32544|32544|718
2|BRAZIL|21|2|27013.5|0.06|21|32544|32544|718
5|ETHIOPIA|2|5|68410.78|0.04|2|44710|44710|1120
16|MOZAMBIQUE|73|16|5606.88|0.06|73|21248|21248|619
1|ARGENTINA|71|1|57248.52|0.01|71|21248|21248|619
8|INDIA|15|8|56329.5|0.06|15|21248|21248|619
14|KENYA|47|14|26679.12|0.03|47|21248|21248|619
1|ARGENTINA|29|1|36729.6|0.01|29|21248|21248|619
19|ROMANIA|17|19|53187.5|0.1|17|21248|21248|619
10|IRAN|34|10|28410.2|0.1|34|13702|13702|905
19|ROMANIA|17|19|19044.64|0.05|17|13702|13702|905
21|VIETNAM|80|21|47365.25|0.02|80|326|326|608
21|VIETNAM|68|21|54711.63|0.06|68|326|326|608
15|MOROCCO|4|15|36495.37|0.04|4|326|326|608
16|MOZAMBIQUE|18|16|40133.7|0.02|18|326|326|608
12|JAPAN|43|12|58201.51|0.04|43|326|326|608
18|CHINA|27|18|34286.75|0.03|27|326|326|608
22|RUSSIA|16|22|7898.35|0.03|16|326|326|608
21|VIETNAM|80|21|8078.55|0.07|80|38628|38628|64
14|KENYA|6|14|74411.89|0.02|6|24966|24966|1186
16|MOZAMBIQUE|73|16|16820.64|0.05|73|24966|24966|1186
17|PERU|59|17|10603.36|0.09|59|24966|24966|1186
14|KENYA|48|14|48898.92|0.0|48|24966|24966|1186
12|JAPAN|43|12|7526.19|0.05|43|24966|24966|1186
8|INDIA|39|8|27098.19|0.04|39|24966|24966|1186
16|MOZAMBIQUE|30|16|1333.43|0.1|30|24966|24966|1186
21|VIETNAM|35|21|44067.12|0.02|35|44997|44997|608
10|IRAN|34|10|48350.07|0.04|34|44997|44997|608
23|UNITED KINGDOM|32|23|54867.71|0.05|32|37924|37924|718
18|CHINA|41|18|29172.28|0.03|41|37924|37924|718
7|GERMANY|44|7|4120.41|0.0|44|47747|47747|31
4|EGYPT|22|4|14523.6|0.07|22|47747|47747|31
18|CHINA|75|18|13742.88|0.01|75|47747|47747|31
1|ARGENTINA|71|1|49975.65|0.03|71|36417|36417|1120
17|PERU|59|17|57740.9|0.03|59|36417|36417|1120
18|CHINA|72|18|39642.6|0.02|72|45349|45349|1120
4|EGYPT|38|4|53297.64|0.07|38|45349|45349|1120
9|INDONESIA|51|9|22630.92|0.05|51|7680|7680|1054
14|KENYA|48|14|25143.56|0.05|48|7680|7680|1054
21|VIETNAM|35|21|59571.0|0.03|35|7680|7680|1054
3|CANADA|13|3|52136.64|0.09|13|7680|7680|1054
24|UNITED STATES|19|24|44462.95|0.07|19|7680|7680|1054
12|JAPAN|54|12|41708.8|0.0|54|7680|7680|1054
18|CHINA|75|18|56226.72|0.01|75|7680|7680|1054
9|INDONESIA|51|9|2730.03|0.03|51|3362|3362|1120
1|ARGENTINA|71|1|72796.4|0.05|71|3362|3362|1120
16|MOZAMBIQUE|58|16|35931.24|0.06|58|3362|3362|1120
5|ETHIOPIA|78|5|14996.38|0.06|78|3362|3362|1120
24|UNITED STATES|64|24|64607.0|0.09|64|3362|3362|1120
18|CHINA|41|18|59923.96|0.05|41|3362|3362|1120
4|EGYPT|22|4|16099.92|0.09|22|30724|30724|1076
18|CHINA|27|18|28254.48|0.09|27|30724|30724|1076
8|INDIA|15|8|54838.71|0.05|15|41955|41955|97
3|CANADA|13|3|18640.6|0.01|13|41955|41955|97
1|ARGENTINA|29|1|58713.5|0.02|29|41955|41955|97
23|UNITED KINGDOM|32|23|26828.8|0.05|32|41955|41955|97
0|ALGERIA|28|0|58626.92|0.1|28|41955|41955|97
18|CHINA|27|18|30560.22|0.0|27|41955|41955|97
24|UNITED STATES|64|24|35612.61|0.01|64|41955|41955|97
24|UNITED STATES|46|24|34373.12|0.09|46|4484|4484|1043
21|VIETNAM|68|21|52255.8|0.04|68|5188|5188|1120
3|CANADA|13|3|33154.92|0.04|13|5188|5188|1120
7|GERMANY|53|7|9766.62|0.06|53|5188|5188|1120
23|UNITED KINGDOM|7|23|62652.12|0.05|7|31648|31648|1120
7|GERMANY|33|7|79332.0|0.06|33|31648|31648|1120
7|GERMANY|77|7|47436.09|0.1|77|31648|31648|1120
6|FRANCE|70|6|8246.82|0.1|70|31648|31648|1120
21|VIETNAM|35|21|30546.56|0.09|35|31648|31648|1120
14|KENYA|79|14|46699.45|0.08|79|31648|31648|1120
5|ETHIOPIA|63|5|40258.24|0.04|63|31648|31648|1120
15|MOROCCO|14|15|64357.09|0.05|14|31747|31747|97
5|ETHIOPIA|78|5|57162.0|0.07|78|31747|31747|97
16|MOZAMBIQUE|30|16|20371.26|0.05|30|31747|31747|97
16|MOZAMBIQUE|56|16|23000.48|0.03|56|20802|20802|1153
9|INDONESIA|51|9|21878.25|0.09|51|20737|20737|31
16|MOZAMBIQUE|58|16|14055.45|0.09|58|20737|20737|31
15|MOROCCO|14|15|25118.69|0.08|14|20737|20737|31
14|KENYA|79|14|37512.64|0.08|79|20737|20737|31
8|INDIA|12|8|39443.47|0.07|12|20737|20737|31
22|RUSSIA|65|22|38056.5|0.05|65|20737|20737|31
4|EGYPT|38|4|12333.3|0.01|38|20737|20737|31
23|UNITED KINGDOM|32|23|36320.0|0.07|32|41538|41538|839
17|PERU|59|17|46315.5|0.09|59|4320|4320|916
19|ROMANIA|62|19|4330.62|0.1|62|8995|8995|905
9|INDONESIA|50|9|1082.18|0.04|50|8995|8995|905
9|INDONESIA|50|9|22747.92|0.08|50|8995|8995|905
4|EGYPT|69|4|38418.12|0.01|69|8995|8995|905
14|KENYA|79|14|66319.05|0.08|79|8995|8995|905
16|MOZAMBIQUE|18|16|63376.11|0.01|18|8995|8995|905
21|VIETNAM|35|21|5541.0|0.02|35|7235|7235|1142
18|CHINA|27|18|15304.51|0.03|27|7235|7235|1142
23|UNITED KINGDOM|7|23|46927.4|0.03|7|25926|25926|916
18|CHINA|11|18|57010.09|0.06|11|25926|25926|916
17|PERU|59|17|23521.68|0.0|59|25926|25926|916
4|EGYPT|69|4|61565.6|0.03|69|25926|25926|916
23|UNITED KINGDOM|32|23|65429.16|0.08|32|25926|25926|916
18|CHINA|75|18|25487.36|0.1|75|25926|25926|916
16|MOZAMBIQUE|73|16|41064.45|0.06|73|40578|40578|97
9|INDONESIA|51|9|44175.36|0.02|51|40578|40578|97
23|UNITED KINGDOM|66|23|17571.04|0.01|66|40578|40578|97
16|MOZAMBIQUE|56|16|16176.42|0.05|56|40578|40578|97
3|CANADA|20|3|60193.35|0.02|20|40578|40578|97
19|ROMANIA|52|19|1125.22|0.03|52|40578|40578|97
18|CHINA|11|18|33481.08|0.06|11|45506|45506|806
0|ALGERIA|24|0|22669.92|0.03|24|45506|45506|806
4|EGYPT|67|4|5540.82|0.0|67|45506|45506|806
24|UNITED STATES|10|24|20314.04|0.05|10|45506|45506|806
18|CHINA|75|18|20251.93|0.06|75|45506|45506|806
21|VIETNAM|80|21|21715.76|0.06|80|6374|6374|718
23|UNITED KINGDOM|7|23|6613.2|0.03|7|6374|6374|718
10|IRAN|9|10|1544.64|0.03|9|6374|6374|718
24|UNITED STATES|10|24|40338.72|0.01|10|6374|6374|718
18|CHINA|27|18|69818.26|0.05|27|6374|6374|718
7|GERMANY|53|7|51826.6|0.01|53|6374|6374|718
8|INDIA|60|8|78742.8|0.06|60|34913|34913|1054
16|MOZAMBIQUE|56|16|22851.78|0.06|56|34913|34913|1054
17|PERU|1|17|8300.88|0.04|1|3174|3174|1010
9|INDONESIA|50|9|18635.89|0.08|50|3174|3174|1010
0|ALGERIA|37|0|57312.84|0.02|37|3174|3174|1010
16|MOZAMBIQUE|58|16|14847.6|0.07|58|3174|3174|1010
0|ALGERIA|28|0|5802.16|0.01|28|3174|3174|1010
18|CHINA|41|18|34266.33|0.08|41|3174|3174|1010
0|ALGERIA|37|0|2532.72|0.05|37|30657|30657|817
22|RUSSIA|42|22|34633.51|0.1|42|30657|30657|817
1|ARGENTINA|3|1|16994.56|0.05|3|30657|30657|817
2|BRAZIL|21|2|1217.31|0.05|21|41668|41668|1054
4|EGYPT|69|4|22771.84|0.03|69|12290|12290|1043
24|UNITED STATES|10|24|60482.17|0.07|10|12290|12290|1043
22|RUSSIA|25|22|37364.3|0.06|25|13093|13093|905
24|UNITED STATES|64|24|65394.03|0.08|64|13093|13093|905
19|ROMANIA|52|19|20316.75|0.03|52|13093|13093|905
21|VIETNAM|26|21|41906.92|0.09|26|38240|38240|817
22|RUSSIA|25|22|3126.42|0.02|25|38240|38240|817
2|BRAZIL|21|2|40004.0|0.02|21|38240|38240|817
7|GERMANY|53|7|7943.4|0.02|53|38240|38240|817
8|INDIA|60|8|16442.28|0.03|60|18693|18693|718
8|INDIA|60|8|55432.41|0.0|60|18693|18693|718
8|INDIA|15|8|3585.87|0.0|15|18693|18693|718
16|MOZAMBIQUE|58|16|24291.45|0.03|58|18693|18693|718
7|GERMANY|53|7|69822.26|0.01|53|18693|18693|718
24|UNITED STATES|55|24|21800.46|0.0|55|2660|2660|1010
9|INDONESIA|51|9|76147.41|0.01|51|2980|2980|31
9|INDONESIA|51|9|25867.35|0.08|51|2980|2980|31
8|INDIA|61|8|53811.31|0.03|61|2980|2980|31
16|MOZAMBIQUE|58|16|46899.36|0.04|58|2980|2980|31
18|CHINA|75|18|2382.58|0.09|75|2980|2980|31
16|MOZAMBIQUE|73|16|24250.84|0.04|73|20805|20805|1054
18|CHINA|72|18|49838.7|0.07|72|20805|20805|1054
15|MOROCCO|14|15|47051.7|0.03|14|20805|20805|1054
14|KENYA|79|14|13126.95|0.02|79|20805|20805|1054
2|BRAZIL|21|2|33486.3|0.0|21|20805|20805|1054
7|GERMANY|77|7|53517.64|0.06|77|8612|8612|817
9|INDONESIA|50|9|22289.94|0.03|50|8612|8612|817
4|EGYPT|67|4|2922.21|0.07|67|8612|8612|817
0|ALGERIA|28|0|45083.52|0.04|28|19970|19970|1175
5|ETHIOPIA|2|5|23357.08|0.08|2|19970|19970|1175
0|ALGERIA|37|0|15572.17|0.02|37|37383|37383|1120
4|EGYPT|69|4|30657.66|0.04|69|37383|37383|1120
5|ETHIOPIA|78|5|32796.05|0.06|78|37383|37383|1120
22|RUSSIA|42|22|58671.36|0.03|42|37383|37383|1120
20|SAUDI ARABIA|74|20|26869.04|0.05|74|37383|37383|1120
10|IRAN|9|10|36363.6|0.1|9|26020|26020|1175
15|MOROCCO|14|15|39075.05|0.07|14|26020|26020|1175
23|UNITED KINGDOM|32|23|47551.3|0.08|32|26020|26020|1175
14|KENYA|6|14|11716.76|0.06|6|17122|17122|97
8|INDIA|15|8|64268.0|0.07|15|17122|17122|97
8|INDIA|15|8|24386.64|0.1|15|17122|17122|97
19|ROMANIA|62|19|57821.6|0.03|62|47361|47361|64
22|RUSSIA|25|22|11464.11|0.03|25|47361|47361|64
23|UNITED KINGDOM|32|23|62966.6|0.08|32|47361|47361|64
8|INDIA|15|8|52657.5|0.07|15|39463|39463|1087
22|RUSSIA|16|22|43407.9|0.0|16|16484|16484|53
17|PERU|8|17|60788.22|0.03|8|20070|20070|817
21|VIETNAM|80|21|35695.59|0.02|80|20070|20070|817
11|IRAQ|5|11|12108.96|0.05|5|20070|20070|817
9|INDONESIA|45|9|20782.2|0.03|45|20070|20070|817
16|MOZAMBIQUE|31|16|6637.2|0.1|31|20070|20070|817
22|RUSSIA|40|22|62458.44|0.06|40|47075|47075|806
14|KENYA|48|14|56409.85|0.07|48|47075|47075|806
9|INDONESIA|45|9|32275.34|0.03|45|47075|47075|806
18|CHINA|27|18|30299.94|0.1|27|47075|47075|806
19|ROMANIA|52|19|16208.1|0.09|52|47075|47075|806
16|MOZAMBIQUE|58|16|28130.83|0.06|58|46086|46086|949
4|EGYPT|22|4|57710.4|0.05|22|38023|38023|20
21|VIETNAM|68|21|34252.66|0.06|68|38023|38023|20
2|BRAZIL|21|2|1330.42|0.0|21|38023|38023|20
12|JAPAN|43|12|30991.12|0.02|43|38023|38023|20
8|INDIA|39|8|40715.71|0.08|39|38023|38023|20
24|UNITED STATES|64|24|86053.71|0.02|64|38023|38023|20
21|VIETNAM|80|21|14941.35|0.09|80|30081|30081|1087
11|IRAQ|5|11|15343.2|0.08|5|30081|30081|1087
12|JAPAN|54|12|15905.44|0.05|54|30081|30081|1087
19|ROMANIA|52|19|10234.96|0.09|52|30081|30081|1087
1|ARGENTINA|29|1|1016.11|0.07|29|47681|47681|1120
18|CHINA|11|18|16830.54|0.07|11|44194|44194|97
18|CHINA|72|18|74718.4|0.04|72|44194|44194|97
9|INDONESIA|45|9|45584.64|0.03|45|44194|44194|97
9|INDONESIA|23|9|51741.9|0.06|23|44194|44194|97
12|JAPAN|54|12|28943.46|0.0|54|44194|44194|97
17|PERU|8|17|65989.6|0.07|8|36197|36197|718
4|EGYPT|69|4|50156.52|0.1|69|36197|36197|718
10|IRAN|34|10|67166.55|0.03|34|36197|36197|718
14|KENYA|76|14|52922.68|0.06|76|36197|36197|718
7|GERMANY|33|7|42577.57|0.01|33|26374|26374|1021
7|GERMANY|44|7|41553.0|0.02|44|26374|26374|1021
17|PERU|57|17|33343.42|0.08|57|26374|26374|1021
21|VIETNAM|35|21|7107.6|0.02|35|26374|26374|1021
9|INDONESIA|23|9|45575.76|0.0|23|35296|35296|1087
8|INDIA|12|8|22513.79|0.06|12|35296|35296|1087
16|MOZAMBIQUE|31|16|52947.72|0.05|31|35296|35296|1087
19|ROMANIA|52|19|6687.08|0.04|52|35296|35296|1087
23|UNITED KINGDOM|66|23|48384.46|0.09|66|12262|12262|1153
22|RUSSIA|25|22|55003.08|0.05|25|12262|12262|1153
15|MOROCCO|14|15|18243.89|0.02|14|12262|12262|1153
9|INDONESIA|45|9|10081.89|0.08|45|12262|12262|1153
9|INDONESIA|50|9|48760.2|0.09|50|47781|47781|949
13|JORDAN|36|13|32308.32|0.1|36|47781|47781|949
19|ROMANIA|52|19|55098.24|0.01|52|47781|47781|949
24|UNITED STATES|55|24|86241.71|0.08|55|19621|19621|1054
10|IRAN|9|10|10275.04|0.05|9|19621|19621|1054
21|VIETNAM|68|21|70731.36|0.06|68|19621|19621|1054
5|ETHIOPIA|78|5|13196.43|0.04|78|19621|19621|1054
8|INDIA|39|8|44597.25|0.1|39|19621|19621|1054
16|MOZAMBIQUE|31|16|24656.1|0.0|31|19621|19621|1054
18|CHINA|41|18|13482.69|0.0|41|19621|19621|1054
0|ALGERIA|37|0|4333.62|0.0|37|1927|1927|1120
4|EGYPT|38|4|8517.06|0.05|38|1927|1927|1120
18|CHINA|75|18|22208.7|0.08|75|1927|1927|1120
8|INDIA|61|8|12669.3|0.04|61|13153|13153|916
7|GERMANY|33|7|32554.65|0.0|33|27684|27684|31
13|JORDAN|36|13|43920.48|0.04|36|27684|27684|31
5|ETHIOPIA|63|5|47211.3|0.02|63|27684|27684|31
18|CHINA|41|18|18640.52|0.03|41|27684|27684|31
21|VIETNAM|80|21|5696.15|0.03|80|19203|19203|817
24|UNITED STATES|55|24|30036.5|0.01|55|19203|19203|817
14|KENYA|79|14|35162.5|0.0|79|19203|19203|817
12|JAPAN|43|12|6360.96|0.1|43|19203|19203|817
8|INDIA|61|8|29281.75|0.07|61|37255|37255|1087
9|INDONESIA|50|9|40633.5|0.03|50|37255|37255|1087
10|IRAN|9|10|30367.06|0.04|9|29731|29731|31
16|MOZAMBIQUE|58|16|49365.82|0.05|58|29731|29731|31
4|EGYPT|69|4|29379.46|0.09|69|29731|29731|31
16|MOZAMBIQUE|58|16|21037.5|0.01|58|45890|45890|1153
19|ROMANIA|62|19|38100.26|0.05|62|39015|39015|608
17|PERU|59|17|19829.28|0.08|59|39015|39015|608
0|ALGERIA|28|0|2090.28|0.07|28|39015|39015|608
24|UNITED STATES|64|24|16165.16|0.1|64|39015|39015|608
7|GERMANY|53|7|63043.68|0.1|53|39015|39015|608
18|CHINA|11|18|16265.4|0.0|11|36353|36353|1076
18|CHINA|11|18|11190.06|0.02|11|36353|36353|1076
6|FRANCE|70|6|44003.52|0.02|70|36353|36353|1076
14|KENYA|47|14|56676.48|0.03|47|36353|36353|1076
20|SAUDI ARABIA|74|20|30692.79|0.02|74|36353|36353|1076
4|EGYPT|69|4|52765.5|0.05|69|26432|26432|916
16|MOZAMBIQUE|18|16|38841.25|0.05|18|26432|26432|916
12|JAPAN|54|12|5906.28|0.03|54|26432|26432|916
20|SAUDI ARABIA|74|20|52507.49|0.0|74|26432|26432|916
5|ETHIOPIA|63|5|2358.54|0.04|63|26432|26432|916
22|RUSSIA|40|22|43426.2|0.07|40|26498|26498|1021
17|PERU|1|17|57381.2|0.09|1|15685|15685|1021
7|GERMANY|44|7|36353.88|0.01|44|15685|15685|1021
6|FRANCE|70|6|32434.75|0.05|70|15685|15685|1021
4|EGYPT|67|4|40482.72|0.01|67|15685|15685|1021
8|INDIA|61|8|50579.99|0.06|61|27873|27873|64
20|SAUDI ARABIA|74|20|15521.17|0.07|74|27873|27873|64
7|GERMANY|44|7|35471.44|0.04|44|12132|12132|1021
8|INDIA|61|8|70394.88|0.01|61|12132|12132|1021
3|CANADA|13|3|8661.31|0.07|13|12132|12132|1021
10|IRAN|34|10|52108.32|0.03|34|12132|12132|1021
19|ROMANIA|17|19|11837.87|0.03|17|12132|12132|1021
7|GERMANY|53|7|22656.92|0.08|53|12132|12132|1021
14|KENYA|79|14|26232.6|0.06|79|23462|23462|1054
24|UNITED STATES|19|24|16790.06|0.08|19|23462|23462|1054
1|ARGENTINA|29|1|24386.64|0.05|29|23462|23462|1054
16|MOZAMBIQUE|18|16|24533.46|0.06|18|23462|23462|1054
14|KENYA|79|14|42755.85|0.1|79|11461|11461|839
9|INDONESIA|23|9|19957.44|0.05|23|11461|11461|839
19|ROMANIA|17|19|28035.83|0.01|17|11461|11461|839
17|PERU|1|17|30708.0|0.06|1|20097|20097|1054
1|ARGENTINA|71|1|9700.7|0.0|71|20097|20097|1054
16|MOZAMBIQUE|56|16|13187.86|0.01|56|20097|20097|1054
1|ARGENTINA|29|1|50135.78|0.06|29|20097|20097|1054
22|RUSSIA|16|22|12037.2|0.01|16|20097|20097|1054
22|RUSSIA|42|22|13238.0|0.01|42|20097|20097|1054
3|CANADA|20|3|20241.6|0.0|20|20097|20097|1054
22|RUSSIA|40|22|40764.4|0.05|40|15268|15268|1186
21|VIETNAM|80|21|56318.72|0.1|80|43142|43142|1054
9|INDONESIA|51|9|41922.21|0.06|51|43142|43142|1054
16|MOZAMBIQUE|58|16|69924.5|0.05|58|43142|43142|1054
17|PERU|57|17|57096.9|0.03|57|43142|43142|1054
18|CHINA|27|18|31422.16|0.04|27|43142|43142|1054
24|UNITED STATES|49|24|61541.8|0.03|49|43142|43142|1054
4|EGYPT|22|4|43598.72|0.02|22|20482|20482|905
14|KENYA|48|14|12753.7|0.0|48|20482|20482|905
14|KENYA|47|14|21131.99|0.07|47|20482|20482|905
14|KENYA|79|14|45469.84|0.06|79|20482|20482|905
16|MOZAMBIQUE|18|16|40932.46|0.02|18|20482|20482|905
5|ETHIOPIA|2|5|53552.88|0.01|2|20482|20482|905
18|CHINA|11|18|26476.31|0.08|11|20262|20262|1153
8|INDIA|61|8|57994.91|0.02|61|20262|20262|1153
21|VIETNAM|26|21|26380.56|0.02|26|20262|20262|1153
21|VIETNAM|35|21|2066.26|0.01|35|20262|20262|1153
4|EGYPT|67|4|81715.95|0.03|67|20262|20262|1153
1|ARGENTINA|29|1|20900.88|0.02|29|20262|20262|1153
5|ETHIOPIA|2|5|11052.24|0.08|2|20262|20262|1153
14|KENYA|48|14|64111.6|0.08|48|15235|15235|1120
20|SAUDI ARABIA|74|20|37105.25|0.08|74|15235|15235|1120
13|JORDAN|36|13|43484.99|0.06|36|25894|25894|817
17|PERU|8|17|61137.12|0.06|8|35266|35266|839
7|GERMANY|44|7|30052.0|0.05|44|35266|35266|839
1|ARGENTINA|71|1|13819.12|0.06|71|35266|35266|839
24|UNITED STATES|46|24|44417.27|0.05|46|35266|35266|839
15|MOROCCO|4|15|5021.4|0.02|4|35266|35266|839
18|CHINA|27|18|38261.65|0.02|27|35266|35266|839
5|ETHIOPIA|63|5|35653.92|0.1|63|35266|35266|839
7|GERMANY|33|7|15264.8|0.02|33|30085|30085|905
7|GERMANY|77|7|42381.72|0.09|77|30085|30085|905
18|CHINA|75|18|24131.67|0.0|75|30085|30085|905
20|SAUDI ARABIA|74|20|69883.71|0.03|74|30085|30085|905
23|UNITED KINGDOM|32|23|68623.5|0.07|32|26532|26532|1043
19|ROMANIA|62|19|52178.28|0.08|62|26434|26434|718
9|INDONESIA|51|9|8595.18|0.04|51|26434|26434|718
22|RUSSIA|25|22|33110.5|0.07|25|26434|26434|718
4|EGYPT|69|4|32248.83|0.09|69|26434|26434|718
9|INDONESIA|45|9|56039.4|0.05|45|15654|15654|1054
8|INDIA|60|8|11881.87|0.0|60|10055|10055|1021
5|ETHIOPIA|78|5|21693.88|0.04|78|10055|10055|1021
19|ROMANIA|17|19|2498.68|0.04|17|10055|10055|1021
1|ARGENTINA|3|1|50881.04|0.0|3|10055|10055|1021
19|ROMANIA|62|19|23445.4|0.0|62|551|551|718
12|JAPAN|54|12|8729.52|0.08|54|551|551|718
5|ETHIOPIA|2|5|19044.48|0.07|2|551|551|718
14|KENYA|6|14|43056.24|0.09|6|47653|47653|1120
15|MOROCCO|14|15|60250.26|0.01|14|47653|47653|1120
24|UNITED STATES|46|24|28550.82|0.04|46|47653|47653|1120
17|PERU|57|17|45209.2|0.09|57|47653|47653|1120
16|MOZAMBIQUE|73|16|70782.8|0.05|73|32770|32770|949
18|CHINA|72|18|88093.0|0.02|72|32770|32770|949
8|INDIA|15|8|22536.72|0.1|15|32770|32770|949
12|JAPAN|43|12|13456.52|0.1|43|32770|32770|949
3|CANADA|20|3|33950.72|0.09|20|32770|32770|949
5|ETHIOPIA|2|5|36010.18|0.0|2|32770|32770|949
23|UNITED KINGDOM|7|23|9626.4|0.09|7|26566|26566|31
22|RUSSIA|25|22|36867.42|0.03|25|26566|26566|31
20|SAUDI ARABIA|74|20|44926.64|0.08|74|26566|26566|31
21|VIETNAM|68|21|32732.37|0.07|68|45894|45894|1021
23|UNITED KINGDOM|7|23|915.01|0.01|7|38304|38304|1175
8|INDIA|61|8|3378.66|0.02|61|38304|38304|1175
0|ALGERIA|24|0|9762.56|0.09|24|38304|38304|1175
12|JAPAN|43|12|40615.4|0.01|43|38304|38304|1175
1|ARGENTINA|29|1|1974.16|0.05|29|17734|17734|31
22|RUSSIA|40|22|46979.4|0.1|40|45025|45025|1153
16|MOZAMBIQUE|58|16|15312.8|0.06|58|45025|45025|1153
12|JAPAN|54|12|30188.13|0.07|54|45025|45025|1153
2|BRAZIL|21|2|69303.6|0.06|21|45025|45025|1153
14|KENYA|76|14|25436.85|0.1|76|45025|45025|1153
0|ALGERIA|28|0|41581.7|0.1|28|45025|45025|1153
9|INDONESIA|51|9|45899.35|0.03|51|29317|29317|1153
18|CHINA|72|18|63956.64|0.1|72|29317|29317|1153
14|KENYA|48|14|4945.32|0.06|48|29317|29317|1153
16|MOZAMBIQUE|58|16|53658.5|0.06|58|29317|29317|1153
21|VIETNAM|68|21|15493.5|0.05|68|29317|29317|1153
1|ARGENTINA|3|1|10106.88|0.03|3|29317|29317|1153
7|GERMANY|44|7|6336.8|0.01|44|43298|43298|509
14|KENYA|79|14|11016.12|0.09|79|43298|43298|509
16|MOZAMBIQUE|56|16|3908.28|0.06|56|43298|43298|509
16|MOZAMBIQUE|56|16|38759.31|0.05|56|43298|43298|509
18|CHINA|41|18|56980.8|0.08|41|43298|43298|509
