7|GERMANY|44|7|52667.16|0.01|44|21376|21376|1022
18|CHINA|72|18|38822.85|0.05|72|21376|21376|1022
8|INDIA|15|8|36439.0|0.09|15|21376|21376|1022
14|KENYA|76|14|22824.8|0.01|76|21376|21376|1022
16|MOZAMBIQUE|31|16|26704.0|0.05|31|21376|21376|1022
16|MOZAMBIQUE|30|16|62717.5|0.04|30|21376|21376|1022
20|SAUDI ARABIA|74|20|37638.41|0.04|74|21376|21376|1022
9|INDONESIA|51|9|51378.99|0.06|51|10695|10695|1165
22|RUSSIA|40|22|13514.4|0.05|40|10695|10695|1165
8|INDIA|12|8|5786.25|0.02|12|10695|10695|1165
22|RUSSIA|16|22|7643.1|0.09|16|10695|10695|1165
11|IRAQ|5|11|67267.98|0.09|5|14116|14116|1033
7|GERMANY|33|7|9829.71|0.04|33|14116|14116|1033
14|KENYA|79|14|50753.7|0.05|79|14116|14116|1033
24|UNITED STATES|10|24|64075.32|0.0|10|14116|14116|1033
19|ROMANIA|17|19|7939.61|0.04|17|14116|14116|1033
18|CHINA|27|18|40388.28|0.0|27|14116|14116|1033
18|CHINA|72|18|59959.35|0.01|72|8391|8391|43
0|ALGERIA|28|0|44526.3|0.0|28|8391|8391|43
4|EGYPT|38|4|2871.15|0.06|38|8391|8391|43
22|RUSSIA|42|22|9820.8|0.08|42|8391|8391|43
16|MOZAMBIQUE|31|16|56132.2|0.01|31|8391|8391|43
19|ROMANIA|52|19|15537.12|0.08|52|8391|8391|43
19|ROMANIA|62|19|24632.28|0.02|62|21893|21893|1165
24|UNITED STATES|55|24|41143.5|0.04|55|21893|21893|1165
17|PERU|57|17|1043.14|0.06|57|21893|21893|1165
16|MOZAMBIQUE|18|16|8613.45|0.05|18|21893|21893|1165
5|ETHIOPIA|2|5|26709.58|0.08|2|21893|21893|1165
8|INDIA|15|8|4617.0|0.03|15|28195|28195|1187
17|PERU|59|17|11628.65|0.05|59|2118|2118|1066
0|ALGERIA|28|0|5473.84|0.08|28|2118|2118|1066
4|EGYPT|67|4|33010.74|0.05|67|2436|2436|1000
4|EGYPT|67|4|7267.86|0.06|67|2436|2436|1000
10|IRAN|34|10|54443.04|0.04|34|2436|2436|1000
22|RUSSIA|42|22|57569.6|0.04|42|38|38|1000
16|MOZAMBIQUE|58|16|28790.6|0.01|58|2336|2336|1132
1|ARGENTINA|71|1|11628.65|0.1|71|4327|4327|1165
14|KENYA|79|14|69953.6|0.07|79|4327|4327|1165
21|VIETNAM|35|21|11102.0|0.0|35|4327|4327|1165
24|UNITED STATES|46|24|8489.28|0.04|46|4327|4327|1165
16|MOZAMBIQUE|18|16|29875.5|0.08|18|4327|4327|1165
20|SAUDI ARABIA|74|20|55165.89|0.01|74|4327|4327|1165
7|GERMANY|77|7|41110.15|0.05|77|16290|16290|719
10|IRAN|9|10|49253.76|0.04|9|16290|16290|719
5|ETHIOPIA|63|5|27590.16|0.05|63|16290|16290|719
19|ROMANIA|52|19|3021.22|0.07|52|16290|16290|719
17|PERU|1|17|54276.35|0.08|1|4833|4833|1055
16|MOZAMBIQUE|58|16|26965.38|0.08|58|4833|4833|1055
22|RUSSIA|25|22|4701.08|0.1|25|4833|4833|1055
24|UNITED STATES|10|24|22482.32|0.07|10|4833|4833|1055
5|ETHIOPIA|63|5|20129.12|0.03|63|4833|4833|1055
17|PERU|59|17|6271.75|0.02|59|1158|1158|1132
18|CHINA|75|18|26455.52|0.0|75|1158|1158|1132
8|INDIA|60|8|32014.58|0.03|60|2599|2599|1187
4|EGYPT|22|4|9290.08|0.09|22|4227|4227|1055
7|GERMANY|33|7|2993.18|0.02|33|4227|4227|1055
15|MOROCCO|14|15|22025.75|0.01|14|4227|4227|1055
5|ETHIOPIA|78|5|52732.33|0.05|78|4227|4227|1055
4|EGYPT|38|4|16473.49|0.1|38|4227|4227|1055
22|RUSSIA|25|22|46051.3|0.04|25|1444|1444|1066
18|CHINA|75|18|36895.25|0.02|75|1444|1444|1066
7|GERMANY|53|7|11105.7|0.06|53|1444|1444|1066
9|INDONESIA|51|9|5415.9|0.08|51|22279|22279|719
12|JAPAN|54|12|8370.18|0.1|54|22279|22279|719
4|EGYPT|38|4|14239.54|0.06|38|22279|22279|719
1|ARGENTINA|3|1|19611.0|0.08|3|22279|22279|719
21|VIETNAM|80|21|33888.4|0.1|80|24325|24325|1132
16|MOZAMBIQUE|73|16|14672.16|0.09|73|24325|24325|1132
24|UNITED STATES|55|24|25137.81|0.08|55|24325|24325|1132
16|MOZAMBIQUE|18|16|52507.0|0.05|18|24325|24325|1132
15|MOROCCO|14|15|47707.06|0.05|14|15877|15877|1022
21|VIETNAM|68|21|6196.65|0.06|68|15877|15877|1022
16|MOZAMBIQUE|31|16|38765.44|0.04|31|15877|15877|1022
3|CANADA|13|3|53606.78|0.07|13|47106|47106|1165
21|VIETNAM|35|21|49865.76|0.03|35|47106|47106|1165
21|VIETNAM|68|21|24128.52|0.08|68|47106|47106|1165
8|INDIA|12|8|43407.2|0.05|12|47106|47106|1165
11|IRAQ|5|11|49069.24|0.0|5|39428|39428|1132
16|MOZAMBIQUE|73|16|55348.9|0.1|73|39428|39428|1132
8|INDIA|60|8|64869.3|0.05|60|35523|35523|1055
1|ARGENTINA|3|1|25840.35|0.06|3|423|423|829
19|ROMANIA|17|19|42445.44|0.1|17|32675|32675|1099
19|ROMANIA|17|19|21275.31|0.04|17|32675|32675|1099
11|IRAQ|5|11|40280.1|0.04|5|15009|15009|928
10|IRAN|9|10|55829.67|0.07|9|15009|15009|928
24|UNITED STATES|46|24|27376.44|0.07|46|15009|15009|928
18|CHINA|75|18|4832.13|0.03|75|15009|15009|928
7|GERMANY|33|7|1183.28|0.07|33|32004|32004|1132
9|INDONESIA|50|9|28136.68|0.01|50|32004|32004|1132
0|ALGERIA|24|0|16860.2|0.03|24|32004|32004|1132
24|UNITED STATES|19|24|5075.55|0.04|19|32004|32004|1132
8|INDIA|39|8|22841.07|0.07|39|32004|32004|1132
9|INDONESIA|51|9|19205.55|0.08|51|995|995|928
10|IRAN|34|10|55004.4|0.0|34|995|995|928
9|INDONESIA|23|9|26068.84|0.08|23|995|995|928
24|UNITED STATES|19|24|35663.0|0.01|19|995|995|928
18|CHINA|27|18|19551.24|0.06|27|995|995|928
16|MOZAMBIQUE|73|16|5155.65|0.07|73|25349|25349|43
14|KENYA|48|14|5030.5|0.05|48|25349|25349|43
17|PERU|57|17|50361.12|0.07|57|25349|25349|43
21|VIETNAM|26|21|42500.85|0.05|26|33346|33346|1000
17|PERU|8|17|15421.8|0.05|8|37504|37504|1033
19|ROMANIA|62|19|36327.36|0.08|62|37504|37504|1033
7|GERMANY|33|7|14739.84|0.0|33|37504|37504|1033
23|UNITED KINGDOM|66|23|47346.75|0.06|66|37504|37504|1033
18|CHINA|27|18|22544.4|0.06|27|37504|37504|1033
16|MOZAMBIQUE|31|16|6691.08|0.04|31|37504|37504|1033
21|VIETNAM|35|21|20789.61|0.04|35|11203|11203|1198
8|INDIA|12|8|57352.23|0.05|12|11203|11203|1198
24|UNITED STATES|46|24|44768.4|0.03|46|11555|11555|1055
23|UNITED KINGDOM|32|23|47522.17|0.09|32|11555|11555|1055
4|EGYPT|38|4|52687.76|0.04|38|11555|11555|1055
24|UNITED STATES|64|24|60628.68|0.01|64|11555|11555|1055
20|SAUDI ARABIA|74|20|22055.52|0.04|74|11555|11555|1055
8|INDIA|61|8|18468.0|0.1|61|775|775|1066
16|MOZAMBIQUE|58|16|27034.98|0.01|58|775|775|1066
21|VIETNAM|68|21|35157.0|0.01|68|775|775|1066
21|VIETNAM|26|21|19046.7|0.09|26|6337|6337|928
13|JORDAN|36|13|29131.0|0.02|36|6337|6337|928
21|VIETNAM|35|21|8850.52|0.09|35|6337|6337|928
9|INDONESIA|23|9|43328.58|0.02|23|6337|6337|928
24|UNITED STATES|19|24|42349.44|0.01|19|6337|6337|928
16|MOZAMBIQUE|18|16|25477.75|0.02|18|6337|6337|928
22|RUSSIA|40|22|18199.1|0.09|40|8449|8449|1165
16|MOZAMBIQUE|56|16|19956.45|0.07|56|8449|8449|1165
21|VIETNAM|80|21|37644.32|0.1|80|3872|3872|1066
23|UNITED KINGDOM|7|23|40429.28|0.07|7|3872|3872|1066
19|ROMANIA|17|19|39296.94|0.04|17|3872|3872|1066
19|ROMANIA|17|19|22488.12|0.07|17|3872|3872|1066
17|PERU|1|17|11054.88|0.0|1|7142|7142|1165
23|UNITED KINGDOM|66|23|87980.64|0.05|66|7142|7142|1165
23|UNITED KINGDOM|32|23|28254.48|0.07|32|7142|7142|1165
5|ETHIOPIA|63|5|58585.78|0.05|63|7142|7142|1165
24|UNITED STATES|19|24|55939.6|0.1|19|45636|45636|1132
18|CHINA|27|18|2128.32|0.07|27|45636|45636|1132
9|INDONESIA|51|9|58897.02|0.05|51|448|448|1198
8|INDIA|60|8|23002.07|0.02|60|448|448|1198
12|JAPAN|43|12|3612.0|0.0|43|448|448|1198
3|CANADA|20|3|39032.35|0.1|20|448|448|1198
20|SAUDI ARABIA|74|20|10034.8|0.1|74|448|448|1198
24|UNITED STATES|55|24|45877.4|0.03|55|12229|12229|1000
3|CANADA|20|3|12193.32|0.09|20|12229|12229|1000
1|ARGENTINA|3|1|30713.76|0.06|3|12229|12229|1000
1|ARGENTINA|71|1|9722.48|0.02|71|36704|36704|10
0|ALGERIA|37|0|24650.41|0.06|37|36704|36704|10
24|UNITED STATES|49|24|63112.5|0.09|49|36704|36704|10
18|CHINA|27|18|61742.01|0.01|27|36704|36704|10
18|CHINA|75|18|46833.98|0.05|75|36704|36704|10
16|MOZAMBIQUE|31|16|20713.61|0.03|31|36704|36704|10
19|ROMANIA|52|19|35215.7|0.01|52|36704|36704|10
11|IRAQ|5|11|5754.12|0.01|5|10337|10337|1088
7|GERMANY|44|7|10388.25|0.04|44|10337|10337|1088
1|ARGENTINA|29|1|12101.74|0.06|29|10337|10337|1088
24|UNITED STATES|49|24|32794.6|0.03|49|10337|10337|1088
21|VIETNAM|80|21|12707.75|0.04|80|21734|21734|1154
18|CHINA|11|18|7483.88|0.03|11|21734|21734|1154
13|JORDAN|36|13|4785.25|0.03|36|21734|21734|1154
5|ETHIOPIA|2|5|54868.8|0.01|2|21734|21734|1154
7|GERMANY|44|7|25508.08|0.02|44|11842|11842|1132
9|INDONESIA|23|9|23876.5|0.08|23|11842|11842|1132
19|ROMANIA|52|19|30104.13|0.01|52|11842|11842|1132
22|RUSSIA|40|22|9102.73|0.05|40|25669|25669|1099
4|EGYPT|22|4|17659.05|0.09|22|25669|25669|1099
2|BRAZIL|21|2|62667.5|0.1|21|25669|25669|1099
18|CHINA|27|18|51852.12|0.03|27|25669|25669|1099
16|MOZAMBIQUE|31|16|25848.74|0.07|31|25669|25669|1099
4|EGYPT|22|4|23705.28|0.01|22|33413|33413|1187
3|CANADA|20|3|3712.08|0.0|20|33413|33413|1187
16|MOZAMBIQUE|30|16|4645.1|0.09|30|33413|33413|1187
1|ARGENTINA|3|1|55595.28|0.02|3|33413|33413|1187
17|PERU|1|17|40951.68|0.03|1|4390|4390|43
24|UNITED STATES|46|24|38892.35|0.07|46|4390|4390|43
16|MOZAMBIQUE|18|16|71727.6|0.05|18|4390|4390|43
22|RUSSIA|65|22|53688.64|0.07|65|4390|4390|43
5|ETHIOPIA|63|5|17018.91|0.05|63|44226|44226|1088
7|GERMANY|33|7|38821.44|0.08|33|47108|47108|1099
6|FRANCE|70|6|34000.68|0.1|70|47108|47108|1099
10|IRAN|34|10|11595.65|0.03|34|47108|47108|1099
7|GERMANY|77|7|10370.25|0.01|77|21731|21731|1132
4|EGYPT|22|4|37760.02|0.02|22|21731|21731|1132
21|VIETNAM|26|21|11572.32|0.05|26|21731|21731|1132
4|EGYPT|69|4|16801.07|0.03|69|21731|21731|1132
24|UNITED STATES|46|24|43395.75|0.01|46|21731|21731|1132
22|RUSSIA|42|22|39147.24|0.06|42|21731|21731|1132
12|JAPAN|54|12|30789.99|0.1|54|41125|41125|917
3|CANADA|20|3|17843.36|0.08|20|41125|41125|917
11|IRAQ|5|11|72456.56|0.06|5|31236|31236|1154
21|VIETNAM|35|21|15159.92|0.02|35|31236|31236|1154
17|PERU|57|17|12438.09|0.08|57|31236|31236|1154
21|VIETNAM|35|21|42747.87|0.02|35|31236|31236|1154
23|UNITED KINGDOM|7|23|40266.48|0.08|7|27936|27936|98
7|GERMANY|33|7|41293.34|0.1|33|27936|27936|98
7|GERMANY|33|7|33553.08|0.03|33|27936|27936|98
10|IRAN|9|10|2296.48|0.08|9|27936|27936|98
0|ALGERIA|24|0|10469.34|0.08|24|27936|27936|98
22|RUSSIA|42|22|39603.86|0.0|42|27936|27936|98
1|ARGENTINA|3|1|24752.0|0.03|3|27936|27936|98
7|GERMANY|44|7|1304.4|0.1|44|29729|29729|98
22|RUSSIA|25|22|58781.16|0.06|25|29729|29729|98
14|KENYA|47|14|7728.48|0.04|47|29729|29729|98
24|UNITED STATES|19|24|24938.4|0.08|19|29729|29729|98
15|MOROCCO|4|15|2084.28|0.08|4|29729|29729|98
19|ROMANIA|17|19|28306.03|0.0|17|29729|29729|98
0|ALGERIA|28|0|8937.48|0.0|28|29729|29729|98
14|KENYA|48|14|41715.9|0.07|48|28739|28739|1165
14|KENYA|47|14|74903.72|0.03|47|28739|28739|1165
24|UNITED STATES|46|24|53075.82|0.0|46|28739|28739|1165
24|UNITED STATES|55|24|66983.52|0.1|55|23943|23943|1088
22|RUSSIA|25|22|18163.68|0.07|25|23943|23943|1088
9|INDONESIA|45|9|69801.48|0.1|45|23943|23943|1088
16|MOZAMBIQUE|56|16|40759.16|0.1|56|23943|23943|1088
10|IRAN|34|10|49414.82|0.04|34|23943|23943|1088
2|BRAZIL|21|2|48608.1|0.08|21|23943|23943|1088
18|CHINA|27|18|84614.18|0.08|27|23943|23943|1088
17|PERU|8|17|27077.68|0.01|8|36708|36708|10
4|EGYPT|22|4|40038.02|0.01|22|36708|36708|10
22|RUSSIA|16|22|23723.33|0.1|16|36708|36708|10
12|JAPAN|54|12|83093.71|0.01|54|42406|42406|829
1|ARGENTINA|3|1|68328.96|0.02|3|8103|8103|1099
7|GERMANY|33|7|44964.64|0.01|33|3395|3395|1198
17|PERU|8|17|22201.4|0.08|8|20516|20516|1055
8|INDIA|15|8|26155.68|0.08|15|20516|20516|1055
18|CHINA|27|18|5946.32|0.04|27|20516|20516|1055
18|CHINA|41|18|34637.0|0.1|41|7201|7201|928
21|VIETNAM|68|21|2512.7|0.06|68|46818|46818|65
24|UNITED STATES|19|24|25894.35|0.06|19|45927|45927|1022
14|KENYA|47|14|14545.5|0.03|47|21922|21922|1187
5|ETHIOPIA|2|5|56410.72|0.0|2|21922|21922|1187
7|GERMANY|44|7|62028.24|0.03|44|6022|6022|10
24|UNITED STATES|46|24|27894.24|0.01|46|6022|6022|10
1|ARGENTINA|29|1|38818.18|0.07|29|6022|6022|10
8|INDIA|39|8|16532.37|0.05|39|6022|6022|10
4|EGYPT|38|4|48226.08|0.05|38|6022|6022|10
5|ETHIOPIA|63|5|31981.27|0.06|63|6022|6022|10
18|CHINA|41|18|41644.8|0.03|41|6022|6022|10
18|CHINA|72|18|29792.7|0.09|72|32647|32647|928
10|IRAN|9|10|46570.4|0.1|9|32647|32647|928
14|KENYA|48|14|34055.82|0.07|48|32647|32647|928
9|INDONESIA|45|9|10262.16|0.08|45|32647|32647|928
18|CHINA|27|18|18737.4|0.01|27|32647|32647|928
1|ARGENTINA|3|1|6589.14|0.08|3|32647|32647|928
14|KENYA|79|14|30657.6|0.07|79|16708|16708|1132
16|MOZAMBIQUE|56|16|50933.7|0.06|56|16708|16708|1132
5|ETHIOPIA|78|5|39015.34|0.0|78|16708|16708|1132
22|RUSSIA|42|22|21511.04|0.07|42|16708|16708|1132
10|IRAN|34|10|19971.85|0.05|34|32933|32933|1187
1|ARGENTINA|71|1|13090.95|0.09|71|5252|5252|719
21|VIETNAM|26|21|39511.29|0.06|26|5252|5252|719
14|KENYA|79|14|37638.41|0.02|79|5252|5252|719
21|VIETNAM|35|21|34620.96|0.04|35|5252|5252|719
16|MOZAMBIQUE|31|16|13378.56|0.02|31|5252|5252|719
16|MOZAMBIQUE|30|16|76497.12|0.01|30|5252|5252|719
8|INDIA|60|8|60460.26|0.04|60|22528|22528|928
8|INDIA|39|8|33327.96|0.03|39|22528|22528|928
18|CHINA|72|18|41095.12|0.09|72|23936|23936|1121
22|RUSSIA|25|22|57656.86|0.05|25|23936|23936|1121
9|INDONESIA|23|9|23551.0|0.07|23|23936|23936|1121
24|UNITED STATES|49|24|61313.56|0.01|49|23936|23936|1121
3|CANADA|20|3|36579.96|0.1|20|23936|23936|1121
24|UNITED STATES|64|24|37884.82|0.04|64|23936|23936|1121
20|SAUDI ARABIA|74|20|27118.8|0.04|74|23936|23936|1121
16|MOZAMBIQUE|56|16|32678.65|0.04|56|35618|35618|829
23|UNITED KINGDOM|32|23|31533.3|0.0|32|35618|35618|829
24|UNITED STATES|10|24|35948.7|0.02|10|35618|35618|829
0|ALGERIA|28|0|45303.65|0.1|28|35618|35618|829
18|CHINA|41|18|9315.9|0.02|41|35618|35618|829
0|ALGERIA|37|0|47708.18|0.0|37|39394|39394|719
0|ALGERIA|37|0|63559.76|0.04|37|16481|16481|1165
2|BRAZIL|21|2|5880.48|0.09|21|16481|16481|1165
7|GERMANY|77|7|72961.97|0.07|77|1890|1890|76
24|UNITED STATES|19|24|18629.6|0.01|19|1890|1890|76
20|SAUDI ARABIA|74|20|76276.41|0.05|74|4068|4068|1000
5|ETHIOPIA|2|5|42049.95|0.08|2|4068|4068|1000
17|PERU|59|17|56188.57|0.0|59|21959|21959|43
15|MOROCCO|4|15|14003.21|0.07|4|21959|21959|43
14|KENYA|76|14|40112.1|0.09|76|21959|21959|43
16|MOZAMBIQUE|31|16|42526.08|0.1|31|21959|21959|43
7|GERMANY|53|7|49934.82|0.05|53|21959|21959|43
7|GERMANY|44|7|1427.52|0.1|44|3298|3298|928
17|PERU|59|17|28305.75|0.1|59|3298|3298|928
9|INDONESIA|23|9|9802.62|0.01|23|3298|3298|928
24|UNITED STATES|49|24|37515.96|0.06|49|3298|3298|928
16|MOZAMBIQUE|73|16|33083.64|0.03|73|3200|3200|98
19|ROMANIA|62|19|31091.64|0.1|62|3200|3200|98
9|INDONESIA|45|9|12542.64|0.1|45|3200|3200|98
4|EGYPT|67|4|32409.75|0.1|67|3200|3200|98
18|CHINA|75|18|34165.44|0.01|75|3200|3200|98
5|ETHIOPIA|63|5|23737.28|0.05|63|3200|3200|98
17|PERU|59|17|2508.7|0.1|59|13062|13062|1033
14|KENYA|48|14|46380.87|0.09|48|13062|13062|1033
23|UNITED KINGDOM|32|23|67150.98|0.05|32|13062|13062|1033
17|PERU|1|17|57208.49|0.08|1|29760|29760|76
8|INDIA|12|8|27606.67|0.05|12|29760|29760|76
18|CHINA|27|18|42765.76|0.07|27|29760|29760|76
3|CANADA|20|3|45835.67|0.08|20|29760|29760|76
1|ARGENTINA|71|1|8240.82|0.1|71|36482|36482|818
14|KENYA|47|14|17178.46|0.08|47|36482|36482|818
21|VIETNAM|68|21|15781.08|0.07|68|36482|36482|818
0|ALGERIA|24|0|12903.8|0.01|24|36482|36482|818
1|ARGENTINA|29|1|36678.15|0.05|29|36482|36482|818
3|CANADA|20|3|21607.37|0.05|20|36482|36482|818
16|MOZAMBIQUE|58|16|37066.26|0.08|58|38055|38055|32
17|PERU|1|17|20409.23|0.08|1|14471|14471|76
8|INDIA|15|8|46354.7|0.05|15|14471|14471|76
0|ALGERIA|37|0|55110.0|0.01|37|14471|14471|76
15|MOROCCO|4|15|13912.08|0.01|4|14471|14471|76
22|RUSSIA|42|22|12811.68|0.03|42|14471|14471|76
7|GERMANY|53|7|67901.82|0.05|53|14471|14471|76
5|ETHIOPIA|63|5|60665.5|0.06|63|14471|14471|76
24|UNITED STATES|46|24|2624.82|0.03|46|27363|27363|829
1|ARGENTINA|29|1|65028.25|0.07|29|27363|27363|829
24|UNITED STATES|49|24|21623.4|0.07|49|27363|27363|829
5|ETHIOPIA|63|5|23860.83|0.1|63|27363|27363|829
7|GERMANY|77|7|55744.77|0.07|77|26241|26241|10
18|CHINA|72|18|51346.35|0.1|72|26241|26241|10
10|IRAN|34|10|53145.6|0.07|34|26241|26241|10
16|MOZAMBIQUE|56|16|44396.75|0.07|56|26241|26241|10
15|MOROCCO|4|15|52724.7|0.1|4|26241|26241|10
12|JAPAN|54|12|11364.43|0.02|54|26241|26241|10
22|RUSSIA|42|22|9532.35|0.05|42|26241|26241|10
22|RUSSIA|40|22|60929.28|0.03|40|11040|11040|65
8|INDIA|61|8|74510.38|0.04|61|11040|11040|65
14|KENYA|48|14|26457.31|0.07|48|11040|11040|65
9|INDONESIA|45|9|20623.68|0.03|45|11040|11040|65
18|CHINA|11|18|20158.45|0.09|11|16771|16771|1055
7|GERMANY|44|7|63222.88|0.05|44|25253|25253|32
22|RUSSIA|25|22|26203.68|0.07|25|25253|25253|32
17|PERU|57|17|9330.3|0.06|57|25253|25253|32
9|INDONESIA|45|9|60324.86|0.06|45|25253|25253|32
24|UNITED STATES|19|24|43788.15|0.03|19|25253|25253|32
18|CHINA|27|18|74529.0|0.1|27|25253|25253|32
5|ETHIOPIA|2|5|17376.04|0.06|2|25253|25253|32
17|PERU|1|17|2660.86|0.09|1|37793|37793|928
11|IRAQ|5|11|21412.8|0.09|5|30181|30181|1099
24|UNITED STATES|49|24|38787.0|0.04|49|30181|30181|1099
9|INDONESIA|51|9|27218.07|0.04|51|38882|38882|829
0|ALGERIA|24|0|16163.42|0.04|24|38882|38882|829
4|EGYPT|67|4|43024.74|0.0|67|38882|38882|829
8|INDIA|39|8|69605.48|0.03|39|38882|38882|829
20|SAUDI ARABIA|74|20|14185.1|0.08|74|38882|38882|829
17|PERU|59|17|57707.1|0.07|59|39620|39620|1022
18|CHINA|41|18|8042.64|0.0|41|39620|39620|1022
22|RUSSIA|40|22|12457.56|0.07|40|13671|13671|1033
18|CHINA|72|18|22563.94|0.06|72|13671|13671|1033
15|MOROCCO|14|15|40303.2|0.1|14|13671|13671|1033
19|ROMANIA|17|19|39843.6|0.07|17|13671|13671|1033
24|UNITED STATES|49|24|26468.4|0.04|49|13671|13671|1033
20|SAUDI ARABIA|74|20|11027.76|0.06|74|13671|13671|1033
18|CHINA|41|18|57174.09|0.1|41|13671|13671|1033
11|IRAQ|5|11|75011.2|0.02|5|23043|23043|76
12|JAPAN|54|12|70340.97|0.06|54|23043|23043|76
14|KENYA|6|14|22024.0|0.1|6|37861|37861|1066
22|RUSSIA|40|22|11977.08|0.07|40|37861|37861|1066
18|CHINA|72|18|26139.68|0.09|72|37861|37861|1066
21|VIETNAM|35|21|1187.28|0.1|35|37861|37861|1066
18|CHINA|75|18|1175.27|0.0|75|37861|37861|1066
20|SAUDI ARABIA|74|20|48514.41|0.1|74|37861|37861|1066
8|INDIA|61|8|12229.32|0.09|61|17511|17511|1066
23|UNITED KINGDOM|7|23|34536.4|0.1|7|35584|35584|43
22|RUSSIA|40|22|62244.22|0.0|40|35584|35584|43
7|GERMANY|77|7|993.09|0.06|77|35584|35584|43
9|INDONESIA|50|9|52414.87|0.08|50|42272|42272|928
10|IRAN|9|10|44794.56|0.08|9|42272|42272|928
14|KENYA|79|14|51379.44|0.09|79|24353|24353|928
18|CHINA|27|18|28703.36|0.05|27|24353|24353|928
22|RUSSIA|25|22|57340.48|0.0|25|19106|19106|1099
16|MOZAMBIQUE|30|16|6751.32|0.07|30|19106|19106|1099
24|UNITED STATES|55|24|37014.66|0.0|55|23044|23044|1088
9|INDONESIA|50|9|1858.04|0.1|50|23044|23044|1088
3|CANADA|13|3|64969.08|0.0|13|23044|23044|1088
0|ALGERIA|28|0|30838.0|0.07|28|23044|23044|1088
8|INDIA|15|8|8307.18|0.06|15|42020|42020|1000
13|JORDAN|36|13|7920.64|0.05|36|42020|42020|1000
16|MOZAMBIQUE|58|16|3168.45|0.01|58|42020|42020|1000
21|VIETNAM|68|21|68272.6|0.09|68|42020|42020|1000
23|UNITED KINGDOM|32|23|10979.76|0.02|32|42020|42020|1000
23|UNITED KINGDOM|66|23|23629.62|0.05|66|36388|36388|1066
14|KENYA|79|14|20884.61|0.06|79|36388|36388|1066
8|INDIA|12|8|41690.88|0.1|12|36388|36388|1066
24|UNITED STATES|19|24|18650.34|0.03|19|36388|36388|1066
22|RUSSIA|65|22|26993.68|0.1|65|19943|19943|32
15|MOROCCO|14|15|36042.27|0.07|14|18976|18976|1132
16|MOZAMBIQUE|30|16|70454.7|0.01|30|18976|18976|1132
8|INDIA|15|8|18541.88|0.0|15|34112|34112|1165
22|RUSSIA|25|22|31668.44|0.01|25|34112|34112|1165
22|RUSSIA|65|22|38699.82|0.03|65|34112|34112|1165
16|MOZAMBIQUE|31|16|54826.8|0.09|31|34112|34112|1165
24|UNITED STATES|55|24|3360.63|0.02|55|14785|14785|1000
22|RUSSIA|40|22|3778.05|0.08|40|28128|28128|1000
22|RUSSIA|40|22|46754.82|0.09|40|28128|28128|1000
21|VIETNAM|26|21|44833.44|0.07|26|28128|28128|1000
15|MOROCCO|14|15|19604.76|0.1|14|28128|28128|1000
14|KENYA|47|14|37841.6|0.09|47|28128|28128|1000
9|INDONESIA|23|9|25125.98|0.1|23|28128|28128|1000
8|INDIA|12|8|77207.83|0.06|12|28128|28128|1000
21|VIETNAM|80|21|63548.08|0.05|80|25863|25863|1198
0|ALGERIA|37|0|52082.58|0.06|37|25863|25863|1198
15|MOROCCO|14|15|37559.07|0.05|14|25863|25863|1198
12|JAPAN|54|12|38490.75|0.08|54|25863|25863|1198
4|EGYPT|38|4|51254.4|0.01|38|25863|25863|1198
17|PERU|8|17|6734.42|0.05|8|17415|17415|829
8|INDIA|39|8|44655.94|0.1|39|17415|17415|829
19|ROMANIA|52|19|24235.65|0.03|52|17415|17415|829
16|MOZAMBIQUE|30|16|28283.02|0.04|30|17415|17415|829
17|PERU|8|17|14656.16|0.06|8|44321|44321|1000
18|CHINA|75|18|60958.26|0.05|75|44321|44321|1000
18|CHINA|41|18|17898.8|0.08|41|44321|44321|1000
18|CHINA|11|18|60124.26|0.04|11|23267|23267|65
6|FRANCE|70|6|28619.36|0.0|70|23267|23267|65
17|PERU|59|17|67597.06|0.06|59|23267|23267|65
9|INDONESIA|23|9|20047.85|0.06|23|23267|23267|65
16|MOZAMBIQUE|56|16|8871.42|0.08|56|23267|23267|65
1|ARGENTINA|29|1|93648.5|0.1|29|23267|23267|65
17|PERU|8|17|15339.39|0.0|8|28965|28965|1121
23|UNITED KINGDOM|7|23|16037.16|0.03|7|28965|28965|1121
4|EGYPT|67|4|43937.25|0.1|67|28965|28965|1121
9|INDONESIA|23|9|49328.55|0.07|23|28965|28965|1121
20|SAUDI ARABIA|74|20|18253.98|0.06|74|28965|28965|1121
17|PERU|8|17|17634.72|0.04|8|32001|32001|1198
8|INDIA|60|8|31640.0|0.05|60|32001|32001|1198
23|UNITED KINGDOM|32|23|21385.54|0.03|32|32001|32001|1198
19|ROMANIA|17|19|72124.8|0.0|17|32001|32001|1198
24|UNITED STATES|64|24|42573.44|0.03|64|32001|32001|1198
