8675
42208
24608
20868
6563
45607
44419
41922
11815
6112
8389
9346
22628
6596
3296
40679
8224
32418
30757
5474
20615
40448
9313
31879
3362
13729
6310
2273
30405
47939
20417
32704
4583
31109
22309
42439
5122
10759
8961
30306
10407
23904
10726
3494
45827
804
42307
40998
7399
44837
9445
10528
10627
40965
33859
8774
12739
30977
7553
40932
41955
27809
40327
5287
21506
36928
35718
903
9027
5056
7047
12805
22727
24839
40228
32836
35619
30658
2020
33408
44903
8455
42725
33826
2372
11749
7751
6695
40800
35938
5188
1184
10979
6277
44518
7971
1382
4231
40514
6343
8994
7520
1250
4198
31714
20769
7014
11969
42945
36708
40129
42406
13927
2240
7652
7333
30823
10946
9632
6497
36609
7168
4033
21319
9126
47906
39909
32803
5221
14818
3780
6662
9731
33925
24707
1030
36807
4000
42912
3043
46817
21957
32869
419
3142
738
41317
26819
32517
4066
5573
41669
6464
44738
21825
3175
40899
6145
8103
33507
20549
5892
24806
31428
10209
23618
5540
31747
41988
5441
35905
43649
34816
8422
22529
45926
3395
10913
41702
9665
20835
20736
4165
45959
38919
1283
21858
26918
44804
31813
22848
31329
2471
21924
42659
5760
47719
20516
8257
9511
2691
41735
705
11617
837
30339
40833
23717
11716
41537
43715
5254
21539
4132
30438
20802
43429
41889
22947
2592
43814
