12769.92|0.1|47620
44208.0|0.0|47972
50335.32|0.09|47840
7379.76|0.03|17799
45577.56|0.05|21220
30776.76|0.09|41570
59599.19|0.07|24993
49887.39|0.07|35047
1567.66|0.1|12453
54265.28|0.03|42241
31789.51|0.01|13157
33995.83|0.02|21572
10811.7|0.1|37313
48654.06|0.02|38721
44729.85|0.02|14983
20197.76|0.07|29536
28110.78|0.05|36741
39081.9|0.02|32231
52690.39|0.02|41185
41455.51|0.01|35685
36463.75|0.09|37984
34245.72|0.08|37731
5381.67|0.05|27776
17646.85|0.09|13157
33190.92|0.0|39876
38573.08|0.0|16512
27299.97|0.01|47235
59923.96|0.02|14499
21749.29|0.01|17634
7415.8|0.06|36037
38849.91|0.06|38721
40487.07|0.01|34211
22276.8|0.04|13443
4544.92|0.1|27138
73917.6|0.0|34563
57072.57|0.07|26852
40244.0|0.03|34662
8238.7|0.02|41570
25935.54|0.05|44386
39917.25|0.1|27875
61211.36|0.07|32231
52454.17|0.06|672
17749.2|0.01|17799
45040.64|0.02|18789
57145.55|0.06|24102
1924.12|0.02|25444
51855.6|0.08|23398
26502.9|0.01|31175
49466.39|0.07|14147
41969.25|0.04|24960
52724.8|0.1|39744
13635.0|0.03|14114
21254.31|0.02|43110
1058.15|0.0|31681
11244.06|0.03|16358
36134.4|0.05|45156
66429.65|0.08|20263
32672.97|0.05|38017
18279.36|0.0|31076
30512.35|0.0|36103
29964.48|0.1|22661
25027.0|0.09|47686
64925.08|0.07|12002
28305.75|0.02|14499
9235.08|0.01|31780
32735.7|0.09|13476
47025.92|0.01|20032
21338.31|0.04|14785
31789.51|0.03|37731
74518.4|0.08|18855
39279.05|0.1|41350
33845.91|0.08|44353
22440.0|0.0|21671
71186.67|0.02|19845
35633.22|0.09|12772
7105.77|0.08|24388
7539.92|0.08|41185
34040.37|0.07|21253
31153.0|0.1|37346
47523.17|0.07|37731
45948.9|0.01|13762
15776.34|0.07|11782
37363.59|0.04|34530
63866.6|0.07|22243
14839.6|0.05|17249
70352.1|0.01|15687
73178.0|0.06|27457
32200.35|0.05|16897
52084.76|0.0|43682
48197.68|0.09|18503
21561.76|0.01|37830
73283.28|0.07|36103
5986.45|0.03|45189
11075.84|0.01|17634
23519.16|0.02|38017
43185.9|0.08|21220
40893.25|0.1|39843
58054.04|0.07|36455
44630.85|0.07|38215
84084.32|0.05|21440
49186.82|0.08|39425
37911.3|0.04|20131
41445.0|0.08|23585
10194.96|0.0|35201
26186.16|0.07|34211
62317.0|0.07|22342
25767.54|0.03|11045
42895.25|0.02|14048
6230.6|0.02|22562
52932.15|0.06|40261
9910.9|0.06|35553
17058.24|0.06|37830
1680.78|0.05|37478
34461.99|0.01|15335
47106.32|0.0|32484
1348.44|0.04|46597
45819.84|0.05|17700
15911.94|0.07|47554
22263.15|0.04|24003
53371.5|0.06|35047
14145.1|0.0|41350
47301.75|0.01|14213
7988.58|0.09|46597
39789.18|0.1|34244
20077.05|0.08|43330
55172.48|0.09|21253
37840.6|0.08|36224
40707.16|0.06|16039
21751.1|0.02|41185
56507.52|0.1|17249
5748.3|0.09|15335
36800.8|0.07|25796
57767.92|0.0|24960
3036.33|0.04|13762
38042.0|0.0|30053
16833.3|0.07|15456
15447.64|0.01|22562
6992.45|0.08|17953
78580.74|0.07|29767
30576.66|0.03|27138
56603.52|0.04|24993
944.04|0.1|17953
6512.0|0.05|47686
9568.44|0.08|47686
30356.11|0.02|22694
64459.09|0.09|28645
32038.02|0.0|10341
6048.6|0.0|28546
39366.75|0.09|10880
83878.69|0.0|35652
42375.56|0.08|26533
33867.45|0.02|39139
27807.41|0.05|30790
14843.84|0.04|37863
45345.02|0.09|13476
28019.7|0.08|37830
53480.4|0.06|32231
43621.9|0.01|23332
8325.18|0.03|19207
43446.5|0.0|24102
30524.56|0.01|17447
37271.3|0.0|11683
41499.36|0.02|20263
62105.34|0.06|46432
20349.48|0.1|19207
68787.9|0.03|42054
4006.29|0.04|13762
58485.16|0.08|14048
15178.52|0.06|34145
23154.84|0.05|33089
70923.36|0.1|25664
17343.75|0.1|46212
48188.8|0.05|23585
1805.9|0.1|31076
13478.52|0.03|28832
32060.35|0.06|17414
66871.5|0.1|15687
52670.24|0.04|22276
8793.63|0.05|38721
39644.0|0.03|47620
34762.25|0.08|13762
44528.4|0.05|10022
3465.75|0.1|46432
1432.53|0.0|16512
82007.48|0.03|43044
62453.88|0.03|39139
34777.5|0.03|16358
48594.81|0.0|40261
18037.32|0.08|25895
13703.95|0.09|33793
50137.58|0.01|21572
8234.82|0.09|25510
43387.52|0.09|37412
44098.12|0.08|43110
24727.35|0.0|31780
8709.2|0.01|26533
31389.8|0.05|22276
58973.21|0.05|34882
44284.12|0.04|21286
26813.43|0.04|41185
11050.69|0.05|46465
12781.52|0.04|13894
48597.46|0.03|33089
37827.6|0.0|33573
9200.2|0.1|23585
27407.9|0.03|31681
2046.24|0.09|46113
30192.76|0.09|27875
23763.96|0.01|13894
50755.5|0.03|29767
25787.36|0.1|35652
64485.12|0.1|39557
34651.8|0.08|14851
20022.0|0.1|23013
75180.0|0.05|29888
25560.08|0.05|15456
26467.35|0.08|14752
41365.2|0.02|38215
13990.21|0.06|25477
48929.54|0.04|42560
74118.0|0.06|44485
56740.4|0.02|38853
36399.3|0.01|10242
3576.87|0.04|45156
49215.58|0.04|13157
1880.06|0.0|25477
63227.2|0.05|45860
21788.25|0.02|42054
39792.25|0.09|17986
42716.88|0.05|25895
59132.37|0.03|28711
5676.24|0.0|17315
6795.16|0.08|12486
30758.0|0.06|14851
68428.68|0.01|11584
56178.63|0.0|27776
41033.85|0.01|47554
71139.18|0.07|27622
59464.0|0.08|30372
63778.08|0.09|42241
43214.74|0.05|23398
31305.6|0.0|15522
46187.3|0.05|15236
28591.5|0.04|30790
47851.6|0.01|42560
68624.57|0.09|10341
52043.76|0.07|33573
39646.86|0.08|31296
16683.94|0.06|24960
14084.07|0.01|16677
3916.2|0.1|20032
64654.8|0.06|13795
50986.06|0.04|14785
63047.68|0.07|31175
29099.46|0.04|35014
8539.0|0.0|11045
38291.48|0.03|41570
24534.62|0.06|41570
43726.9|0.09|16545
28005.25|0.02|22342
11712.84|0.06|353
25760.56|0.09|29767
51114.76|0.03|47840
25354.17|0.04|46432
52167.17|0.06|41185
60123.96|0.09|45189
69877.92|0.04|13542
1141.24|0.01|32451
18700.6|0.03|13443
22255.52|0.08|36741
44945.22|0.06|11045
89794.5|0.06|46465
59114.0|0.02|13795
21070.2|0.1|28645
6977.45|0.04|46465
58190.88|0.08|25664
65453.52|0.0|19812
37760.02|0.06|44199
36933.26|0.08|38886
3816.2|0.07|40261
81397.36|0.05|34497
26470.86|0.08|12453
32711.28|0.07|12453
58800.78|0.0|10341
75589.65|0.09|47873
42405.3|0.05|25796
30945.12|0.1|37159
56794.42|0.07|28832
70733.46|0.0|38336
11210.21|0.07|47620
42121.35|0.03|23013
18649.6|0.01|13795
3733.02|0.09|28546
27840.6|0.04|11650
3742.02|0.07|21572
40029.66|0.1|21220
20422.4|0.0|12453
43804.92|0.0|29888
19442.67|0.04|38501
35249.28|0.03|13157
42886.8|0.05|29921
14007.12|0.0|38336
79334.0|0.06|41383
49410.91|0.02|47554
49882.8|0.02|12420
49654.5|0.07|20263
10627.36|0.04|33089
24812.46|0.08|43682
29568.64|0.06|19779
27930.25|0.09|22694
23946.52|0.07|20197
10881.8|0.05|27974
80472.48|0.07|14983
60515.58|0.07|43044
58633.16|0.02|39139
39417.7|0.05|25895
32474.64|0.04|23585
14656.05|0.09|38369
27251.64|0.09|47334
8449.2|0.1|10242
21888.24|0.07|17216
41965.12|0.08|17315
48464.06|0.02|22342
20373.48|0.09|22980
58974.08|0.0|11584
9766.32|0.06|45442
59664.5|0.1|11782
11487.33|0.01|39139
18618.23|0.08|27556
39466.56|0.02|26016
19102.44|0.0|30372
4184.56|0.04|29415
9194.65|0.04|14785
12962.17|0.06|24003
23794.65|0.05|32484
29792.96|0.07|20032
51007.0|0.0|10242
34863.15|0.0|32451
15691.72|0.08|27776
41644.8|0.01|43044
17935.08|0.0|44199
85742.16|0.0|13542
9384.85|0.1|18338
19068.0|0.0|15104
54645.29|0.1|33122
81426.24|0.0|43781
15424.96|0.03|47169
44303.36|0.07|47367
47440.75|0.06|27941
84877.3|0.1|15456
17478.04|0.04|29349
17120.7|0.1|46113
52358.58|0.06|27974
41934.2|0.07|28645
15196.1|0.07|20483
29246.72|0.04|15687
45866.14|0.03|19559
7499.88|0.07|46113
13426.7|0.03|24740
20240.44|0.0|36576
69257.79|0.07|37412
13280.13|0.04|35872
12965.76|0.0|47334
38989.72|0.08|29536
16380.18|0.06|16677
28159.36|0.09|47521
65003.45|0.06|46212
56811.5|0.01|16039
14245.2|0.1|21154
5005.4|0.05|24454
29492.11|0.02|35399
68112.0|0.1|34563
30847.79|0.0|15236
21214.32|0.07|37445
56260.0|0.03|36103
46355.4|0.03|13542
90895.5|0.08|16677
53481.54|0.01|37159
38415.75|0.03|41350
16337.7|0.05|24102
14712.57|0.06|25796
53336.1|0.09|13894
49003.62|0.03|13861
55243.89|0.04|12420
48801.22|0.05|20131
53713.31|0.03|14950
47894.49|0.02|37863
42268.95|0.06|13476
40459.52|0.07|47686
45958.14|0.1|14499
33473.25|0.04|14851
35855.22|0.03|35300
16506.18|0.03|45189
3611.8|0.02|19009
14379.48|0.01|31043
18499.95|0.01|46597
9546.32|0.02|28546
45322.75|0.09|40162
42414.24|0.0|17568
46417.28|0.03|19779
27722.52|0.05|26148
57092.09|0.07|47136
19065.28|0.02|22661
35362.75|0.02|44133
17244.9|0.07|12673
36579.9|0.01|14114
35437.68|0.1|23233
38682.84|0.0|14499
70104.73|0.01|17953
48725.28|0.03|12101
23545.4|0.08|24003
29291.2|0.05|35652
44737.44|0.01|47367
12880.28|0.03|41383
27702.0|0.09|17216
22384.2|0.02|39139
2868.15|0.03|43330
24754.84|0.06|17568
5634.18|0.06|20197
18055.2|0.0|28832
63425.11|0.01|38017
33395.2|0.0|35047
7904.54|0.1|37159
43310.4|0.06|36455
10651.34|0.03|20197
21528.69|0.09|15522
23665.6|0.02|20197
46246.01|0.01|13575
28330.75|0.04|31175
37115.52|0.0|14400
8156.82|0.05|31175
16780.36|0.02|32000
55044.52|0.05|14147
44808.4|0.02|38017
39589.29|0.07|25510
43937.19|0.03|12453
60095.04|0.01|12772
61060.26|0.07|13157
26271.52|0.05|46597
62767.5|0.03|11650
8168.65|0.06|20450
53693.96|0.03|39238
1623.72|0.07|47873
43477.73|0.1|15522
38802.56|0.05|29767
33867.06|0.09|35047
9634.4|0.09|10341
40278.84|0.07|24454
14169.54|0.06|34662
7015.56|0.06|47840
53300.52|0.06|45189
21788.25|0.03|18723
73913.7|0.05|13575
1491.59|0.08|11683
56445.75|0.03|17414
21749.4|0.08|33573
7543.92|0.07|26401
15087.84|0.09|29349
20149.76|0.02|15687
67986.52|0.05|42054
25029.54|0.08|19207
19981.8|0.02|31395
19690.25|0.07|18822
32074.8|0.1|17447
58546.95|0.06|16039
29851.92|0.05|24003
66791.52|0.1|27303
17694.84|0.01|26401
1084.18|0.02|23750
16926.0|0.0|26786
17763.98|0.0|47334
43055.74|0.1|22276
48499.52|0.08|26786
49224.82|0.1|47686
17852.38|0.06|14147
42702.87|0.07|34662
9177.92|0.06|22375
1848.94|0.05|21990
3447.72|0.05|23299
25797.15|0.05|27556
11874.69|0.04|26368
6471.95|0.05|33793
35389.68|0.1|38369
26087.29|0.09|47840
36678.15|0.03|16545
33776.88|0.02|47686
30892.8|0.05|32165
12190.2|0.02|26786
7502.04|0.02|40162
32134.0|0.06|45860
70250.88|0.09|47015
13430.69|0.03|31780
74385.96|0.06|26148
35611.62|0.09|23398
4700.15|0.06|29921
46943.16|0.04|46465
69574.5|0.04|8070
51261.99|0.02|32231
18158.25|0.09|39238
40154.1|0.0|33793
54706.96|0.0|43044
18356.36|0.03|39425
10202.96|0.03|11683
21422.31|0.01|17568
68713.44|0.05|39425
75243.58|0.0|39139
35151.85|0.01|43044
48958.14|0.02|18855
32303.5|0.08|24069
44462.6|0.0|43462
18818.02|0.04|32451
77932.35|0.02|34211
75770.1|0.0|34882
36439.9|0.02|672
47633.06|0.06|16677
55819.16|0.05|43682
18555.88|0.06|37313
19156.64|0.05|27138
40721.46|0.09|38501
53643.33|0.04|25543
37936.32|0.0|26049
67800.48|0.03|18789
1697.79|0.01|14785
19557.12|0.05|47972
11333.88|0.0|23233
53685.4|0.07|19845
75973.8|0.06|26753
52001.48|0.02|21220
41395.68|0.06|20450
31141.88|0.02|21220
10378.92|0.02|21154
32724.0|0.05|28007
30678.21|0.03|17216
22391.84|0.04|34497
58201.51|0.07|14147
24650.88|0.05|20450
35086.17|0.09|35872
5844.42|0.1|47620
53485.0|0.01|40261
22617.31|0.03|16545
40255.56|0.0|22243
31033.5|0.01|30053
5646.1|0.03|21572
26823.98|0.07|13443
67140.44|0.03|44485
62484.86|0.0|47488
11396.16|0.1|47840
55184.78|0.05|8070
15168.64|0.05|34530
3255.44|0.1|35872
45199.45|0.04|15940
17766.96|0.05|24960
30273.28|0.0|25697
50334.0|0.06|36576
45648.6|0.08|14983
26478.75|0.05|26016
8715.3|0.06|17634
12701.44|0.04|45442
42073.6|0.1|37797
42926.08|0.05|24135
1243.34|0.05|39876
61429.78|0.08|18723
31751.04|0.01|14400
10241.2|0.09|37731
40299.2|0.06|33760
1679.77|0.05|16512
16465.92|0.06|27105
21298.46|0.09|14851
12307.14|0.1|14851
11804.87|0.02|28546
21885.46|0.05|14114
2859.15|0.03|25796
25118.69|0.06|28546
40110.66|0.06|11045
37223.76|0.09|47972
63276.5|0.02|47334
15649.12|0.03|20483
27786.24|0.07|17249
6468.14|0.02|25477
4021.29|0.0|39876
48882.44|0.01|34530
22634.31|0.09|18723
39597.12|0.02|24740
62151.49|0.1|35201
24001.74|0.03|45189
54007.8|0.03|47521
12353.3|0.02|20263
23293.2|0.04|23046
61938.72|0.1|18855
38151.81|0.08|17799
20548.66|0.0|24003
18650.34|0.02|36741
67607.4|0.01|26401
36299.55|0.03|31395
13414.16|0.09|47169
30902.97|0.04|47972
38461.82|0.03|34882
67498.92|0.09|33793
4865.24|0.06|17700
35160.42|0.05|13542
32220.32|0.03|11584
28806.8|0.01|13861
11244.06|0.03|23013
30129.33|0.1|24454
22482.32|0.08|30372
48210.96|0.09|43396
46270.29|0.02|35872
68140.16|0.0|46432
58365.44|0.05|47840
12775.59|0.03|672
