35534.88|0.0|36673
28743.43|0.06|46023
34559.29|0.07|46342
10186.22|0.02|13056
35546.61|0.02|45440
6252.84|0.0|36002
62890.08|0.08|23495
42859.08|0.08|230
15090.93|0.02|15652
2138.32|0.03|18886
1152.25|0.02|37377
48678.3|0.07|18820
24920.64|0.04|12352
31573.4|0.03|23363
21550.37|0.05|38433
19761.84|0.05|26146
4994.28|0.07|37542
20193.36|0.0|46144
34404.72|0.01|47233
50559.21|0.09|25189
36291.9|0.04|18754
6286.75|0.08|19744
25635.72|0.0|15234
51407.86|0.09|33186
52329.12|0.07|26982
55787.04|0.01|34022
50197.12|0.05|38532
71210.86|0.02|33670
64580.46|0.09|34561
20054.32|0.09|39269
40529.4|0.09|40292
25767.6|0.08|19777
73943.61|0.04|10471
56347.63|0.06|19205
24028.18|0.06|263
26217.9|0.1|9091
5736.2|0.03|19744
21281.04|0.03|38433
50551.2|0.06|37157
21863.25|0.07|24672
26489.12|0.0|23297
49331.32|0.1|10691
8550.36|0.02|14178
36646.72|0.1|35265
85006.67|0.08|47750
39663.05|0.06|46023
38121.28|0.09|30051
53686.73|0.03|15751
13236.3|0.1|44032
73249.44|0.06|13540
5125.52|0.02|14530
46635.05|0.08|11296
46357.64|0.08|46210
3645.93|0.05|44065
11844.96|0.04|43460
14559.39|0.04|15872
51749.95|0.06|14211
25767.94|0.01|12385
22208.8|0.04|44230
24602.88|0.0|38565
31586.22|0.01|37542
28136.36|0.01|38884
26985.21|0.08|44197
20445.6|0.01|37377
19641.0|0.03|14112
52707.15|0.05|45440
23082.36|0.08|34275
23272.2|0.08|21350
24706.6|0.04|20162
24046.0|0.03|12352
29712.48|0.09|13540
27693.28|0.09|33120
25506.36|0.02|28742
25254.6|0.04|45187
64647.09|0.09|44065
41626.88|0.1|32130
18805.4|0.09|16642
3643.84|0.03|17698
41315.96|0.07|18688
60589.8|0.06|19623
31450.16|0.07|46177
68707.15|0.07|36673
18499.06|0.03|19425
6096.55|0.04|39236
13721.58|0.03|12000
29296.24|0.07|46177
50479.96|0.09|28544
63778.08|0.04|29413
33952.1|0.05|33186
68673.5|0.08|37410
63658.65|0.07|18688
36607.2|0.03|29765
18015.03|0.0|384
7543.92|0.04|35111
12532.41|0.05|24386
59521.9|0.03|24199
19653.12|0.0|39335
45365.84|0.03|39555
12223.2|0.05|25255
12740.75|0.04|31173
51399.6|0.1|12033
5005.5|0.04|44197
23460.78|0.06|34374
71980.02|0.02|17313
51906.52|0.1|38147
1219.31|0.07|19205
31008.5|0.09|30370
35434.72|0.07|17313
72166.5|0.03|36673
23034.45|0.01|15399
50959.02|0.06|22241
32771.58|0.08|38433
52208.17|0.05|12099
38183.73|0.01|12033
28245.78|0.01|38565
23449.68|0.01|10053
10065.11|0.06|36992
25239.98|0.03|19843
48114.43|0.0|18820
11309.97|0.02|20261
8865.6|0.04|36354
42781.2|0.04|15234
47553.09|0.06|18215
45100.0|0.09|18787
8811.36|0.05|46881
17734.2|0.02|23495
17168.48|0.06|35364
36982.0|0.04|18017
54643.95|0.09|11362
19475.85|0.01|18402
58483.02|0.02|45440
38500.23|0.1|33670
45300.6|0.0|28775
37445.04|0.05|46342
49189.14|0.04|16103
52507.49|0.0|26432
19614.63|0.06|39335
63870.08|0.09|230
26028.6|0.0|23363
55194.24|0.05|17797
4080.44|0.09|28775
38202.0|0.09|24870
35485.38|0.02|25541
71283.44|0.05|19744
2366.56|0.0|37696
13342.7|0.08|384
12013.2|0.02|12165
43057.38|0.03|36068
3640.0|0.03|46023
56763.68|0.04|38884
68967.5|0.09|28775
23301.3|0.0|37025
19435.08|0.01|26564
20913.1|0.01|44197
14043.4|0.03|37124
29611.28|0.04|46342
41927.16|0.03|11043
15312.8|0.03|28225
60304.8|0.02|14497
41129.22|0.05|39335
40742.46|0.01|37157
28344.36|0.02|12033
21715.76|0.01|45990
6559.21|0.02|41282
1609.7|0.04|27015
73084.83|0.06|36673
30792.6|0.09|26982
15056.64|0.01|19425
3277.46|0.0|24452
32990.98|0.1|28258
38345.28|0.0|33186
9826.56|0.09|14596
69027.6|0.07|28258
5156.43|0.0|36772
31593.84|0.09|27840
15942.16|0.07|18820
23894.26|0.08|45088
8361.18|0.08|18336
3015.3|0.08|34880
34096.0|0.09|28258
27614.1|0.06|39335
86641.5|0.06|29028
6330.72|0.0|17632
47438.49|0.03|45990
7055.44|0.04|18336
50813.7|0.06|38279
65527.92|0.03|18402
29006.56|0.06|37696
14051.07|0.0|14211
23468.16|0.09|20294
22116.15|0.02|10053
23150.5|0.09|25574
61259.8|0.09|19139
48098.68|0.01|46177
54623.1|0.09|10471
45381.06|0.01|31173
30765.28|0.07|25574
73652.85|0.03|43141
22456.0|0.02|15399
17838.96|0.0|19139
69217.1|0.0|13991
6384.07|0.02|26597
8417.2|0.09|230
16967.53|0.06|15586
43804.28|0.1|11076
43182.08|0.09|11362
40543.0|0.05|39335
58589.76|0.07|18886
70106.4|0.04|27840
8437.1|0.05|39236
19866.0|0.01|17764
24026.5|0.03|38565
64515.0|0.06|30051
55901.86|0.09|25255
49006.89|0.06|22087
45889.6|0.02|32130
2873.06|0.0|15014
44077.25|0.06|20261
56883.45|0.07|26278
54841.92|0.08|27521
59263.2|0.02|46023
13217.04|0.1|28357
2406.6|0.02|36068
45494.36|0.1|35430
81941.4|0.0|23396
15809.08|0.07|34880
50517.96|0.07|384
56263.76|0.07|12451
29916.86|0.08|18017
19833.0|0.05|18853
22784.6|0.03|18468
26968.8|0.07|37377
13019.65|0.05|17632
38625.16|0.1|17632
24029.04|0.0|22054
6787.38|0.04|14981
10441.13|0.06|45891
32723.04|0.03|10790
42414.24|0.03|11296
54021.6|0.03|15971
32484.54|0.02|12099
22242.38|0.08|24067
24130.22|0.06|19205
5754.3|0.01|12385
35682.36|0.09|13056
34928.96|0.04|25123
60704.4|0.1|23330
6853.44|0.06|35111
69945.92|0.06|13892
5135.6|0.08|38884
43653.15|0.08|14530
13929.96|0.01|14695
60670.68|0.04|14981
35997.78|0.01|43493
70433.73|0.06|46243
30897.12|0.02|27840
47286.7|0.07|12165
28573.82|0.04|11043
23971.22|0.1|44032
26979.25|0.08|19524
26840.43|0.02|26245
3423.62|0.03|2919
11548.18|0.09|11780
70256.34|0.04|43493
83795.36|0.03|46881
50496.6|0.1|33252
56075.9|0.1|27235
37783.02|0.05|15366
13694.88|0.06|46342
83112.3|0.1|19425
40192.5|0.1|13540
31193.81|0.02|12770
57285.55|0.04|23330
17648.21|0.01|33670
44842.74|0.02|46243
13631.49|0.07|18468
1267.36|0.06|26630
36433.37|0.08|12352
9195.78|0.05|37157
25875.54|0.1|28643
29177.72|0.0|12451
34974.82|0.0|36002
63618.5|0.07|26630
30165.92|0.01|12099
20405.58|0.05|19975
35379.14|0.07|45891
31744.5|0.07|12033
33012.36|0.09|28643
64733.85|0.1|25574
14430.9|0.08|10053
50715.21|0.05|18886
26614.56|0.04|29765
58954.45|0.02|46144
70525.5|0.05|19623
43210.2|0.01|32064
51539.95|0.08|12066
33185.62|0.1|16103
30878.79|0.07|46177
21112.5|0.0|44065
24554.88|0.07|10053
85090.0|0.08|38147
7416.16|0.0|46276
12143.1|0.02|11362
32274.84|0.04|22054
41644.8|0.1|17797
4306.59|0.06|28775
21713.4|0.1|33670
22956.22|0.1|39555
43221.6|0.07|40292
55905.3|0.1|131
57048.74|0.08|18853
22028.4|0.05|18787
11249.82|0.1|35265
71896.02|0.06|23297
50443.12|0.0|16103
20241.36|0.02|46243
23604.16|0.1|13991
7175.84|0.09|27268
35905.8|0.01|11043
39174.48|0.1|45088
72315.61|0.05|45891
60544.08|0.07|41062
76737.12|0.05|39687
51749.95|0.09|29985
15942.16|0.1|15014
6922.4|0.07|43460
2949.24|0.01|12550
60972.66|0.04|15971
29607.0|0.06|15971
25155.36|0.05|164
42676.0|0.06|45440
64111.6|0.07|18853
45840.33|0.1|19524
37958.25|0.0|33285
43245.9|0.08|38752
33316.48|0.05|164
67021.5|0.03|31492
17252.62|0.09|197
30958.25|0.0|35364
55860.3|0.0|24067
37728.32|0.0|15872
35214.99|0.05|46375
3928.32|0.05|39841
32547.52|0.01|40160
59659.92|0.02|26982
59728.32|0.02|24386
69373.5|0.06|35012
58114.79|0.09|43680
62244.22|0.0|35584
71980.32|0.04|23297
27445.67|0.02|30150
32895.96|0.06|14596
22566.14|0.08|38752
31760.51|0.05|37762
76381.36|0.08|23396
43110.63|0.09|47750
47867.49|0.1|164
29410.5|0.07|13056
16729.36|0.03|38048
50378.74|0.08|10471
27004.48|0.07|38433
25226.6|0.0|14211
4621.92|0.03|24386
21063.0|0.04|15652
33811.25|0.06|16961
9153.92|0.04|15014
35002.53|0.07|19205
4750.25|0.07|16642
85112.77|0.04|26784
10371.12|0.1|14530
2358.54|0.04|26432
38408.18|0.0|28225
42136.46|0.07|37762
18403.84|0.06|38147
37130.73|0.06|29831
39744.29|0.08|35265
46162.16|0.05|36673
32467.2|0.02|12451
39281.52|0.01|16741
27806.52|0.05|46980
1767.86|0.05|37696
55218.45|0.01|18754
30110.67|0.1|25475
91285.04|0.07|2919
35917.8|0.04|25255
79514.13|0.06|18402
34447.51|0.0|39269
52257.0|0.06|263
46533.74|0.06|164
47805.66|0.01|39203
47407.95|0.04|20096
41004.16|0.1|37124
21903.8|0.09|12451
52723.44|0.07|33186
14102.88|0.02|16642
49959.45|0.06|23297
46601.5|0.1|21383
27894.24|0.07|29028
12883.8|0.07|25860
69262.89|0.01|18787
79986.18|0.07|36772
41007.68|0.07|13056
93948.5|0.07|39555
65870.5|0.0|33670
17929.35|0.05|19623
56461.0|0.05|47046
47582.66|0.03|29127
79284.0|0.06|46276
37960.96|0.04|23396
29568.64|0.04|14695
3844.24|0.0|25860
17644.9|0.05|19777
48556.46|0.05|35430
46645.83|0.09|46980
47447.92|0.06|9091
14275.2|0.1|37410
959.05|0.07|230
43176.74|0.05|46177
16541.64|0.07|44197
5425.8|0.01|24386
77867.25|0.1|26146
13248.43|0.01|25376
41502.24|0.09|26630
42727.08|0.05|23363
9063.66|0.01|13540
73047.97|0.03|27554
28740.8|0.08|14497
11392.3|0.04|10691
30921.99|0.03|12000
62258.7|0.01|20096
4830.3|0.02|36101
55457.64|0.0|15047
1437.53|0.0|12385
14145.1|0.01|33285
26608.4|0.06|43460
54058.0|0.05|450
14222.96|0.09|36068
14403.48|0.07|44032
9378.16|0.0|230
23000.48|0.1|23264
14946.84|0.06|46562
25536.28|0.02|37696
42825.6|0.1|47783
6276.75|0.0|26146
24574.18|0.1|13540
28948.59|0.02|34880
31150.93|0.0|30370
46790.54|0.06|28995
41360.55|0.0|38565
37832.96|0.01|37542
57658.04|0.04|19975
5264.55|0.06|36068
73344.08|0.08|24067
56445.75|0.01|37542
57423.49|0.05|28005
58907.45|0.01|27235
1344.44|0.04|20162
43053.36|0.05|36354
75363.64|0.0|2919
48745.11|0.0|31393
18311.89|0.04|15652
65590.08|0.09|38598
47620.32|0.1|40160
1641.74|0.04|37795
86625.14|0.05|23363
42036.66|0.01|33285
35233.8|0.08|18215
27301.96|0.05|45187
67968.22|0.1|24672
11300.08|0.07|43141
59429.7|0.06|46243
47483.48|0.08|33285
50101.12|0.02|36101
3605.8|0.07|43460
45680.67|0.1|19843
59164.0|0.07|27301
32879.56|0.01|28225
29206.5|0.07|44450
68761.44|0.04|29347
8529.12|0.07|28357
32514.4|0.07|18754
45216.82|0.04|46562
35151.48|0.1|27554
19195.41|0.05|31393
48316.8|0.06|44450
23325.75|0.06|42690
42044.46|0.01|17632
58315.94|0.05|28643
55360.0|0.06|22373
13918.64|0.0|38851
6839.49|0.08|45187
34716.6|0.0|18688
44448.96|0.03|25541
27540.3|0.09|25189
31141.88|0.04|37377
37066.26|0.08|450
22056.24|0.07|11043
63278.11|0.08|44197
53252.94|0.07|45187
40039.56|0.08|39555
951.05|0.02|19524
53439.54|0.03|28742
70307.21|0.05|43460
34428.0|0.03|164
19208.41|0.0|12000
24309.48|0.0|45440
68003.28|0.03|13056
51457.35|0.05|46342
6518.88|0.04|9091
41045.1|0.0|14211
84270.69|0.06|34022
52823.55|0.05|37377
6572.05|0.0|16961
31407.39|0.04|41062
33109.19|0.03|12066
50831.63|0.09|26982
2230.42|0.02|43141
26380.08|0.02|29985
6482.14|0.06|14596
20009.85|0.06|43141
39280.05|0.06|18402
19520.64|0.03|47783
17857.62|0.02|37124
38872.76|0.0|29347
27870.24|0.08|24067
44777.95|0.08|38598
63802.2|0.08|12550
42349.44|0.09|24452
26975.43|0.07|29347
70490.88|0.09|9091
37881.9|0.1|23396
33915.11|0.09|18017
24997.06|0.06|25574
30093.2|0.04|38565
23727.06|0.06|38532
