10279
37955
43972
17506
24359
6182
42850
47877
8481
31333
34435
46304
22368
17638
10048
23974
23556
12996
11522
9251
37988
10785
13216
37889
24678
45314
10884
11489
36866
31014
37702
11841
35942
32103
6083
36327
24227
32642
962
24964
16615
45127
31300
14723
47107
24645
30981
14118
14338
33027
44258
19717
45798
32037
17605
22951
9284
15845
34787
14404
16549
13568
11973
45732
28869
21862
46436
13601
15713
46117
23622
33445
41057
5280
24997
41255
46854
25217
21895
43521
11302
44775
30310
45666
33797
32224
43620
28902
24007
26823
27846
43235
47459
26306
42465
39748
39814
16967
37636
16901
25921
7590
30211
15009
21477
13348
20773
11456
47426
7271
33665
41475
33511
28418
38758
31872
32004
41024
32257
35106
31366
9383
34468
25602
11588
11654
5
31586
30882
40166
45831
36998
40551
37669
41156
44324
995
27747
16802
22500
33379
34688
41860
14855
43334
12006
24931
8294
42663
22247
42245
17957
36965
25349
34567
25668
18628
41376
7073
46788
42597
23303
33830
18914
46337
44005
22214
18727
23941
45952
41189
18309
47943
14789
5093
19937
36129
20256
28704
12963
37603
13414
38912
17539
46018
32389
10598
23842
40320
20641
24898
38978
43587
23457
27329
33698
43686
577
35744
27527
13029
44962
21345
25734
37537
32356
22115
23875
42630
11104
12226
37504
35975
14503
22599
26119
27648
25987
7172
36228
35238
20003
36448
17858
40034
31652
32422
24612
37735
42982
14624
45248
29507
9031
45028
10532
26625
20355
29925
17319
44676
4290
8195
35425
38659
25536
39847
23776
42498
6050
40452
42113
31685
37856
47745
36899
27813
22401
21378
41761
12611
40001
38406
16516
34721
31234
14756
25316
8162
46821
9152
47525
17825
36646
20487
47008
47712
22720
28803
25954
40672
38208
20960
42784
42564
34336
15746
33159
27879
39715
22852
35876
36932
42146
742
29859
10950
43136
12897
11269
33313
46403
21763
43015
42278
23523
22467
40485
38439
18529
22885
31399
33984
21796
11621
21697
11555
30695
15427
32741
35557
23589
45347
41123
34820
36833
27428
11874
29408
43202
19904
21125
22016
46887
30563
21444
33412
44896
5060
44643
10499
40067
31971
12677
15779
20036
36547
35623
13249
26339
40133
13733
47239
35205
40100
34886
38945
36613
