11339.88|0.02|1346
55190.69|0.09|26080
30106.12|0.02|2688
25395.6|0.01|4998
35072.86|0.03|30919
15042.06|0.03|2116
55940.28|0.02|7968
32248.84|0.05|19073
60648.33|0.0|2149
23810.16|0.07|2435
24705.91|0.09|19073
47804.17|0.1|2116
27726.0|0.06|6406
4950.4|0.01|3524
18905.4|0.0|4547
32462.54|0.03|7715
26835.38|0.09|8903
71355.84|0.05|16070
25759.02|0.08|38180
13544.63|0.05|1412
20451.9|0.06|4998
40555.52|0.04|38180
13778.88|0.04|25090
20902.35|0.08|5955
25953.25|0.01|28390
3288.57|0.0|2688
25261.28|0.02|2435
9908.57|0.1|4679
22046.2|0.08|9409
41892.63|0.08|28291
19875.9|0.05|6626
1187.28|0.08|2853
68633.15|0.09|5317
56558.27|0.01|5735
37372.68|0.01|3458
1814.0|0.01|1027
47451.2|0.01|25090
14169.54|0.07|2853
22055.76|0.1|3777
34697.8|0.03|7968
26517.9|0.03|5636
18488.58|0.1|1159
19957.28|0.09|9409
24927.25|0.1|4965
9600.6|0.03|3777
5750.12|0.1|6626
45703.56|0.01|2688
41134.45|0.09|5856
28631.0|0.04|3942
4423.71|0.07|2435
59541.94|0.06|3458
87851.61|0.03|6978
58527.38|0.08|30919
2342.54|0.08|18083
16927.9|0.06|2149
31535.25|0.07|5317
9865.71|0.05|1830
37056.69|0.06|4998
58628.78|0.09|37091
71635.6|0.03|5955
42100.8|0.09|37091
23233.44|0.1|5636
16596.36|0.08|37091
53811.31|0.0|6978
15291.51|0.06|28390
26271.9|0.05|5636
23449.68|0.1|1445
13962.96|0.04|6406
11628.65|0.1|4327
12553.68|0.05|2149
60866.93|0.01|30919
22032.27|0.08|1027
46130.88|0.06|3458
67114.67|0.09|25090
16172.55|0.05|4547
17682.84|0.06|3238
4297.59|0.07|1764
1541.64|0.0|3238
56607.25|0.0|5603
48599.46|0.04|19073
24204.18|0.05|29380
43532.19|0.06|4129
25812.3|0.01|4932
16232.7|0.04|6406
44544.96|0.1|31909
55904.26|0.08|3139
1517.61|0.03|1665
66730.84|0.06|5702
52372.17|0.08|5988
27693.45|0.07|3205
13446.24|0.01|7616
31641.84|0.08|4800
1884.08|0.0|2116
39993.18|0.09|9926
10097.78|0.09|3205
70602.1|0.0|1830
18400.47|0.03|4800
29609.74|0.04|2820
7257.75|0.06|3942
55165.89|0.07|9926
13094.28|0.02|4514
3409.6|0.05|8903
57012.9|0.03|7429
50135.78|0.05|7616
62666.67|0.06|5218
34485.11|0.03|3557
30537.48|0.0|9409
16313.64|0.06|4899
41669.76|0.0|5702
24688.41|0.0|6406
81850.95|0.04|26080
23530.92|0.04|3777
53110.99|0.01|3557
55787.04|0.07|1830
30260.34|0.06|2149
9289.17|0.05|19073
58670.16|0.1|5702
32940.36|0.01|28390
14935.68|0.07|2435
17408.4|0.06|1027
49529.2|0.1|4800
18935.4|0.1|4514
66020.5|0.06|18083
49417.32|0.07|1027
16369.92|0.09|3458
65620.5|0.1|8903
41714.4|0.01|1346
67103.54|0.05|3810
15537.12|0.07|28291
2162.36|0.1|1412
46741.06|0.01|2688
53903.38|0.07|7715
46056.6|0.05|4965
39563.2|0.0|17093
46941.3|0.08|2688
35516.07|0.02|38180
23609.74|0.1|29380
32705.37|0.06|4514
3120.42|0.02|6406
9172.8|0.03|5504
25117.56|0.06|2853
