14182|748
22080|161
1218|67
5508|446
18340|676
37095|341
27041|769
28482|1186
19363|274
19330|179
2945|226
27140|595
2978|350
46082|487
16580|191
29285|943
19462|277
17251|337
39075|1075
4738|34
4419|827
17570|499
24071|205
29351|814
47270|515
39394|719
18021|421
39493|284
18274|218
15491|1177
14050|71
28581|491
25281|46
33190|173
29890|331
14083|371
1504|16
1889|196
3748|418
18791|904
29120|829
36193|665
39042|194
18054|1081
3968|193
19077|931
15040|557
27173|1196
13280|251
37282|616
46181|944
29153|961
15271|1123
1702|523
18373|166
28130|535
27074|658
17031|556
6949|592
2912|737
38052|481
19781|919
47490|418
4705|784
26051|142
29571|1096
1955|97
28097|25
3616|1018
29670|1043
12290|1043
1856|835
29186|452
17185|1057
36160|677
19143|296
29252|613
17152|694
5728|634
1735|166
45191|601
28064|1097
36391|94
47171|94
3429|1162
1636|631
6817|529
1988|860
1922|445
38690|574
39174|16
3715|515
19682|310
26150|638
2208|541
19264|181
27591|449
15590|1175
1317|793
1669|16
2406|55
26183|1007
5409|101
16294|682
25094|880
4837|1025
15073|59
2439|433
2626|1097
3814|929
27360|475
4804|286
8929|635
17350|442
27492|133
21090|73
13093|905
39680|394
16096|886
33091|227
39361|103
25061|761
1537|862
26084|1192
16261|571
39460|883
36292|430
19044|25
35170|517
26370|287
25380|79
38151|1088
19495|1057
37381|949
47072|941
38272|667
8709|389
28262|658
24192|460
4903|736
38470|1117
3847|271
17383|1199
17284|1129
24390|568
24291|928
29472|796
19297|247
18560|1129
38371|469
2659|658
2725|707
5607|730
5827|244
18087|1180
28163|695
19110|980
28295|983
37062|637
19396|433
45092|535
2307|833
19011|964
13060|1076
16481|1165
34081|263
5926|598
7719|340
15172|79
4518|997
16195|283
15392|82
38085|229
1603|10
34180|1114
6916|694
7939|328
39141|1192
18692|404
28196|1150
7906|655
5959|184
3649|310
12070|598
27393|1139
18593|976
18241|991
16162|158
2758|331
