17|PERU|8|17|64438.47|0.07|8|39911|39911|943
9|INDONESIA|51|9|33676.54|0.07|51|25028|25028|349
1|ARGENTINA|71|1|4685.08|0.04|71|25028|25028|349
24|UNITED STATES|10|24|20256.6|0.08|10|25028|25028|349
12|JAPAN|43|12|35852.62|0.09|43|25028|25028|349
22|RUSSIA|16|22|62226.0|0.07|16|25028|25028|349
17|PERU|8|17|20857.2|0.0|8|27844|27844|899
8|INDIA|12|8|60364.8|0.07|12|27844|27844|899
12|JAPAN|54|12|8640.31|0.1|54|27844|27844|899
4|EGYPT|38|4|30947.28|0.07|38|27844|27844|899
17|PERU|8|17|11812.8|0.06|8|39746|39746|899
22|RUSSIA|40|22|9102.73|0.09|40|30022|30022|217
4|EGYPT|67|4|15929.04|0.08|67|30022|30022|217
15|MOROCCO|4|15|8547.12|0.06|4|30022|30022|217
15|MOROCCO|4|15|59489.64|0.07|4|30022|30022|217
22|RUSSIA|16|22|13757.58|0.02|16|30022|30022|217
19|ROMANIA|52|19|2733.03|0.07|52|30022|30022|217
23|UNITED KINGDOM|66|23|43110.82|0.06|66|740|740|349
1|ARGENTINA|71|1|20020.22|0.1|71|740|740|349
18|CHINA|41|18|49788.2|0.0|41|740|740|349
10|IRAN|9|10|36775.48|0.02|9|45312|45312|1180
8|INDIA|12|8|38082.0|0.08|12|45312|45312|1180
12|JAPAN|43|12|64553.09|0.03|43|45312|45312|1180
12|JAPAN|54|12|43415.19|0.1|54|45312|45312|1180
16|MOZAMBIQUE|31|16|44652.35|0.0|31|45312|45312|1180
16|MOZAMBIQUE|30|16|4708.98|0.1|30|45312|45312|1180
0|ALGERIA|37|0|75232.9|0.03|37|25479|25479|305
4|EGYPT|67|4|13164.1|0.0|67|25479|25479|305
21|VIETNAM|80|21|44112.48|0.07|80|10244|10244|239
0|ALGERIA|24|0|37336.04|0.01|24|10244|10244|239
15|MOROCCO|4|15|37839.9|0.05|4|10244|10244|239
15|MOROCCO|4|15|17917.76|0.1|4|10244|10244|239
14|KENYA|6|14|32962.86|0.02|6|24357|24357|349
7|GERMANY|33|7|59948.24|0.01|33|24357|24357|349
10|IRAN|9|10|36603.6|0.07|9|24357|24357|349
2|BRAZIL|21|2|2961.16|0.06|21|24357|24357|349
7|GERMANY|44|7|27930.25|0.08|44|38822|38822|646
10|IRAN|9|10|57797.1|0.02|9|38822|38822|646
7|GERMANY|77|7|7799.47|0.07|77|44003|44003|1180
4|EGYPT|67|4|30917.6|0.07|67|44003|44003|1180
18|CHINA|27|18|2200.4|0.04|27|44003|44003|1180
20|SAUDI ARABIA|74|20|48022.2|0.0|74|44003|44003|1180
23|UNITED KINGDOM|7|23|26654.0|0.07|7|46753|46753|305
7|GERMANY|77|7|14565.5|0.05|77|46753|46753|305
18|CHINA|72|18|52075.42|0.07|72|46753|46753|305
24|UNITED STATES|19|24|38053.14|0.06|19|46753|46753|305
17|PERU|1|17|30125.13|0.07|1|17382|17382|338
23|UNITED KINGDOM|66|23|58713.69|0.05|66|17382|17382|338
3|CANADA|20|3|7007.5|0.03|20|17382|17382|338
18|CHINA|41|18|68432.4|0.02|41|17382|17382|338
5|ETHIOPIA|78|5|36488.75|0.03|78|2977|2977|569
0|ALGERIA|37|0|13899.08|0.02|37|1733|1733|1180
13|JORDAN|36|13|73180.08|0.08|36|1733|1733|1180
9|INDONESIA|45|9|12820.68|0.06|45|1733|1733|1180
8|INDIA|12|8|53909.55|0.1|12|1733|1733|1180
24|UNITED STATES|19|24|17475.04|0.0|19|1733|1733|1180
14|KENYA|76|14|25723.72|0.06|76|1733|1733|1180
23|UNITED KINGDOM|32|23|37471.04|0.01|32|1733|1733|1180
19|ROMANIA|62|19|45494.36|0.05|62|3910|3910|503
17|PERU|57|17|1122.22|0.03|57|3910|3910|503
16|MOZAMBIQUE|56|16|10101.0|0.0|56|3910|3910|503
18|CHINA|41|18|6348.9|0.04|41|3910|3910|503
21|VIETNAM|26|21|36042.27|0.1|26|1479|1479|118
21|VIETNAM|80|21|7632.4|0.1|80|3008|3008|316
7|GERMANY|77|7|46487.29|0.05|77|3008|3008|316
21|VIETNAM|26|21|43407.2|0.01|26|3008|3008|316
8|INDIA|15|8|53779.73|0.03|15|3008|3008|316
20|SAUDI ARABIA|74|20|65926.56|0.07|74|3008|3008|316
19|ROMANIA|62|19|54778.52|0.03|62|6407|6407|679
2|BRAZIL|21|2|44160.96|0.01|21|6407|6407|679
9|INDONESIA|50|9|6482.14|0.06|50|6945|6945|547
14|KENYA|79|14|43258.8|0.03|79|5537|5537|943
17|PERU|57|17|63450.88|0.01|57|5537|5537|943
4|EGYPT|69|4|51350.4|0.03|69|19040|19040|239
24|UNITED STATES|46|24|87644.16|0.07|46|19040|19040|239
21|VIETNAM|68|21|2790.98|0.02|68|19040|19040|239
17|PERU|57|17|37166.66|0.1|57|19040|19040|239
0|ALGERIA|24|0|21512.82|0.0|24|19040|19040|239
4|EGYPT|67|4|2632.82|0.09|67|19040|19040|239
14|KENYA|76|14|32074.32|0.02|76|19040|19040|239
9|INDONESIA|51|9|19111.74|0.04|51|1445|1445|910
6|FRANCE|70|6|23449.68|0.1|70|1445|1445|910
16|MOZAMBIQUE|58|16|48294.87|0.03|58|1445|1445|910
17|PERU|57|17|68953.44|0.1|57|1445|1445|910
14|KENYA|76|14|40698.96|0.01|76|1445|1445|910
24|UNITED STATES|49|24|10013.64|0.1|49|1445|1445|910
21|VIETNAM|80|21|42048.63|0.03|80|18182|18182|811
16|MOZAMBIQUE|73|16|14435.82|0.06|73|18182|18182|811
6|FRANCE|70|6|7928.72|0.06|70|18182|18182|811
6|FRANCE|70|6|61266.66|0.04|70|18182|18182|811
10|IRAN|34|10|25430.17|0.02|34|18182|18182|811
8|INDIA|39|8|45543.45|0.03|39|18182|18182|811
0|ALGERIA|28|0|8523.36|0.04|28|18182|18182|811
21|VIETNAM|80|21|21947.04|0.02|80|2534|2534|602
10|IRAN|9|10|29292.9|0.07|9|2534|2534|602
17|PERU|59|17|21800.46|0.02|59|2534|2534|602
13|JORDAN|36|13|64267.37|0.09|36|2534|2534|602
24|UNITED STATES|19|24|54596.29|0.08|19|2534|2534|602
23|UNITED KINGDOM|32|23|17084.34|0.05|32|2534|2534|602
0|ALGERIA|28|0|45350.0|0.1|28|2534|2534|602
3|CANADA|20|3|36966.93|0.08|20|9607|9607|514
16|MOZAMBIQUE|30|16|33300.3|0.03|30|9507|9507|415
14|KENYA|6|14|17336.62|0.06|6|5349|5349|536
1|ARGENTINA|29|1|5568.12|0.1|29|5349|5349|536
22|RUSSIA|42|22|21702.56|0.06|42|5349|5349|536
22|RUSSIA|42|22|52589.16|0.06|42|3424|3424|811
17|PERU|57|17|23536.16|0.05|57|3974|3974|745
12|JAPAN|54|12|50250.52|0.1|54|3974|3974|745
8|INDIA|60|8|47076.91|0.1|60|37767|37767|910
21|VIETNAM|26|21|6852.3|0.05|26|37767|37767|910
0|ALGERIA|24|0|17555.04|0.0|24|37767|37767|910
4|EGYPT|38|4|26939.38|0.05|38|37767|37767|910
10|IRAN|9|10|6889.44|0.07|9|43971|43971|998
19|ROMANIA|52|19|12577.68|0.0|52|43971|43971|998
1|ARGENTINA|3|1|61385.52|0.03|3|43971|43971|998
7|GERMANY|77|7|27224.19|0.1|77|44576|44576|1180
13|JORDAN|36|13|44287.6|0.03|36|44576|44576|1180
14|KENYA|79|14|2934.21|0.08|79|44576|44576|1180
9|INDONESIA|23|9|15187.38|0.04|23|44576|44576|1180
24|UNITED STATES|49|24|5934.48|0.04|49|44576|44576|1180
16|MOZAMBIQUE|30|16|21474.18|0.08|30|44576|44576|1180
24|UNITED STATES|55|24|27917.44|0.08|55|40385|40385|910
1|ARGENTINA|71|1|8704.2|0.01|71|40385|40385|910
7|GERMANY|53|7|46162.16|0.03|53|40385|40385|910
17|PERU|59|17|49465.68|0.1|59|27526|27526|646
8|INDIA|15|8|15772.92|0.05|15|27526|27526|646
9|INDONESIA|23|9|56088.26|0.02|23|27526|27526|646
1|ARGENTINA|29|1|58476.95|0.01|29|27526|27526|646
18|CHINA|75|18|59718.55|0.05|75|27526|27526|646
21|VIETNAM|80|21|41212.02|0.05|80|21542|21542|635
11|IRAQ|5|11|1314.41|0.09|5|21542|21542|635
23|UNITED KINGDOM|66|23|9054.9|0.03|66|21542|21542|635
18|CHINA|72|18|62057.94|0.05|72|21542|21542|635
8|INDIA|15|8|9234.0|0.05|15|21542|21542|635
21|VIETNAM|26|21|1214.31|0.03|26|21542|21542|635
14|KENYA|48|14|60039.84|0.1|48|21542|21542|635
7|GERMANY|77|7|29496.19|0.1|77|17824|17824|547
24|UNITED STATES|46|24|7495.88|0.07|46|17824|17824|547
16|MOZAMBIQUE|31|16|7853.35|0.0|31|17824|17824|547
20|SAUDI ARABIA|74|20|26956.56|0.07|74|17824|17824|547
21|VIETNAM|80|21|36760.4|0.01|80|38438|38438|701
16|MOZAMBIQUE|73|16|5078.37|0.0|73|38438|38438|701
7|GERMANY|44|7|51096.04|0.07|44|38438|38438|701
4|EGYPT|69|4|32515.7|0.0|69|38438|38438|701
4|EGYPT|67|4|28556.09|0.0|67|38438|38438|701
24|UNITED STATES|55|24|24802.25|0.03|55|7779|7779|800
17|PERU|59|17|16112.55|0.09|59|7779|7779|800
4|EGYPT|69|4|57041.16|0.04|69|7779|7779|800
23|UNITED KINGDOM|32|23|13365.56|0.1|32|7779|7779|800
18|CHINA|27|18|40343.4|0.03|27|7779|7779|800
9|INDONESIA|51|9|15642.9|0.08|51|2246|2246|899
21|VIETNAM|26|21|74210.26|0.07|26|2246|2246|899
22|RUSSIA|42|22|11419.43|0.1|42|2246|2246|899
3|CANADA|20|3|29027.02|0.02|20|2246|2246|899
18|CHINA|11|18|41497.58|0.06|11|4512|4512|547
14|KENYA|47|14|35738.7|0.07|47|4512|4512|547
17|PERU|57|17|29479.68|0.04|57|4512|4512|547
1|ARGENTINA|29|1|22284.36|0.0|29|4512|4512|547
1|ARGENTINA|3|1|32739.84|0.1|3|4512|4512|547
14|KENYA|47|14|68624.5|0.08|47|12325|12325|778
1|ARGENTINA|29|1|39970.78|0.0|29|37889|37889|437
5|ETHIOPIA|63|5|25411.17|0.03|63|37889|37889|437
21|VIETNAM|80|21|76126.37|0.1|80|15713|15713|613
21|VIETNAM|80|21|5941.4|0.03|80|15713|15713|613
9|INDONESIA|50|9|19190.55|0.0|50|15713|15713|613
21|VIETNAM|35|21|55262.83|0.08|35|46117|46117|778
24|UNITED STATES|49|24|27725.45|0.04|49|46117|46117|778
22|RUSSIA|40|22|33911.64|0.1|40|22533|22533|349
4|EGYPT|22|4|4991.28|0.06|22|22533|22533|349
6|FRANCE|70|6|28799.62|0.05|70|22533|22533|349
17|PERU|59|17|59800.9|0.07|59|22533|22533|349
7|GERMANY|53|7|30134.77|0.01|53|22533|22533|349
22|RUSSIA|40|22|3920.28|0.09|40|44357|44357|107
18|CHINA|72|18|30441.04|0.03|72|44357|44357|107
8|INDIA|60|8|47336.69|0.02|60|44357|44357|107
9|INDONESIA|45|9|5910.28|0.09|45|44357|44357|107
18|CHINA|41|18|40057.68|0.05|41|44357|44357|107
8|INDIA|15|8|34982.08|0.06|15|30882|30882|8
24|UNITED STATES|10|24|17442.19|0.05|10|30882|30882|8
19|ROMANIA|62|19|49458.3|0.03|62|29639|29639|998
7|GERMANY|77|7|1017.11|0.07|77|29639|29639|998
18|CHINA|72|18|57895.74|0.02|72|29639|29639|998
1|ARGENTINA|3|1|47246.76|0.04|3|29639|29639|998
9|INDONESIA|51|9|1066.16|0.04|51|26658|26658|701
24|UNITED STATES|55|24|34181.82|0.1|55|26658|26658|701
23|UNITED KINGDOM|66|23|35773.1|0.01|66|26658|26658|701
3|CANADA|13|3|38122.26|0.03|13|26658|26658|701
7|GERMANY|33|7|80388.96|0.01|33|31520|31520|118
4|EGYPT|69|4|44707.1|0.07|69|31520|31520|118
14|KENYA|47|14|33454.27|0.03|47|31520|31520|118
24|UNITED STATES|19|24|7712.28|0.0|19|31520|31520|118
0|ALGERIA|28|0|36505.17|0.1|28|31520|31520|118
15|MOROCCO|14|15|40222.84|0.03|14|38439|38439|349
2|BRAZIL|21|2|6961.56|0.05|21|38439|38439|349
1|ARGENTINA|3|1|38709.44|0.08|3|38439|38439|349
8|INDIA|60|8|37462.59|0.1|60|21664|21664|107
11|IRAQ|5|11|35638.0|0.0|5|36547|36547|910
21|VIETNAM|35|21|27497.4|0.06|35|36547|36547|910
22|RUSSIA|40|22|51299.66|0.07|40|5765|5765|415
17|PERU|59|17|25836.93|0.05|59|5765|5765|415
9|INDONESIA|45|9|37115.99|0.0|45|5765|5765|415
9|INDONESIA|23|9|61890.24|0.09|23|5765|5765|415
12|JAPAN|54|12|31251.1|0.05|54|5765|5765|415
24|UNITED STATES|55|24|27245.7|0.01|55|6304|6304|448
5|ETHIOPIA|78|5|23641.92|0.07|78|6304|6304|448
24|UNITED STATES|19|24|13412.7|0.06|19|6304|6304|448
24|UNITED STATES|19|24|36135.04|0.06|19|6304|6304|448
22|RUSSIA|25|22|4297.59|0.03|25|3399|3399|976
16|MOZAMBIQUE|18|16|27217.96|0.09|18|3399|3399|976
4|EGYPT|38|4|10699.44|0.01|38|3399|3399|976
16|MOZAMBIQUE|31|16|21212.31|0.09|31|3399|3399|976
1|ARGENTINA|71|1|23299.02|0.0|71|6468|6468|844
16|MOZAMBIQUE|73|16|54670.63|0.1|73|4642|4642|1180
10|IRAN|9|10|29713.5|0.0|9|4642|4642|1180
22|RUSSIA|25|22|15922.94|0.04|25|4642|4642|1180
21|VIETNAM|35|21|45506.62|0.04|35|4642|4642|1180
1|ARGENTINA|3|1|10621.6|0.04|3|4642|4642|1180
22|RUSSIA|40|22|60589.8|0.05|40|9537|9537|646
16|MOZAMBIQUE|58|16|61220.25|0.08|58|9537|9537|646
16|MOZAMBIQUE|56|16|61138.74|0.07|56|9537|9537|646
18|CHINA|75|18|29455.68|0.04|75|9537|9537|646
17|PERU|1|17|48083.76|0.0|1|2343|2343|569
7|GERMANY|44|7|49893.2|0.03|44|2343|2343|569
9|INDONESIA|23|9|27981.03|0.0|23|2343|2343|569
7|GERMANY|77|7|41919.78|0.06|77|7876|7876|1081
7|GERMANY|77|7|42633.25|0.1|77|7876|7876|1081
23|UNITED KINGDOM|7|23|53897.6|0.07|7|6402|6402|316
21|VIETNAM|68|21|59157.0|0.09|68|6402|6402|316
1|ARGENTINA|29|1|39137.58|0.07|29|6402|6402|316
18|CHINA|41|18|26524.26|0.04|41|6402|6402|316
7|GERMANY|77|7|46098.9|0.08|77|32609|32609|613
4|EGYPT|38|4|34812.75|0.08|38|32609|32609|613
24|UNITED STATES|19|24|72676.4|0.1|19|646|646|404
12|JAPAN|43|12|27317.52|0.06|43|646|646|404
4|EGYPT|22|4|9856.71|0.09|22|9474|9474|107
18|CHINA|11|18|26698.77|0.08|11|9474|9474|107
9|INDONESIA|23|9|56468.72|0.1|23|9474|9474|107
0|ALGERIA|28|0|54635.04|0.07|28|9474|9474|107
4|EGYPT|38|4|53605.64|0.0|38|9474|9474|107
17|PERU|1|17|41625.0|0.05|1|10887|10887|349
7|GERMANY|77|7|30921.99|0.01|77|13824|13824|877
16|MOZAMBIQUE|58|16|8433.2|0.04|58|13824|13824|877
16|MOZAMBIQUE|58|16|25924.74|0.08|58|13824|13824|877
5|ETHIOPIA|63|5|33326.91|0.09|63|13824|13824|877
7|GERMANY|44|7|8374.03|0.06|44|46758|46758|1070
9|INDONESIA|50|9|16474.02|0.07|50|40961|40961|1081
18|CHINA|27|18|27077.21|0.04|27|40961|40961|1081
14|KENYA|76|14|31759.29|0.07|76|30787|30787|833
12|JAPAN|54|12|25087.79|0.04|54|30787|30787|833
23|UNITED KINGDOM|7|23|13406.52|0.02|7|449|449|767
17|PERU|1|17|2940.24|0.07|1|449|449|767
14|KENYA|79|14|7075.44|0.1|79|449|449|767
7|GERMANY|53|7|25591.72|0.07|53|449|449|767
17|PERU|1|17|71355.84|0.09|1|20326|20326|767
10|IRAN|9|10|38156.56|0.02|9|20326|20326|767
17|PERU|1|17|10223.92|0.0|1|28807|28807|448
0|ALGERIA|37|0|40781.4|0.0|37|28807|28807|448
0|ALGERIA|24|0|41490.88|0.01|24|28807|28807|448
5|ETHIOPIA|78|5|22591.94|0.04|78|28807|28807|448
19|ROMANIA|52|19|19169.41|0.1|52|28807|28807|448
19|ROMANIA|52|19|53733.54|0.08|52|11559|11559|745
7|GERMANY|77|7|77180.27|0.1|77|768|768|778
23|UNITED KINGDOM|66|23|42417.54|0.01|66|768|768|778
10|IRAN|9|10|28441.2|0.06|9|768|768|778
14|KENYA|48|14|57273.84|0.06|48|768|768|778
9|INDONESIA|23|9|40559.03|0.1|23|768|768|778
2|BRAZIL|21|2|59801.39|0.06|21|768|768|778
24|UNITED STATES|64|24|2086.28|0.0|64|768|768|778
10|IRAN|9|10|7070.7|0.04|9|41765|41765|844
3|CANADA|13|3|39075.05|0.0|13|41765|41765|844
0|ALGERIA|24|0|38633.18|0.09|24|41765|41765|844
16|MOZAMBIQUE|18|16|69610.32|0.0|18|41765|41765|844
14|KENYA|76|14|12810.14|0.07|76|41765|41765|844
16|MOZAMBIQUE|73|16|5465.76|0.07|73|12868|12868|833
23|UNITED KINGDOM|66|23|14065.0|0.02|66|12868|12868|833
24|UNITED STATES|55|24|60002.4|0.0|55|12868|12868|833
22|RUSSIA|25|22|39818.88|0.0|25|12868|12868|833
1|ARGENTINA|29|1|25496.85|0.02|29|12868|12868|833
22|RUSSIA|42|22|55004.4|0.06|42|12868|12868|833
14|KENYA|6|14|21983.4|0.06|6|44416|44416|646
16|MOZAMBIQUE|73|16|15234.52|0.08|73|44416|44416|646
7|GERMANY|44|7|49583.43|0.03|44|44416|44416|646
14|KENYA|79|14|32990.98|0.05|79|44416|44416|646
18|CHINA|27|18|26653.12|0.08|27|44416|44416|646
16|MOZAMBIQUE|31|16|46501.5|0.02|31|44416|44416|646
24|UNITED STATES|55|24|35807.1|0.07|55|26915|26915|1180
24|UNITED STATES|55|24|20455.47|0.09|55|26915|26915|1180
10|IRAN|34|10|28839.2|0.0|34|26915|26915|1180
16|MOZAMBIQUE|18|16|34245.33|0.06|18|26915|26915|1180
16|MOZAMBIQUE|18|16|48472.65|0.04|18|26915|26915|1180
23|UNITED KINGDOM|32|23|53458.0|0.0|32|26915|26915|1180
24|UNITED STATES|64|24|44811.74|0.07|64|26915|26915|1180
8|INDIA|60|8|15186.1|0.04|60|45986|45986|217
18|CHINA|27|18|16918.2|0.03|27|45986|45986|217
21|VIETNAM|80|21|36302.64|0.05|80|36933|36933|118
22|RUSSIA|40|22|39759.39|0.05|40|36933|36933|118
18|CHINA|72|18|17028.34|0.08|72|36933|36933|118
24|UNITED STATES|10|24|7582.26|0.03|10|36933|36933|118
4|EGYPT|38|4|34218.72|0.1|38|36933|36933|118
18|CHINA|72|18|62977.05|0.04|72|28518|28518|602
8|INDIA|15|8|1016.11|0.03|15|28518|28518|602
16|MOZAMBIQUE|56|16|19537.08|0.03|56|11105|11105|899
17|PERU|8|17|7207.7|0.03|8|24965|24965|316
16|MOZAMBIQUE|58|16|25799.37|0.09|58|24965|24965|316
8|INDIA|12|8|51456.0|0.03|12|24965|24965|316
22|RUSSIA|65|22|57941.6|0.0|65|24965|24965|316
19|ROMANIA|52|19|66597.84|0.06|52|24965|24965|316
16|MOZAMBIQUE|73|16|25391.03|0.1|73|42785|42785|91
21|VIETNAM|26|21|29143.44|0.07|26|42785|42785|91
8|INDIA|12|8|1321.42|0.02|12|42785|42785|91
24|UNITED STATES|19|24|26861.04|0.1|19|42785|42785|91
18|CHINA|75|18|36543.96|0.08|75|42785|42785|91
17|PERU|8|17|27698.9|0.05|8|22787|22787|118
14|KENYA|6|14|53648.76|0.06|6|22787|22787|118
14|KENYA|79|14|29931.0|0.08|79|22787|22787|118
10|IRAN|34|10|32207.0|0.02|34|22787|22787|118
24|UNITED STATES|10|24|29936.48|0.02|10|22787|22787|118
22|RUSSIA|42|22|40808.71|0.01|42|22787|22787|118
3|CANADA|20|3|2922.21|0.01|20|22787|22787|118
4|EGYPT|22|4|10379.12|0.05|22|42532|42532|668
23|UNITED KINGDOM|66|23|30749.32|0.0|66|42532|42532|668
22|RUSSIA|42|22|87753.61|0.03|42|42532|42532|668
1|ARGENTINA|3|1|19396.72|0.07|3|42532|42532|668
22|RUSSIA|40|22|37239.6|0.02|40|18629|18629|833
2|BRAZIL|21|2|2648.84|0.06|21|18629|18629|833
4|EGYPT|22|4|40755.4|0.08|22|37703|37703|448
7|GERMANY|33|7|66955.3|0.03|33|37703|37703|448
7|GERMANY|77|7|58406.01|0.03|77|37703|37703|448
14|KENYA|48|14|17190.9|0.1|48|37703|37703|448
3|CANADA|20|3|2260.44|0.05|20|37703|37703|448
1|ARGENTINA|29|1|33840.45|0.09|29|45216|45216|745
24|UNITED STATES|46|24|6171.65|0.07|46|24932|24932|745
24|UNITED STATES|46|24|5916.48|0.05|46|24932|24932|745
9|INDONESIA|23|9|12506.78|0.01|23|24932|24932|745
2|BRAZIL|21|2|37070.25|0.0|21|24932|24932|745
21|VIETNAM|80|21|37395.38|0.03|80|33952|33952|976
19|ROMANIA|52|19|32195.2|0.08|52|33952|33952|976
18|CHINA|72|18|23262.08|0.05|72|227|227|80
22|RUSSIA|65|22|31065.36|0.07|65|227|227|80
9|INDONESIA|50|9|5410.9|0.04|50|38947|38947|910
6|FRANCE|70|6|46706.04|0.04|70|38947|38947|910
4|EGYPT|69|4|30032.0|0.06|69|38947|38947|910
8|INDIA|15|8|45030.28|0.04|15|9286|9286|404
0|ALGERIA|37|0|14115.24|0.07|37|9286|9286|404
16|MOZAMBIQUE|56|16|9650.4|0.07|56|9286|9286|404
8|INDIA|39|8|28107.03|0.07|39|9286|9286|404
19|ROMANIA|17|19|9250.2|0.01|17|9286|9286|404
8|INDIA|39|8|20206.23|0.07|39|9286|9286|404
16|MOZAMBIQUE|31|16|15086.17|0.06|31|9286|9286|404
18|CHINA|27|18|60139.35|0.04|27|40355|40355|349
4|EGYPT|22|4|26041.29|0.09|22|40069|40069|635
5|ETHIOPIA|78|5|31377.6|0.0|78|40069|40069|635
19|ROMANIA|17|19|4273.56|0.08|17|40069|40069|635
4|EGYPT|38|4|15820.65|0.02|38|40069|40069|635
1|ARGENTINA|3|1|59910.4|0.09|3|40069|40069|635
22|RUSSIA|16|22|43353.19|0.05|16|11777|11777|217
21|VIETNAM|68|21|33732.14|0.02|68|13889|13889|679
22|RUSSIA|65|22|25981.74|0.09|65|13889|13889|679
17|PERU|1|17|66417.05|0.01|1|964|964|602
16|MOZAMBIQUE|73|16|58250.01|0.04|73|964|964|602
24|UNITED STATES|19|24|1798.89|0.02|19|964|964|602
5|ETHIOPIA|63|5|58846.92|0.05|63|964|964|602
21|VIETNAM|80|21|41457.36|0.02|80|22018|22018|118
12|JAPAN|54|12|73337.44|0.02|54|22018|22018|118
9|INDONESIA|23|9|5778.36|0.02|23|11524|11524|613
17|PERU|8|17|38828.64|0.04|8|45602|45602|437
9|INDONESIA|50|9|14271.36|0.08|50|45602|45602|437
14|KENYA|47|14|21758.92|0.02|47|45602|45602|437
10|IRAN|34|10|53913.24|0.08|34|45602|45602|437
14|KENYA|6|14|47175.24|0.04|6|8263|8263|503
3|CANADA|13|3|51122.94|0.1|13|8263|8263|503
15|MOROCCO|4|15|30999.54|0.07|4|8263|8263|503
19|ROMANIA|17|19|6582.05|0.01|17|8263|8263|503
17|PERU|1|17|31450.68|0.01|1|8032|8032|107
11|IRAQ|5|11|50083.88|0.03|5|9121|9121|349
20|SAUDI ARABIA|74|20|30783.6|0.02|74|9121|9121|349
14|KENYA|48|14|3788.16|0.05|48|11425|11425|899
21|VIETNAM|68|21|11580.32|0.02|68|11425|11425|899
10|IRAN|34|10|44576.84|0.02|34|11425|11425|899
12|JAPAN|43|12|21953.4|0.08|43|11425|11425|899
19|ROMANIA|17|19|6632.1|0.04|17|11425|11425|899
18|CHINA|41|18|43783.96|0.0|41|11425|11425|899
23|UNITED KINGDOM|66|23|9607.29|0.08|66|9346|9346|734
23|UNITED KINGDOM|32|23|59023.36|0.1|32|9346|9346|734
1|ARGENTINA|3|1|35678.94|0.08|3|9346|9346|734
23|UNITED KINGDOM|7|23|20941.8|0.06|7|22628|22628|976
24|UNITED STATES|49|24|37039.5|0.07|49|22628|22628|976
16|MOZAMBIQUE|31|16|20200.04|0.1|31|22628|22628|976
16|MOZAMBIQUE|31|16|41184.54|0.1|31|22628|22628|976
21|VIETNAM|68|21|60824.05|0.1|68|30306|30306|8
18|CHINA|72|18|27084.88|0.06|72|4550|4550|943
0|ALGERIA|28|0|9847.71|0.05|28|4550|4550|943
24|UNITED STATES|64|24|40715.71|0.07|64|8356|8356|712
9|INDONESIA|23|9|46464.6|0.07|23|38919|38919|976
22|RUSSIA|16|22|25972.32|0.01|16|38919|38919|976
17|PERU|8|17|7456.24|0.09|8|43814|43814|448
17|PERU|8|17|21454.56|0.05|8|43814|43814|448
9|INDONESIA|50|9|61781.12|0.0|50|43814|43814|448
6|FRANCE|70|6|31554.44|0.1|70|43814|43814|448
13|JORDAN|36|13|23375.75|0.1|36|43814|43814|448
22|RUSSIA|16|22|4621.0|0.07|16|43814|43814|448
22|RUSSIA|42|22|39226.16|0.09|42|43814|43814|448
15|MOROCCO|14|15|33938.11|0.05|14|706|706|1180
23|UNITED KINGDOM|7|23|44494.8|0.08|7|9413|9413|118
19|ROMANIA|62|19|55267.41|0.04|62|9413|9413|118
0|ALGERIA|37|0|74493.31|0.01|37|9413|9413|118
5|ETHIOPIA|63|5|16236.0|0.03|63|9413|9413|118
7|GERMANY|44|7|34670.16|0.08|44|31847|31847|514
22|RUSSIA|25|22|56549.4|0.0|25|31847|31847|514
21|VIETNAM|68|21|20265.56|0.03|68|31847|31847|514
1|ARGENTINA|29|1|36519.3|0.04|29|31847|31847|514
12|JAPAN|43|12|42044.8|0.06|43|31847|31847|514
24|UNITED STATES|64|24|8673.44|0.04|64|31847|31847|514
5|ETHIOPIA|63|5|75138.43|0.1|63|31847|31847|514
14|KENYA|48|14|33092.16|0.0|48|33728|33728|415
6|FRANCE|70|6|70101.8|0.09|70|42913|42913|448
0|ALGERIA|37|0|45588.84|0.07|37|42913|42913|448
16|MOZAMBIQUE|56|16|11662.6|0.1|56|42913|42913|448
9|INDONESIA|50|9|47452.0|0.0|50|21606|21606|547
0|ALGERIA|37|0|12297.95|0.09|37|21606|21606|547
22|RUSSIA|25|22|7022.5|0.03|25|21606|21606|547
3|CANADA|13|3|29873.77|0.1|13|21606|21606|547
9|INDONESIA|45|9|28021.13|0.03|45|21606|21606|547
12|JAPAN|43|12|20245.26|0.02|43|21606|21606|547
1|ARGENTINA|3|1|37177.99|0.07|3|6212|6212|91
13|JORDAN|36|13|47093.17|0.08|36|2051|2051|305
14|KENYA|76|14|44929.44|0.01|76|2051|2051|305
6|FRANCE|70|6|13678.4|0.05|70|31844|31844|316
1|ARGENTINA|3|1|28228.36|0.04|3|31844|31844|316
21|VIETNAM|80|21|11804.87|0.01|80|32614|32614|415
3|CANADA|13|3|26236.84|0.03|13|32614|32614|415
16|MOZAMBIQUE|18|16|19260.54|0.05|18|32614|32614|415
12|JAPAN|54|12|46803.36|0.0|54|32614|32614|415
8|INDIA|39|8|80824.92|0.01|39|32614|32614|415
22|RUSSIA|16|22|8604.45|0.04|16|32614|32614|415
19|ROMANIA|17|19|39928.02|0.04|17|7111|7111|1081
23|UNITED KINGDOM|66|23|29326.88|0.01|66|3393|3393|778
0|ALGERIA|37|0|70538.88|0.06|37|3393|3393|778
17|PERU|59|17|49040.54|0.07|59|3393|3393|778
17|PERU|59|17|41794.25|0.07|59|3393|3393|778
15|MOROCCO|14|15|23723.33|0.04|14|3393|3393|778
0|ALGERIA|24|0|83599.56|0.08|24|3393|3393|778
17|PERU|8|17|46961.92|0.06|8|4482|4482|646
2|BRAZIL|21|2|53208.32|0.01|21|4482|4482|646
17|PERU|8|17|17529.72|0.03|8|10625|10625|206
7|GERMANY|44|7|18667.8|0.03|44|10625|10625|206
18|CHINA|72|18|32234.2|0.09|72|10625|10625|206
8|INDIA|15|8|6958.63|0.07|15|10625|10625|206
13|JORDAN|36|13|11929.08|0.1|36|10625|10625|206
3|CANADA|13|3|48807.15|0.04|13|10625|10625|206
24|UNITED STATES|10|24|67692.22|0.03|10|10625|10625|206
23|UNITED KINGDOM|7|23|4609.0|0.02|7|25607|25607|701
24|UNITED STATES|64|24|22311.13|0.07|64|25607|25607|701
7|GERMANY|77|7|63680.98|0.09|77|43812|43812|778
23|UNITED KINGDOM|66|23|49151.9|0.01|66|43812|43812|778
21|VIETNAM|35|21|5204.49|0.09|35|43812|43812|778
8|INDIA|12|8|33705.54|0.0|12|43812|43812|778
1|ARGENTINA|71|1|40933.79|0.02|71|42657|42657|910
4|EGYPT|67|4|39122.16|0.05|67|42657|42657|910
24|UNITED STATES|64|24|32840.37|0.03|64|42657|42657|910
23|UNITED KINGDOM|7|23|14838.66|0.07|7|6176|6176|91
17|PERU|59|17|68032.0|0.01|59|6176|6176|91
14|KENYA|6|14|36056.61|0.0|6|35716|35716|514
8|INDIA|61|8|41247.36|0.0|61|5153|5153|899
8|INDIA|60|8|49403.34|0.03|60|5153|5153|899
3|CANADA|13|3|40939.84|0.1|13|5153|5153|899
24|UNITED STATES|19|24|18527.88|0.05|19|5153|5153|899
24|UNITED STATES|10|24|43306.2|0.09|10|5153|5153|899
0|ALGERIA|28|0|64616.04|0.01|28|5153|5153|899
21|VIETNAM|80|21|3285.57|0.04|80|9124|9124|448
0|ALGERIA|24|0|18583.33|0.09|24|9124|9124|448
1|ARGENTINA|29|1|28842.87|0.07|29|9124|9124|448
22|RUSSIA|42|22|1842.04|0.07|42|9124|9124|448
7|GERMANY|53|7|64100.54|0.03|53|9124|9124|448
16|MOZAMBIQUE|30|16|20069.6|0.04|30|9124|9124|448
19|ROMANIA|62|19|35205.8|0.0|62|3460|3460|646
19|ROMANIA|62|19|47130.8|0.08|62|3460|3460|646
24|UNITED STATES|55|24|4462.74|0.06|55|3460|3460|646
7|GERMANY|77|7|44040.41|0.08|77|3460|3460|646
6|FRANCE|70|6|64284.54|0.03|70|3460|3460|646
6|FRANCE|70|6|39443.2|0.1|70|3460|3460|646
19|ROMANIA|17|19|82937.5|0.02|17|3460|3460|646
22|RUSSIA|40|22|32375.0|0.06|40|4197|4197|734
7|GERMANY|44|7|38266.48|0.0|44|4197|4197|734
9|INDONESIA|50|9|46301.0|0.06|50|4197|4197|734
22|RUSSIA|25|22|56883.45|0.02|25|4197|4197|734
18|CHINA|41|18|69151.52|0.03|41|4197|4197|734
16|MOZAMBIQUE|30|16|55019.52|0.08|30|4197|4197|734
11|IRAQ|5|11|1256.35|0.07|5|9158|9158|217
13|JORDAN|36|13|44047.04|0.06|36|9158|9158|217
22|RUSSIA|42|22|40831.89|0.1|42|9158|9158|217
24|UNITED STATES|19|24|18597.88|0.04|19|20515|20515|448
11|IRAQ|5|11|48654.44|0.01|5|40898|40898|866
24|UNITED STATES|55|24|64553.85|0.0|55|40898|40898|866
23|UNITED KINGDOM|66|23|50815.46|0.07|66|40898|40898|866
0|ALGERIA|28|0|45372.6|0.08|28|40898|40898|866
23|UNITED KINGDOM|66|23|22504.4|0.04|66|6562|6562|514
8|INDIA|60|8|50147.13|0.0|60|6562|6562|514
15|MOROCCO|14|15|9090.99|0.09|14|6562|6562|514
10|IRAN|34|10|34620.74|0.04|34|6562|6562|514
24|UNITED STATES|49|24|25715.55|0.06|49|6562|6562|514
1|ARGENTINA|3|1|57121.2|0.1|3|6562|6562|514
5|ETHIOPIA|63|5|38885.34|0.04|63|7970|7970|316
4|EGYPT|22|4|39371.63|0.06|22|31526|31526|965
8|INDIA|61|8|74358.0|0.03|61|31526|31526|965
14|KENYA|79|14|81221.36|0.04|79|31526|31526|965
16|MOZAMBIQUE|56|16|2258.44|0.1|56|31526|31526|965
23|UNITED KINGDOM|32|23|6889.44|0.06|32|31526|31526|965
22|RUSSIA|42|22|4980.45|0.01|42|31526|31526|965
1|ARGENTINA|3|1|30749.32|0.04|3|31526|31526|965
3|CANADA|13|3|44146.76|0.06|13|18054|18054|1081
7|GERMANY|44|7|10641.6|0.02|44|18692|18692|404
7|GERMANY|44|7|66838.59|0.04|44|18692|18692|404
0|ALGERIA|37|0|63191.08|0.07|37|18692|18692|404
4|EGYPT|67|4|2588.78|0.09|67|18692|18692|404
7|GERMANY|77|7|43543.17|0.05|77|18593|18593|976
4|EGYPT|22|4|81895.95|0.0|22|18593|18593|976
13|JORDAN|36|13|35233.17|0.08|36|18593|18593|976
3|CANADA|13|3|14343.12|0.1|13|18593|18593|976
14|KENYA|79|14|50525.37|0.01|79|18593|18593|976
16|MOZAMBIQUE|18|16|67188.67|0.06|18|18593|18593|976
17|PERU|1|17|68283.15|0.1|1|5729|5729|349
7|GERMANY|77|7|24486.4|0.03|77|47392|47392|767
4|EGYPT|22|4|3720.08|0.01|22|1219|1219|217
1|ARGENTINA|3|1|5742.3|0.08|3|1219|1219|217
9|INDONESIA|50|9|84176.32|0.03|50|3617|3617|316
6|FRANCE|70|6|53848.96|0.0|70|3617|3617|316
14|KENYA|79|14|26979.04|0.1|79|3617|3617|316
22|RUSSIA|65|22|26956.48|0.05|65|3617|3617|316
4|EGYPT|38|4|10912.99|0.08|38|3617|3617|316
16|MOZAMBIQUE|31|16|36191.61|0.09|31|39494|39494|1070
19|ROMANIA|62|19|22319.4|0.07|62|21091|21091|877
8|INDIA|61|8|9291.94|0.03|61|21091|21091|877
18|CHINA|41|18|42186.44|0.02|41|21091|21091|877
17|PERU|8|17|17404.19|0.08|8|6433|6433|613
23|UNITED KINGDOM|66|23|37276.02|0.03|66|6433|6433|613
1|ARGENTINA|71|1|42466.62|0.07|71|6433|6433|613
9|INDONESIA|23|9|44148.6|0.08|23|6433|6433|613
22|RUSSIA|65|22|26743.2|0.09|65|6433|6433|613
0|ALGERIA|28|0|74329.0|0.01|28|6433|6433|613
4|EGYPT|38|4|23993.44|0.0|38|6433|6433|613
18|CHINA|72|18|26271.52|0.04|72|5575|5575|811
14|KENYA|79|14|12452.09|0.01|79|5575|5575|811
24|UNITED STATES|19|24|22408.0|0.0|19|5575|5575|811
7|GERMANY|53|7|9502.15|0.01|53|5575|5575|811
21|VIETNAM|26|21|27507.48|0.06|26|9216|9216|514
0|ALGERIA|24|0|41454.58|0.0|24|9216|9216|514
16|MOZAMBIQUE|30|16|43911.81|0.0|30|9216|9216|514
17|PERU|8|17|19954.0|0.03|8|32806|32806|118
8|INDIA|61|8|28734.82|0.01|61|32806|32806|118
14|KENYA|48|14|955.05|0.08|48|32806|32806|118
17|PERU|59|17|77366.18|0.08|59|32806|32806|118
24|UNITED STATES|46|24|56165.76|0.0|46|32806|32806|118
19|ROMANIA|52|19|7393.98|0.03|52|32806|32806|118
20|SAUDI ARABIA|74|20|3180.45|0.09|74|6214|6214|118
9|INDONESIA|51|9|11400.6|0.06|51|8513|8513|316
8|INDIA|60|8|43818.81|0.07|60|8513|8513|316
8|INDIA|39|8|51050.72|0.06|39|8513|8513|316
3|CANADA|20|3|9263.94|0.04|20|8513|8513|316
4|EGYPT|67|4|55235.4|0.07|67|10817|10817|569
6|FRANCE|70|6|2907.1|0.01|70|38054|38054|800
19|ROMANIA|62|19|25408.08|0.05|62|16582|16582|844
21|VIETNAM|68|21|7463.12|0.06|68|16582|16582|844
8|INDIA|12|8|28170.24|0.01|12|16582|16582|844
16|MOZAMBIQUE|18|16|47494.17|0.09|18|16582|16582|844
4|EGYPT|22|4|19270.58|0.06|22|12194|12194|217
24|UNITED STATES|19|24|37064.0|0.02|19|12194|12194|217
4|EGYPT|22|4|7788.25|0.08|22|18981|18981|613
24|UNITED STATES|10|24|33635.7|0.0|10|18981|18981|613
19|ROMANIA|52|19|20953.23|0.08|52|18981|18981|613
19|ROMANIA|52|19|53808.81|0.09|52|18981|18981|613
7|GERMANY|33|7|59452.19|0.08|33|27781|27781|943
24|UNITED STATES|46|24|41644.0|0.05|46|27781|27781|943
14|KENYA|79|14|19561.4|0.09|79|27781|27781|943
18|CHINA|41|18|11033.58|0.0|41|27781|27781|943
18|CHINA|72|18|61522.12|0.1|72|37285|37285|305
18|CHINA|27|18|34002.45|0.04|27|37285|37285|305
9|INDONESIA|51|9|22001.76|0.03|51|45283|45283|899
19|ROMANIA|62|19|37596.07|0.08|62|45283|45283|899
16|MOZAMBIQUE|73|16|28182.36|0.09|73|45283|45283|899
1|ARGENTINA|71|1|49386.7|0.08|71|45283|45283|899
14|KENYA|79|14|9009.6|0.03|79|45283|45283|899
22|RUSSIA|42|22|47987.75|0.02|42|45283|45283|899
7|GERMANY|77|7|52929.61|0.05|77|39585|39585|811
14|KENYA|47|14|10793.61|0.04|47|39585|39585|811
21|VIETNAM|35|21|14730.1|0.0|35|39585|39585|811
10|IRAN|34|10|5866.35|0.08|34|39585|39585|811
23|UNITED KINGDOM|32|23|20938.26|0.07|32|39585|39585|811
19|ROMANIA|17|19|46417.6|0.09|17|39585|39585|811
5|ETHIOPIA|63|5|14445.4|0.09|63|39585|39585|811
14|KENYA|48|14|4063.35|0.09|48|21061|21061|91
24|UNITED STATES|19|24|37225.7|0.03|19|21061|21061|91
18|CHINA|72|18|50513.36|0.09|72|1926|1926|745
15|MOROCCO|14|15|13234.2|0.02|14|1926|1926|745
14|KENYA|47|14|35389.28|0.06|47|1926|1926|745
1|ARGENTINA|29|1|31281.6|0.06|29|1926|1926|745
24|UNITED STATES|64|24|18766.02|0.04|64|1926|1926|745
17|PERU|8|17|31755.32|0.08|8|14054|14054|415
17|PERU|1|17|19101.0|0.06|1|14054|14054|415
16|MOZAMBIQUE|73|16|41356.48|0.02|73|14054|14054|415
13|JORDAN|36|13|50214.0|0.09|36|14054|14054|415
18|CHINA|75|18|20939.23|0.05|75|14054|14054|415
5|ETHIOPIA|63|5|46787.06|0.06|63|14054|14054|415
5|ETHIOPIA|2|5|55184.4|0.1|2|14054|14054|415
16|MOZAMBIQUE|73|16|70675.5|0.09|73|16199|16199|80
16|MOZAMBIQUE|73|16|30867.48|0.0|73|16199|16199|80
1|ARGENTINA|71|1|60651.69|0.07|71|16199|16199|80
1|ARGENTINA|71|1|62932.05|0.04|71|16199|16199|80
10|IRAN|34|10|31723.02|0.04|34|16199|16199|80
22|RUSSIA|16|22|37515.41|0.06|16|16199|16199|80
11|IRAQ|5|11|1229.32|0.02|5|37220|37220|943
9|INDONESIA|50|9|44912.0|0.03|50|37220|37220|943
22|RUSSIA|16|22|41006.24|0.0|16|37220|37220|943
3|CANADA|13|3|21737.1|0.01|13|37154|37154|932
7|GERMANY|33|7|9426.16|0.03|33|3939|3939|547
8|INDIA|12|8|5990.36|0.1|12|47142|47142|778
3|CANADA|20|3|51931.44|0.01|20|47142|47142|778
3|CANADA|20|3|40378.29|0.02|20|47142|47142|778
16|MOZAMBIQUE|58|16|8406.27|0.08|58|12481|12481|217
14|KENYA|47|14|22157.52|0.02|47|12481|12481|217
20|SAUDI ARABIA|74|20|21482.69|0.04|74|12481|12481|217
1|ARGENTINA|3|1|42848.08|0.09|3|12481|12481|217
17|PERU|8|17|23897.44|0.0|8|27430|27430|503
9|INDONESIA|51|9|8675.31|0.01|51|27430|27430|503
0|ALGERIA|24|0|2022.22|0.1|24|27430|27430|503
24|UNITED STATES|10|24|33035.0|0.03|10|27430|27430|503
12|JAPAN|43|12|23294.57|0.0|43|27430|27430|503
22|RUSSIA|40|22|33156.0|0.01|40|29026|29026|745
16|MOZAMBIQUE|58|16|44274.3|0.0|58|29026|29026|745
16|MOZAMBIQUE|18|16|40370.07|0.05|18|29026|29026|745
9|INDONESIA|50|9|62571.6|0.09|50|43491|43491|613
3|CANADA|13|3|10791.7|0.01|13|43491|43491|613
10|IRAN|34|10|2616.8|0.03|34|43491|43491|613
2|BRAZIL|21|2|61842.94|0.02|21|43491|43491|613
14|KENYA|76|14|17385.19|0.01|76|43491|43491|613
19|ROMANIA|17|19|20361.75|0.1|17|43491|43491|613
1|ARGENTINA|71|1|35283.5|0.0|71|27200|27200|8
17|PERU|59|17|9190.1|0.05|59|27200|27200|8
14|KENYA|47|14|42644.36|0.02|47|27200|27200|8
5|ETHIOPIA|78|5|14381.4|0.08|78|27200|27200|8
15|MOROCCO|4|15|48212.46|0.07|4|27200|27200|8
7|GERMANY|77|7|38836.16|0.08|77|27233|27233|217
8|INDIA|60|8|34405.44|0.09|60|27233|27233|217
10|IRAN|9|10|57121.2|0.06|9|27233|27233|217
15|MOROCCO|14|15|9404.08|0.06|14|27233|27233|217
5|ETHIOPIA|63|5|64119.0|0.04|63|27233|27233|217
17|PERU|1|17|46069.92|0.03|1|47330|47330|646
21|VIETNAM|26|21|40062.9|0.08|26|47330|47330|646
12|JAPAN|54|12|55985.67|0.03|54|47330|47330|646
22|RUSSIA|65|22|8228.82|0.01|65|47330|47330|646
8|INDIA|39|8|7151.52|0.05|39|14022|14022|547
19|ROMANIA|52|19|59841.55|0.03|52|14022|14022|547
8|INDIA|15|8|51456.99|0.05|15|24131|24131|514
22|RUSSIA|42|22|46609.5|0.08|42|24131|24131|514
24|UNITED STATES|55|24|13298.13|0.1|55|14374|14374|943
4|EGYPT|67|4|58093.62|0.0|67|14374|14374|943
20|SAUDI ARABIA|74|20|25227.0|0.06|74|14374|14374|943
21|VIETNAM|35|21|1948.14|0.03|35|43393|43393|316
3|CANADA|20|3|50805.5|0.04|20|43393|43393|316
8|INDIA|61|8|38087.48|0.05|61|10085|10085|415
14|KENYA|47|14|51364.6|0.08|47|10085|10085|415
24|UNITED STATES|46|24|48792.81|0.07|46|10085|10085|415
0|ALGERIA|28|0|26431.72|0.01|28|10085|10085|415
4|EGYPT|38|4|49420.47|0.06|38|10085|10085|415
4|EGYPT|69|4|38781.18|0.04|69|26145|26145|778
3|CANADA|13|3|40522.68|0.04|13|26145|26145|778
1|ARGENTINA|29|1|31859.02|0.1|29|26145|26145|778
23|UNITED KINGDOM|32|23|34055.82|0.05|32|26145|26145|778
17|PERU|1|17|71784.85|0.05|1|27520|27520|91
11|IRAQ|5|11|12936.28|0.04|5|27520|27520|91
22|RUSSIA|40|22|23937.2|0.03|40|27520|27520|91
4|EGYPT|67|4|82104.48|0.0|67|27520|27520|91
4|EGYPT|38|4|47812.32|0.0|38|27520|27520|91
18|CHINA|41|18|39082.24|0.02|41|27520|27520|91
1|ARGENTINA|3|1|28828.43|0.09|3|27520|27520|91
19|ROMANIA|62|19|23972.52|0.06|62|42370|42370|712
21|VIETNAM|26|21|16081.6|0.07|26|42370|42370|712
23|UNITED KINGDOM|32|23|17588.9|0.09|32|42370|42370|712
7|GERMANY|33|7|66818.84|0.01|33|15684|15684|514
21|VIETNAM|26|21|77907.9|0.02|26|15684|15684|514
10|IRAN|34|10|52159.77|0.07|34|15684|15684|514
4|EGYPT|38|4|49638.24|0.04|38|15684|15684|514
17|PERU|59|17|23776.83|0.1|59|24550|24550|910
22|RUSSIA|16|22|19424.46|0.01|16|24550|24550|910
19|ROMANIA|62|19|38540.7|0.05|62|32294|32294|668
8|INDIA|61|8|54892.52|0.09|61|32294|32294|668
16|MOZAMBIQUE|73|16|48710.41|0.01|73|28642|28642|745
24|UNITED STATES|55|24|2722.92|0.02|55|28642|28642|745
9|INDONESIA|50|9|47615.92|0.02|50|28642|28642|745
4|EGYPT|69|4|51770.32|0.08|69|28642|28642|745
4|EGYPT|38|4|5193.56|0.02|38|20161|20161|349
22|RUSSIA|42|22|39114.24|0.01|42|20161|20161|349
21|VIETNAM|80|21|15887.25|0.07|80|26596|26596|107
11|IRAQ|5|11|59609.08|0.02|5|26596|26596|107
24|UNITED STATES|19|24|58765.21|0.02|19|26596|26596|107
22|RUSSIA|40|22|80032.18|0.1|40|3809|3809|1180
17|PERU|59|17|56734.63|0.0|59|3809|3809|1180
22|RUSSIA|25|22|30881.92|0.01|25|3809|3809|1180
12|JAPAN|43|12|24216.84|0.1|43|3809|3809|1180
17|PERU|59|17|32130.35|0.0|59|43492|43492|1180
24|UNITED STATES|46|24|55943.16|0.02|46|43492|43492|1180
23|UNITED KINGDOM|66|23|36219.6|0.07|66|14562|14562|778
8|INDIA|61|8|17256.87|0.1|61|14562|14562|778
21|VIETNAM|35|21|53358.0|0.08|35|14562|14562|778
24|UNITED STATES|64|24|15135.38|0.01|64|14562|14562|778
24|UNITED STATES|10|24|80912.92|0.03|10|24100|24100|1081
9|INDONESIA|23|9|32723.04|0.03|23|10790|10790|91
24|UNITED STATES|55|24|31152.35|0.02|55|36992|36992|118
18|CHINA|72|18|12445.2|0.03|72|36992|36992|118
21|VIETNAM|26|21|81113.54|0.08|26|36992|36992|118
16|MOZAMBIQUE|58|16|3399.58|0.04|58|36992|36992|118
15|MOROCCO|4|15|35228.42|0.08|4|36992|36992|118
8|INDIA|39|8|10065.11|0.06|39|36992|36992|118
19|ROMANIA|62|19|43601.5|0.09|62|27334|27334|877
19|ROMANIA|62|19|14799.96|0.05|62|27334|27334|877
5|ETHIOPIA|78|5|34982.08|0.0|78|27334|27334|877
24|UNITED STATES|19|24|1798.89|0.09|19|27334|27334|877
22|RUSSIA|65|22|16557.5|0.04|65|27334|27334|877
4|EGYPT|38|4|65657.16|0.08|38|27334|27334|877
14|KENYA|47|14|23145.0|0.04|47|23143|23143|646
6|FRANCE|70|6|37023.1|0.0|70|34660|34660|701
17|PERU|59|17|60481.58|0.05|59|34660|34660|701
21|VIETNAM|26|21|5711.2|0.07|26|34660|34660|701
22|RUSSIA|25|22|50959.02|0.05|25|34660|34660|701
19|ROMANIA|17|19|67140.68|0.08|17|34660|34660|701
18|CHINA|41|18|23425.2|0.03|41|34660|34660|701
18|CHINA|41|18|87704.12|0.08|41|34660|34660|701
22|RUSSIA|40|22|5190.65|0.05|40|22560|22560|866
4|EGYPT|69|4|2438.62|0.04|69|22560|22560|866
13|JORDAN|36|13|53241.6|0.05|36|22560|22560|866
0|ALGERIA|24|0|25220.86|0.1|24|22560|22560|866
5|ETHIOPIA|78|5|12024.67|0.06|78|22560|22560|866
9|INDONESIA|23|9|15460.5|0.1|23|22560|22560|866
0|ALGERIA|28|0|2819.0|0.1|28|22560|22560|866
16|MOZAMBIQUE|58|16|4833.2|0.07|58|46694|46694|910
15|MOROCCO|14|15|86971.68|0.05|14|46694|46694|910
3|CANADA|13|3|64146.54|0.02|13|46694|46694|910
16|MOZAMBIQUE|18|16|33759.18|0.04|18|46694|46694|910
24|UNITED STATES|49|24|28969.46|0.08|49|46694|46694|910
3|CANADA|20|3|62977.05|0.08|20|46694|46694|910
7|GERMANY|33|7|40529.4|0.09|33|40292|40292|107
23|UNITED KINGDOM|32|23|38457.12|0.1|32|40292|40292|107
19|ROMANIA|52|19|43221.6|0.07|52|40292|40292|107
8|INDIA|39|8|52850.7|0.08|39|44164|44164|866
19|ROMANIA|62|19|48659.84|0.09|62|18535|18535|833
9|INDONESIA|45|9|23365.99|0.06|45|18535|18535|833
18|CHINA|72|18|18602.33|0.07|72|27489|27489|811
13|JORDAN|36|13|3900.28|0.09|36|27489|27489|811
17|PERU|1|17|52106.88|0.02|1|47751|47751|415
0|ALGERIA|37|0|29215.44|0.1|37|47751|47751|415
9|INDONESIA|23|9|55889.9|0.08|23|47751|47751|415
1|ARGENTINA|29|1|2418.6|0.08|29|47751|47751|415
23|UNITED KINGDOM|32|23|3135.32|0.0|32|47751|47751|415
8|INDIA|39|8|49788.2|0.05|39|47751|47751|415
18|CHINA|27|18|10099.98|0.1|27|47751|47751|415
21|VIETNAM|80|21|42879.87|0.08|80|39138|39138|107
11|IRAQ|5|11|27689.6|0.08|5|39138|39138|107
9|INDONESIA|51|9|33188.16|0.09|51|39138|39138|107
5|ETHIOPIA|78|5|53994.72|0.03|78|39138|39138|107
24|UNITED STATES|10|24|26158.6|0.04|10|39138|39138|107
22|RUSSIA|40|22|4881.24|0.02|40|14113|14113|668
8|INDIA|12|8|19972.05|0.0|12|14113|14113|668
8|INDIA|60|8|42142.95|0.03|60|39457|39457|80
21|VIETNAM|68|21|61031.78|0.06|68|39457|39457|80
1|ARGENTINA|29|1|3435.72|0.08|29|39457|39457|80
15|MOROCCO|14|15|36939.25|0.07|14|44198|44198|118
24|UNITED STATES|46|24|9820.38|0.01|46|44198|44198|118
17|PERU|57|17|23961.96|0.02|57|44198|44198|118
9|INDONESIA|45|9|36447.64|0.06|45|44198|44198|118
1|ARGENTINA|29|1|26683.05|0.09|29|44198|44198|118
14|KENYA|6|14|39312.3|0.04|6|38852|38852|514
6|FRANCE|70|6|28086.24|0.0|70|38852|38852|514
5|ETHIOPIA|63|5|62836.62|0.02|63|38852|38852|514
16|MOZAMBIQUE|56|16|40724.28|0.05|56|38214|38214|217
7|GERMANY|53|7|63083.83|0.0|53|38214|38214|217
17|PERU|8|17|56620.4|0.1|8|14498|14498|91
23|UNITED KINGDOM|66|23|21694.96|0.1|66|14498|14498|91
8|INDIA|61|8|5095.55|0.06|61|14498|14498|91
21|VIETNAM|26|21|23554.76|0.08|26|14498|14498|91
8|INDIA|39|8|9684.36|0.09|39|14498|14498|91
22|RUSSIA|42|22|16547.5|0.08|42|14498|14498|91
19|ROMANIA|52|19|22344.2|0.08|52|14498|14498|91
14|KENYA|6|14|34812.25|0.03|6|41030|41030|91
8|INDIA|61|8|58142.48|0.02|61|41030|41030|91
3|CANADA|20|3|31978.1|0.09|20|41030|41030|91
21|VIETNAM|35|21|60151.64|0.05|35|40480|40480|646
16|MOZAMBIQUE|56|16|56999.7|0.1|56|40480|40480|646
19|ROMANIA|17|19|45570.06|0.1|17|40480|40480|646
7|GERMANY|44|7|54188.72|0.1|44|45376|45376|514
9|INDONESIA|50|9|39818.86|0.07|50|45376|45376|514
10|IRAN|9|10|51799.86|0.09|9|45376|45376|514
8|INDIA|12|8|6943.5|0.0|12|45376|45376|514
16|MOZAMBIQUE|18|16|18686.34|0.03|18|45376|45376|514
14|KENYA|76|14|14643.72|0.03|76|45376|45376|514
23|UNITED KINGDOM|32|23|35388.85|0.07|32|45376|45376|514
21|VIETNAM|26|21|93498.0|0.03|26|25158|25158|338
16|MOZAMBIQUE|18|16|46406.88|0.09|18|25158|25158|338
24|UNITED STATES|49|24|55410.0|0.09|49|25158|25158|338
1|ARGENTINA|3|1|12469.32|0.1|3|25158|25158|338
11|IRAQ|5|11|27261.44|0.02|5|46311|46311|635
15|MOROCCO|14|15|38262.81|0.09|14|46311|46311|635
21|VIETNAM|68|21|69257.79|0.01|68|46311|46311|635
4|EGYPT|67|4|31702.44|0.03|67|46311|46311|635
24|UNITED STATES|19|24|14198.47|0.06|19|46311|46311|635
22|RUSSIA|16|22|64058.4|0.08|16|46311|46311|635
9|INDONESIA|51|9|15538.77|0.0|51|16963|16963|965
24|UNITED STATES|46|24|35879.2|0.05|46|16963|16963|965
19|ROMANIA|17|19|36159.0|0.1|17|16963|16963|965
5|ETHIOPIA|63|5|47931.1|0.04|63|16963|16963|965
20|SAUDI ARABIA|74|20|59132.37|0.03|74|28711|28711|1081
23|UNITED KINGDOM|66|23|27623.61|0.0|66|33155|33155|316
14|KENYA|6|14|32220.32|0.03|6|11584|11584|514
3|CANADA|13|3|32002.88|0.09|13|11584|11584|514
19|ROMANIA|17|19|36263.75|0.01|17|11584|11584|514
17|PERU|8|17|41049.79|0.0|8|43011|43011|239
18|CHINA|11|18|30940.79|0.09|11|43011|43011|239
6|FRANCE|70|6|12726.0|0.1|70|43011|43011|239
0|ALGERIA|24|0|45163.3|0.02|24|43011|43011|239
16|MOZAMBIQUE|56|16|18687.89|0.02|56|43011|43011|239
2|BRAZIL|21|2|17555.85|0.03|21|43011|43011|239
0|ALGERIA|28|0|40976.28|0.07|28|43011|43011|239
10|IRAN|9|10|29813.4|0.0|9|21473|21473|448
19|ROMANIA|52|19|40813.47|0.01|52|21473|21473|448
17|PERU|8|17|7347.8|0.03|8|14433|14433|866
23|UNITED KINGDOM|7|23|5936.4|0.03|7|14433|14433|866
19|ROMANIA|62|19|12622.5|0.02|62|14433|14433|866
9|INDONESIA|51|9|41965.6|0.05|51|14433|14433|866
8|INDIA|15|8|43195.38|0.06|15|14433|14433|866
18|CHINA|27|18|54698.4|0.09|27|14433|14433|866
22|RUSSIA|40|22|20524.14|0.06|40|26214|26214|910
7|GERMANY|33|7|23118.84|0.03|33|26214|26214|910
9|INDONESIA|45|9|71910.44|0.07|45|26214|26214|910
15|MOROCCO|14|15|22825.25|0.04|14|12101|12101|602
24|UNITED STATES|19|24|48725.28|0.03|19|12101|12101|602
16|MOZAMBIQUE|18|16|52134.88|0.08|18|12101|12101|602
14|KENYA|6|14|34308.96|0.07|6|15841|15841|701
0|ALGERIA|37|0|58382.55|0.0|37|15841|15841|701
4|EGYPT|69|4|40303.2|0.03|69|15874|15874|349
13|JORDAN|36|13|42309.72|0.03|36|15874|15874|349
15|MOROCCO|14|15|1080.17|0.02|14|13377|13377|316
15|MOROCCO|14|15|51574.95|0.03|14|13377|13377|316
9|INDONESIA|23|9|7407.8|0.04|23|16678|16678|338
1|ARGENTINA|29|1|12045.87|0.0|29|16678|16678|338
17|PERU|8|17|38982.24|0.03|8|12641|12641|877
14|KENYA|6|14|29599.92|0.03|6|12641|12641|877
18|CHINA|72|18|66955.3|0.06|72|12641|12641|877
24|UNITED STATES|19|24|11625.32|0.04|19|12641|12641|877
8|INDIA|39|8|56415.06|0.04|39|12641|12641|877
16|MOZAMBIQUE|31|16|4477.77|0.07|31|12641|12641|877
7|GERMANY|77|7|2126.32|0.04|77|36258|36258|118
21|VIETNAM|68|21|41332.1|0.0|68|36258|36258|118
7|GERMANY|53|7|61973.94|0.0|53|36258|36258|118
11|IRAQ|5|11|39947.86|0.04|5|10980|10980|602
10|IRAN|9|10|25424.0|0.09|9|10980|10980|602
13|JORDAN|36|13|1339.43|0.03|36|10980|10980|602
19|ROMANIA|62|19|36578.4|0.05|62|32034|32034|206
12|JAPAN|43|12|44315.6|0.04|43|32034|32034|206
17|PERU|8|17|9620.6|0.05|8|15105|15105|1081
9|INDONESIA|50|9|50368.92|0.01|50|29889|29889|965
22|RUSSIA|40|22|23004.8|0.0|40|21793|21793|877
6|FRANCE|70|6|18822.16|0.04|70|21793|21793|877
17|PERU|8|17|6398.76|0.09|8|15622|15622|239
8|INDIA|60|8|35130.13|0.08|60|15622|15622|239
6|FRANCE|70|6|11612.4|0.08|70|15622|15622|239
16|MOZAMBIQUE|18|16|40072.23|0.09|18|15622|15622|239
24|UNITED STATES|10|24|21831.36|0.04|10|15622|15622|239
19|ROMANIA|17|19|69978.8|0.05|17|15622|15622|239
20|SAUDI ARABIA|74|20|42661.8|0.01|74|15622|15622|239
14|KENYA|6|14|8324.88|0.06|6|8071|8071|910
0|ALGERIA|28|0|57212.0|0.03|28|8071|8071|910
22|RUSSIA|16|22|39337.05|0.03|16|8071|8071|910
20|SAUDI ARABIA|74|20|1026.12|0.02|74|8071|8071|910
14|KENYA|79|14|2958.24|0.01|79|11332|11332|338
23|UNITED KINGDOM|32|23|6532.0|0.08|32|11332|11332|338
12|JAPAN|43|12|15016.5|0.05|43|11332|11332|338
3|CANADA|13|3|35047.8|0.0|13|44673|44673|778
9|INDONESIA|45|9|1268.36|0.01|45|44673|44673|778
24|UNITED STATES|10|24|8156.82|0.03|10|44673|44673|778
14|KENYA|79|14|60867.78|0.08|79|14434|14434|811
8|INDIA|12|8|57881.25|0.09|12|14434|14434|811
8|INDIA|39|8|9032.73|0.06|39|14434|14434|811
18|CHINA|41|18|36263.41|0.05|41|14434|14434|811
5|ETHIOPIA|63|5|2042.24|0.05|63|14434|14434|811
