9|INDONESIA|51|9|2390.58|0.1|51|2723|2723|475|475|14
7|GERMANY|44|7|47098.7|0.09|44|2723|2723|475|475|14
23|UNITED KINGDOM|66|23|37040.8|0.09|66|2723|2723|475|475|14
4|EGYPT|67|4|18607.8|0.01|67|2723|2723|475|475|14
5|ETHIOPIA|63|5|11562.5|0.06|63|2723|2723|475|475|14
7|GERMANY|44|7|64553.09|0.01|44|38528|38528|475|475|14
6|FRANCE|70|6|36824.28|0.0|70|38528|38528|475|475|14
24|UNITED STATES|46|24|38682.0|0.02|46|38528|38528|475|475|14
24|UNITED STATES|19|24|40306.84|0.04|19|38528|38528|475|475|14
15|MOROCCO|4|15|34148.66|0.06|4|38528|38528|475|475|14
14|KENYA|76|14|32752.65|0.01|76|38528|38528|475|475|14
18|CHINA|41|18|28326.72|0.09|41|38528|38528|475|475|14
14|KENYA|48|14|36382.92|0.09|48|27360|27360|475|475|14
16|MOZAMBIQUE|18|16|39448.94|0.05|18|27360|27360|475|475|14
17|PERU|8|17|7077.55|0.0|8|29510|29510|475|475|14
3|CANADA|20|3|5926.32|0.01|20|29510|29510|475|475|14
24|UNITED STATES|55|24|24213.03|0.04|55|16420|16420|475|475|14
17|PERU|59|17|10098.11|0.09|59|16420|16420|475|475|14
14|KENYA|79|14|49865.76|0.1|79|16420|16420|475|475|14
21|VIETNAM|68|21|16902.2|0.06|68|16420|16420|475|475|14
20|SAUDI ARABIA|74|20|81960.48|0.09|74|16420|16420|475|475|14
24|UNITED STATES|46|24|33275.52|0.0|46|3206|3206|970|970|14
8|INDIA|39|8|66151.56|0.07|39|3206|3206|970|970|14
20|SAUDI ARABIA|74|20|1303.4|0.07|74|3206|3206|970|970|14
19|ROMANIA|52|19|47898.66|0.0|52|40709|40709|970|970|14
17|PERU|1|17|2440.64|0.05|1|10338|10338|970|970|14
24|UNITED STATES|55|24|34957.8|0.06|55|10338|10338|970|970|14
4|EGYPT|69|4|37433.04|0.01|69|10338|10338|970|970|14
8|INDIA|12|8|3964.36|0.07|12|10338|10338|970|970|14
16|MOZAMBIQUE|56|16|10937.52|0.08|56|10338|10338|970|970|14
16|MOZAMBIQUE|56|16|3799.98|0.09|56|10338|10338|970|970|14
8|INDIA|12|8|14566.05|0.02|12|11207|11207|970|970|14
8|INDIA|39|8|24688.41|0.02|39|11207|11207|970|970|14
24|UNITED STATES|49|24|38722.4|0.02|49|11207|11207|970|970|14
3|CANADA|13|3|18599.5|0.03|13|22721|22721|970|970|14
1|ARGENTINA|29|1|38474.48|0.09|29|22721|22721|970|970|14
9|INDONESIA|50|9|18660.16|0.01|50|41735|41735|970|970|14
16|MOZAMBIQUE|56|16|31674.44|0.07|56|41735|41735|970|970|14
9|INDONESIA|50|9|60285.68|0.05|50|4773|4773|970|970|14
9|INDONESIA|50|9|6961.5|0.07|50|4773|4773|970|970|14
17|PERU|59|17|51702.35|0.09|59|4773|4773|970|970|14
10|IRAN|34|10|15581.61|0.1|34|4773|4773|970|970|14
8|INDIA|12|8|53048.52|0.09|12|4773|4773|970|970|14
22|RUSSIA|65|22|21943.8|0.02|65|4773|4773|970|970|14
18|CHINA|27|18|24084.22|0.0|27|4773|4773|970|970|14
2|BRAZIL|21|2|34074.89|0.04|21|5319|5319|784|784|14
3|CANADA|20|3|48646.26|0.09|20|5319|5319|784|784|14
10|IRAN|9|10|15559.38|0.06|9|12775|12775|784|784|14
13|JORDAN|36|13|70905.15|0.02|36|12775|12775|784|784|14
9|INDONESIA|45|9|32969.97|0.05|45|12775|12775|784|784|14
1|ARGENTINA|29|1|2336.52|0.1|29|12775|12775|784|784|14
1|ARGENTINA|71|1|61724.52|0.09|71|37636|37636|784|784|14
10|IRAN|34|10|47620.32|0.04|34|37636|37636|784|784|14
22|RUSSIA|65|22|21154.86|0.02|65|37636|37636|784|784|14
7|GERMANY|44|7|83301.86|0.02|44|1440|1440|784|784|14
19|ROMANIA|17|19|4318.59|0.06|17|1440|1440|784|784|14
19|ROMANIA|62|19|56380.72|0.03|62|17860|17860|784|784|14
18|CHINA|72|18|33996.24|0.06|72|17860|17860|784|784|14
14|KENYA|79|14|58273.56|0.06|79|17860|17860|784|784|14
19|ROMANIA|17|19|10335.99|0.01|17|17860|17860|784|784|14
22|RUSSIA|16|22|63535.51|0.09|16|17860|17860|784|784|14
15|MOROCCO|14|15|38165.5|0.05|14|16576|16576|784|784|14
15|MOROCCO|14|15|33299.91|0.08|14|16576|16576|784|784|14
7|GERMANY|33|7|5650.04|0.1|33|42022|42022|784|784|14
7|GERMANY|44|7|57020.8|0.06|44|34853|34853|355|355|14
17|PERU|57|17|40693.5|0.07|57|34853|34853|355|355|14
1|ARGENTINA|29|1|30414.56|0.1|29|34853|34853|355|355|14
0|ALGERIA|28|0|18905.25|0.07|28|34853|34853|355|355|14
3|CANADA|20|3|31552.68|0.01|20|34853|34853|355|355|14
24|UNITED STATES|55|24|34723.15|0.1|55|22658|22658|355|355|14
7|GERMANY|44|7|19681.6|0.03|44|22658|22658|355|355|14
10|IRAN|34|10|72058.11|0.09|34|22658|22658|355|355|14
1|ARGENTINA|29|1|39691.78|0.03|29|22658|22658|355|355|14
7|GERMANY|77|7|20752.2|0.04|77|42117|42117|355|355|14
18|CHINA|72|18|13994.9|0.1|72|42117|42117|355|355|14
8|INDIA|60|8|54669.96|0.03|60|42117|42117|355|355|14
9|INDONESIA|23|9|54626.22|0.07|23|42117|42117|355|355|14
15|MOROCCO|14|15|33611.76|0.01|14|6496|6496|355|355|14
21|VIETNAM|68|21|11304.48|0.05|68|6496|6496|355|355|14
16|MOZAMBIQUE|56|16|46298.02|0.06|56|6496|6496|355|355|14
23|UNITED KINGDOM|32|23|21217.65|0.03|32|6496|6496|355|355|14
4|EGYPT|38|4|36194.41|0.04|38|6496|6496|355|355|14
24|UNITED STATES|49|24|35606.88|0.06|49|6496|6496|355|355|14
15|MOROCCO|14|15|85604.16|0.08|14|29154|29154|355|355|14
0|ALGERIA|24|0|70275.0|0.08|24|29154|29154|355|355|14
5|ETHIOPIA|78|5|70433.73|0.04|78|29154|29154|355|355|14
24|UNITED STATES|49|24|32902.19|0.02|49|29154|29154|355|355|14
18|CHINA|41|18|19149.24|0.0|41|29154|29154|355|355|14
10|IRAN|34|10|59102.21|0.04|34|7522|7522|355|355|14
14|KENYA|76|14|44881.44|0.09|76|7522|7522|355|355|14
18|CHINA|27|18|11604.72|0.04|27|7522|7522|355|355|14
5|ETHIOPIA|78|5|6566.21|0.09|78|6951|6951|355|355|14
0|ALGERIA|37|0|29401.46|0.02|37|11361|11361|355|355|14
21|VIETNAM|68|21|81013.44|0.08|68|11361|11361|355|355|14
9|INDONESIA|50|9|15226.11|0.08|50|23266|23266|355|355|14
21|VIETNAM|26|21|35894.34|0.0|26|23266|23266|355|355|14
13|JORDAN|36|13|6877.44|0.07|36|23714|23714|1156|1156|14
5|ETHIOPIA|63|5|58585.78|0.04|63|23714|23714|1156|1156|14
19|ROMANIA|62|19|69359.99|0.0|62|31169|31169|1156|1156|14
4|EGYPT|22|4|63518.15|0.0|22|31169|31169|1156|1156|14
4|EGYPT|69|4|14145.6|0.0|69|31169|31169|1156|1156|14
14|KENYA|47|14|46355.96|0.01|47|31169|31169|1156|1156|14
18|CHINA|75|18|30525.32|0.0|75|31169|31169|1156|1156|14
16|MOZAMBIQUE|30|16|60224.86|0.07|30|31169|31169|1156|1156|14
7|GERMANY|77|7|2748.03|0.1|77|43427|43427|1156|1156|14
24|UNITED STATES|64|24|16036.92|0.04|64|43427|43427|1156|1156|14
21|VIETNAM|26|21|85241.76|0.07|26|20229|20229|1156|1156|14
14|KENYA|79|14|32814.8|0.05|79|20229|20229|1156|1156|14
20|SAUDI ARABIA|74|20|49544.39|0.1|74|20229|20229|1156|1156|14
17|PERU|59|17|5796.36|0.07|59|33287|33287|1156|1156|14
3|CANADA|13|3|44795.85|0.02|13|43714|43714|89|89|14
10|IRAN|34|10|10912.99|0.0|34|43714|43714|89|89|14
22|RUSSIA|65|22|26956.48|0.03|65|43714|43714|89|89|14
18|CHINA|75|18|35273.49|0.07|75|43714|43714|89|89|14
18|CHINA|75|18|71426.0|0.1|75|43714|43714|89|89|14
7|GERMANY|53|7|40324.46|0.07|53|43714|43714|89|89|14
5|ETHIOPIA|63|5|24080.67|0.0|63|43714|43714|89|89|14
23|UNITED KINGDOM|32|23|24776.25|0.1|32|34752|34752|1177|1177|14
24|UNITED STATES|55|24|75730.5|0.07|55|27811|27811|1177|1177|14
9|INDONESIA|50|9|4280.64|0.08|50|27811|27811|1177|1177|14
3|CANADA|13|3|11496.54|0.08|13|27811|27811|1177|1177|14
1|ARGENTINA|29|1|75973.8|0.07|29|27811|27811|1177|1177|14
23|UNITED KINGDOM|32|23|30134.17|0.02|32|27811|27811|1177|1177|14
1|ARGENTINA|71|1|20462.4|0.09|71|8705|8705|1177|1177|14
8|INDIA|15|8|15878.51|0.06|15|8705|8705|1177|1177|14
8|INDIA|15|8|17742.84|0.09|15|8705|8705|1177|1177|14
14|KENYA|47|14|43472.7|0.09|47|8705|8705|1177|1177|14
0|ALGERIA|28|0|49487.34|0.06|28|7712|7712|1177|1177|14
17|PERU|1|17|69073.6|0.07|1|34725|34725|1177|1177|14
11|IRAQ|5|11|58651.95|0.08|5|34725|34725|1177|1177|14
18|CHINA|11|18|52966.61|0.04|11|34725|34725|1177|1177|14
18|CHINA|72|18|23765.6|0.09|72|34725|34725|1177|1177|14
8|INDIA|60|8|47033.56|0.04|60|34725|34725|1177|1177|14
0|ALGERIA|37|0|50038.12|0.01|37|34725|34725|1177|1177|14
18|CHINA|75|18|6138.52|0.1|75|34725|34725|1177|1177|14
14|KENYA|47|14|5956.45|0.07|47|43875|43875|1177|1177|14
3|CANADA|13|3|70875.36|0.04|13|43875|43875|1177|1177|14
4|EGYPT|67|4|5794.16|0.0|67|43875|43875|1177|1177|14
16|MOZAMBIQUE|18|16|46619.74|0.07|18|43875|43875|1177|1177|14
0|ALGERIA|28|0|56640.68|0.09|28|43875|43875|1177|1177|14
4|EGYPT|38|4|29786.4|0.05|38|43875|43875|1177|1177|14
18|CHINA|41|18|45026.85|0.03|41|43875|43875|1177|1177|14
18|CHINA|11|18|33764.58|0.08|11|3296|3296|1177|1177|14
0|ALGERIA|37|0|7123.68|0.02|37|3296|3296|1177|1177|14
14|KENYA|47|14|21014.56|0.06|47|3296|3296|1177|1177|14
21|VIETNAM|35|21|39888.63|0.02|35|3296|3296|1177|1177|14
8|INDIA|61|8|1177.27|0.06|61|28641|28641|1177|1177|14
13|JORDAN|36|13|51085.02|0.09|36|28641|28641|1177|1177|14
24|UNITED STATES|55|24|44651.32|0.02|55|19911|19911|1177|1177|14
8|INDIA|60|8|8619.31|0.03|60|19911|19911|1177|1177|14
22|RUSSIA|16|22|34536.8|0.02|16|19911|19911|1177|1177|14
16|MOZAMBIQUE|31|16|27786.24|0.08|31|19911|19911|1177|1177|14
16|MOZAMBIQUE|30|16|18883.15|0.1|30|19911|19911|1177|1177|14
19|ROMANIA|52|19|43337.19|0.01|52|19911|19911|1177|1177|14
16|MOZAMBIQUE|30|16|32631.38|0.1|30|19911|19911|1177|1177|14
8|INDIA|61|8|68869.5|0.08|61|30563|30563|1133|1133|14
8|INDIA|60|8|22779.15|0.05|60|30563|30563|1133|1133|14
14|KENYA|79|14|19537.08|0.06|79|30563|30563|1133|1133|14
5|ETHIOPIA|63|5|7082.55|0.03|63|34055|34055|1133|1133|14
23|UNITED KINGDOM|7|23|64181.37|0.04|7|36930|36930|1114|1114|14
14|KENYA|6|14|30633.0|0.06|6|36930|36930|1114|1114|14
7|GERMANY|44|7|54633.09|0.06|44|36930|36930|1114|1114|14
13|JORDAN|36|13|40724.28|0.03|36|36930|36930|1114|1114|14
24|UNITED STATES|46|24|42781.25|0.0|46|36930|36930|1114|1114|14
7|GERMANY|77|7|1263.36|0.06|77|46247|46247|1114|1114|14
24|UNITED STATES|46|24|77211.45|0.02|46|46247|46247|1114|1114|14
16|MOZAMBIQUE|18|16|62146.0|0.03|18|46247|46247|1114|1114|14
12|JAPAN|43|12|70575.2|0.0|43|46247|46247|1114|1114|14
24|UNITED STATES|49|24|18356.36|0.05|49|46247|46247|1114|1114|14
7|GERMANY|44|7|5906.28|0.09|44|23875|23875|1114|1114|14
10|IRAN|9|10|66777.52|0.04|9|23875|23875|1114|1114|14
10|IRAN|34|10|60453.69|0.07|34|46759|46759|1114|1114|14
5|ETHIOPIA|78|5|28995.46|0.08|78|46759|46759|1114|1114|14
15|MOROCCO|4|15|39855.29|0.06|4|46759|46759|1114|1114|14
8|INDIA|39|8|4414.71|0.02|39|46759|46759|1114|1114|14
16|MOZAMBIQUE|73|16|29968.62|0.08|73|44743|44743|1114|1114|14
9|INDONESIA|50|9|46949.25|0.1|50|44743|44743|1114|1114|14
0|ALGERIA|28|0|27810.6|0.06|28|44743|44743|1114|1114|14
23|UNITED KINGDOM|66|23|39102.48|0.08|66|34180|34180|1114|1114|14
7|GERMANY|77|7|53865.38|0.08|77|34180|34180|1114|1114|14
8|INDIA|60|8|28556.09|0.05|60|34180|34180|1114|1114|14
18|CHINA|41|18|53058.0|0.02|41|34180|34180|1114|1114|14
1|ARGENTINA|3|1|78667.19|0.1|3|34180|34180|1114|1114|14
4|EGYPT|22|4|26353.75|0.03|22|9316|9316|1114|1114|14
21|VIETNAM|68|21|59587.94|0.05|68|9316|9316|1114|1114|14
5|ETHIOPIA|78|5|35686.72|0.05|78|9316|9316|1114|1114|14
8|INDIA|39|8|40832.28|0.06|39|9316|9316|1114|1114|14
18|CHINA|41|18|37299.96|0.06|41|9316|9316|1114|1114|14
19|ROMANIA|62|19|40186.64|0.0|62|29126|29126|1114|1114|14
5|ETHIOPIA|78|5|38415.75|0.07|78|29126|29126|1114|1114|14
16|MOZAMBIQUE|18|16|8234.82|0.01|18|29126|29126|1114|1114|14
12|JAPAN|54|12|23738.26|0.03|54|29126|29126|1114|1114|14
14|KENYA|6|14|35765.84|0.1|6|16743|16743|1114|1114|14
22|RUSSIA|40|22|37239.6|0.04|40|16743|16743|1114|1114|14
13|JORDAN|36|13|45849.6|0.01|36|16743|16743|1114|1114|14
19|ROMANIA|52|19|22544.4|0.02|52|16743|16743|1114|1114|14
1|ARGENTINA|71|1|9370.16|0.01|71|6788|6788|439|439|14
14|KENYA|48|14|66994.59|0.04|48|6788|6788|439|439|14
1|ARGENTINA|29|1|35850.64|0.0|29|6788|6788|439|439|14
22|RUSSIA|65|22|5257.64|0.06|65|6788|6788|439|439|14
8|INDIA|39|8|38151.25|0.05|39|6788|6788|439|439|14
17|PERU|1|17|70575.2|0.03|1|23171|23171|439|439|14
8|INDIA|15|8|26019.74|0.08|15|23171|23171|439|439|14
17|PERU|57|17|12838.14|0.0|57|23171|23171|439|439|14
12|JAPAN|54|12|35589.62|0.09|54|23171|23171|439|439|14
0|ALGERIA|37|0|79371.6|0.05|37|39462|39462|439|439|14
8|INDIA|12|8|41988.21|0.06|12|39462|39462|439|439|14
23|UNITED KINGDOM|32|23|27178.65|0.04|32|39462|39462|439|439|14
0|ALGERIA|28|0|37289.75|0.04|28|39462|39462|439|439|14
17|PERU|1|17|7172.65|0.07|1|11073|11073|439|439|14
18|CHINA|11|18|62115.22|0.05|11|11073|11073|439|439|14
8|INDIA|12|8|41765.6|0.04|12|11073|11073|439|439|14
9|INDONESIA|50|9|13244.2|0.03|50|38342|38342|439|439|14
1|ARGENTINA|71|1|16780.36|0.04|71|38342|38342|439|439|14
16|MOZAMBIQUE|31|16|42781.38|0.04|31|38342|38342|439|439|14
16|MOZAMBIQUE|31|16|70675.5|0.03|31|38342|38342|439|439|14
19|ROMANIA|62|19|38756.47|0.08|62|12263|12263|439|439|14
7|GERMANY|44|7|49823.2|0.08|44|12263|12263|439|439|14
0|ALGERIA|28|0|54375.42|0.05|28|12263|12263|439|439|14
19|ROMANIA|52|19|12103.39|0.03|52|12263|12263|439|439|14
22|RUSSIA|40|22|43726.28|0.1|40|39874|39874|439|439|14
4|EGYPT|69|4|20181.36|0.01|69|39874|39874|439|439|14
16|MOZAMBIQUE|31|16|13304.3|0.0|31|39874|39874|439|439|14
24|UNITED STATES|55|24|24802.25|0.03|55|7779|7779|800|800|14
17|PERU|59|17|16112.55|0.09|59|7779|7779|800|800|14
4|EGYPT|69|4|57041.16|0.04|69|7779|7779|800|800|14
23|UNITED KINGDOM|32|23|13365.56|0.1|32|7779|7779|800|800|14
18|CHINA|27|18|40343.4|0.03|27|7779|7779|800|800|14
6|FRANCE|70|6|2907.1|0.01|70|38054|38054|800|800|14
19|ROMANIA|62|19|29060.9|0.06|62|3235|3235|359|359|14
8|INDIA|60|8|30369.43|0.0|60|3235|3235|359|359|14
19|ROMANIA|17|19|15901.74|0.07|17|3235|3235|359|359|14
18|CHINA|41|18|71412.68|0.1|41|3235|3235|359|359|14
16|MOZAMBIQUE|56|16|17718.84|0.03|56|29538|29538|403|403|14
18|CHINA|11|18|34673.24|0.08|11|27559|27559|403|403|14
16|MOZAMBIQUE|31|16|43223.04|0.09|31|27559|27559|403|403|14
16|MOZAMBIQUE|30|16|60930.33|0.1|30|27559|27559|403|403|14
23|UNITED KINGDOM|7|23|36927.73|0.06|7|42979|42979|403|403|14
11|IRAQ|5|11|68992.8|0.04|5|42979|42979|403|403|14
16|MOZAMBIQUE|73|16|13847.12|0.09|73|42979|42979|403|403|14
14|KENYA|79|14|58429.94|0.09|79|42979|42979|403|403|14
18|CHINA|75|18|38980.17|0.0|75|42979|42979|403|403|14
10|IRAN|9|10|15528.8|0.1|9|41987|41987|403|403|14
0|ALGERIA|37|0|22019.16|0.08|37|41987|41987|403|403|14
13|JORDAN|36|13|18830.25|0.07|36|41987|41987|403|403|14
4|EGYPT|69|4|18969.9|0.07|69|41987|41987|403|403|14
4|EGYPT|67|4|29511.68|0.05|67|41987|41987|403|403|14
23|UNITED KINGDOM|32|23|2128.32|0.1|32|41987|41987|403|403|14
19|ROMANIA|17|19|66254.65|0.02|17|41987|41987|403|403|14
8|INDIA|61|8|12894.28|0.08|61|47170|47170|739|739|14
24|UNITED STATES|46|24|8353.12|0.06|46|47170|47170|739|739|14
16|MOZAMBIQUE|56|16|18300.2|0.04|56|47170|47170|739|739|14
1|ARGENTINA|29|1|50649.2|0.07|29|47170|47170|739|739|14
17|PERU|8|17|39483.2|0.03|8|8004|8004|739|739|14
22|RUSSIA|25|22|31233.5|0.05|25|8004|8004|739|739|14
17|PERU|57|17|60092.07|0.01|57|8004|8004|739|739|14
24|UNITED STATES|10|24|61613.78|0.02|10|8004|8004|739|739|14
22|RUSSIA|65|22|35066.26|0.03|65|8004|8004|739|739|14
20|SAUDI ARABIA|74|20|18631.69|0.06|74|8004|8004|739|739|14
9|INDONESIA|51|9|20844.89|0.09|51|3264|3264|739|739|14
5|ETHIOPIA|78|5|58445.01|0.06|78|3264|3264|739|739|14
24|UNITED STATES|19|24|8390.94|0.04|19|3264|3264|739|739|14
7|GERMANY|77|7|38752.0|0.06|77|40516|40516|739|739|14
1|ARGENTINA|71|1|1760.86|0.02|71|40516|40516|739|739|14
20|SAUDI ARABIA|74|20|31921.56|0.0|74|40516|40516|739|739|14
21|VIETNAM|26|21|6595.14|0.04|26|39941|39941|739|739|14
0|ALGERIA|37|0|15226.2|0.07|37|37379|37379|739|739|14
14|KENYA|47|14|52360.44|0.09|47|37379|37379|739|739|14
16|MOZAMBIQUE|18|16|34076.34|0.08|18|37379|37379|739|739|14
24|UNITED STATES|49|24|27992.14|0.01|49|37379|37379|739|739|14
18|CHINA|75|18|28064.55|0.04|75|37379|37379|739|739|14
18|CHINA|41|18|20279.56|0.05|41|37379|37379|739|739|14
18|CHINA|72|18|54137.28|0.06|72|20000|20000|739|739|14
8|INDIA|12|8|8346.03|0.03|12|20000|20000|739|739|14
8|INDIA|15|8|9472.02|0.1|15|31843|31843|827|827|14
1|ARGENTINA|29|1|35287.75|0.02|29|31843|31843|827|827|14
17|PERU|1|17|5730.3|0.02|1|4419|4419|827|827|14
8|INDIA|61|8|79238.7|0.01|61|4419|4419|827|827|14
4|EGYPT|38|4|48478.5|0.0|38|4419|4419|827|827|14
17|PERU|8|17|56357.4|0.02|8|31045|31045|617|617|14
14|KENYA|48|14|24567.68|0.03|48|31045|31045|617|617|14
24|UNITED STATES|46|24|34716.6|0.05|46|31045|31045|617|617|14
16|MOZAMBIQUE|30|16|15812.83|0.09|30|31045|31045|617|617|14
16|MOZAMBIQUE|73|16|45548.0|0.02|73|7717|7717|617|617|14
22|RUSSIA|40|22|2925.12|0.0|40|7717|7717|617|617|14
12|JAPAN|43|12|33672.1|0.03|43|7717|7717|617|617|14
18|CHINA|27|18|18229.65|0.0|27|7717|7717|617|617|14
16|MOZAMBIQUE|31|16|73968.3|0.02|31|7717|7717|617|617|14
23|UNITED KINGDOM|7|23|50748.06|0.01|7|35424|35424|617|617|14
11|IRAQ|5|11|18958.57|0.07|5|35424|35424|617|617|14
24|UNITED STATES|55|24|55463.04|0.01|55|35424|35424|617|617|14
21|VIETNAM|26|21|60737.93|0.05|26|35424|35424|617|617|14
14|KENYA|79|14|55390.68|0.06|79|35424|35424|617|617|14
18|CHINA|27|18|54383.22|0.0|27|35424|35424|617|617|14
18|CHINA|75|18|43011.38|0.06|75|35424|35424|617|617|14
14|KENYA|6|14|54694.29|0.1|6|19842|19842|617|617|14
22|RUSSIA|40|22|27929.7|0.08|40|19842|19842|617|617|14
24|UNITED STATES|10|24|48730.92|0.02|10|19842|19842|617|617|14
3|CANADA|20|3|41381.01|0.1|20|19842|19842|617|617|14
18|CHINA|41|18|52277.16|0.02|41|19842|19842|617|617|14
16|MOZAMBIQUE|30|16|1257.35|0.02|30|19842|19842|617|617|14
16|MOZAMBIQUE|30|16|73116.8|0.0|30|19842|19842|617|617|14
7|GERMANY|77|7|3210.51|0.02|77|27587|27587|617|617|14
21|VIETNAM|35|21|35171.18|0.0|35|27587|27587|617|617|14
24|UNITED STATES|46|24|15576.5|0.02|46|27587|27587|617|617|14
1|ARGENTINA|29|1|10611.6|0.0|29|27587|27587|617|617|14
4|EGYPT|38|4|31433.75|0.01|38|27587|27587|617|617|14
16|MOZAMBIQUE|73|16|28619.82|0.03|73|5958|5958|913|913|14
4|EGYPT|69|4|21749.4|0.04|69|5958|5958|913|913|14
15|MOROCCO|14|15|36042.27|0.02|14|5958|5958|913|913|14
8|INDIA|12|8|47133.24|0.1|12|5958|5958|913|913|14
24|UNITED STATES|49|24|30593.6|0.06|49|5958|5958|913|913|14
9|INDONESIA|23|9|32854.8|0.08|23|40000|40000|913|913|14
4|EGYPT|38|4|59514.0|0.08|38|40000|40000|913|913|14
21|VIETNAM|80|21|38496.48|0.09|80|30369|30369|913|913|14
23|UNITED KINGDOM|7|23|21065.1|0.06|7|30369|30369|913|913|14
7|GERMANY|44|7|31749.48|0.1|44|30369|30369|913|913|14
7|GERMANY|44|7|51088.4|0.06|44|30369|30369|913|913|14
14|KENYA|48|14|24449.46|0.01|48|30369|30369|913|913|14
21|VIETNAM|26|21|6817.38|0.07|26|30369|30369|913|913|14
22|RUSSIA|16|22|40482.72|0.09|16|30369|30369|913|913|14
14|KENYA|76|14|10000.56|0.02|76|22369|22369|913|913|14
24|UNITED STATES|64|24|69034.98|0.0|64|22369|22369|913|913|14
3|CANADA|20|3|56376.04|0.08|20|22369|22369|913|913|14
22|RUSSIA|42|22|3608.0|0.08|42|22369|22369|913|913|14
5|ETHIOPIA|2|5|62863.96|0.07|2|22369|22369|913|913|14
9|INDONESIA|45|9|55815.3|0.05|45|9511|9511|913|913|14
3|CANADA|20|3|69024.54|0.02|20|9511|9511|913|913|14
1|ARGENTINA|71|1|63179.62|0.03|71|36839|36839|913|913|14
19|ROMANIA|17|19|28956.6|0.08|17|15361|15361|913|913|14
18|CHINA|75|18|15652.8|0.0|75|15361|15361|913|913|14
22|RUSSIA|42|22|10937.79|0.0|42|28034|28034|913|913|14
18|CHINA|72|18|25787.36|0.03|72|18503|18503|913|913|14
10|IRAN|9|10|45015.75|0.04|9|18503|18503|913|913|14
13|JORDAN|36|13|69474.0|0.08|36|18503|18503|913|913|14
0|ALGERIA|24|0|22470.12|0.1|24|18503|18503|913|913|14
8|INDIA|39|8|48197.68|0.09|39|18503|18503|913|913|14
8|INDIA|39|8|46137.6|0.01|39|18503|18503|913|913|14
9|INDONESIA|50|9|58851.02|0.07|50|45061|45061|1172|1172|14
22|RUSSIA|65|22|29280.96|0.0|65|45061|45061|1172|1172|14
5|ETHIOPIA|2|5|40921.69|0.0|2|45061|45061|1172|1172|14
21|VIETNAM|80|21|15040.48|0.05|80|19235|19235|1172|1172|14
7|GERMANY|33|7|83437.2|0.01|33|19235|19235|1172|1172|14
18|CHINA|11|18|51368.16|0.1|11|19235|19235|1172|1172|14
18|CHINA|11|18|4958.25|0.09|11|19235|19235|1172|1172|14
4|EGYPT|38|4|20117.6|0.09|38|23783|23783|1172|1172|14
17|PERU|8|17|916.01|0.09|8|24614|24614|578|578|14
14|KENYA|48|14|43633.12|0.06|48|39104|39104|578|578|14
24|UNITED STATES|64|24|51756.4|0.05|64|39104|39104|578|578|14
4|EGYPT|67|4|34764.96|0.01|67|17766|17766|578|578|14
21|VIETNAM|80|21|40436.44|0.09|80|39|39|655|655|14
17|PERU|8|17|57509.49|0.01|8|39|39|655|655|14
17|PERU|8|17|36256.74|0.08|8|39|39|655|655|14
19|ROMANIA|62|19|66402.84|0.06|62|39|39|655|655|14
22|RUSSIA|65|22|66230.0|0.06|65|39|39|655|655|14
0|ALGERIA|28|0|34085.12|0.07|28|39|39|655|655|14
9|INDONESIA|50|9|11388.48|0.01|50|35206|35206|655|655|14
14|KENYA|47|14|38193.8|0.08|47|35206|35206|655|655|14
19|ROMANIA|17|19|37925.82|0.02|17|35206|35206|655|655|14
4|EGYPT|38|4|64976.56|0.02|38|35206|35206|655|655|14
5|ETHIOPIA|63|5|74418.75|0.06|63|35206|35206|655|655|14
8|INDIA|15|8|29322.19|0.08|15|7906|7906|655|655|14
20|SAUDI ARABIA|74|20|57811.74|0.01|74|7906|7906|655|655|14
10|IRAN|9|10|75187.2|0.06|9|4673|4673|655|655|14
15|MOROCCO|4|15|16919.73|0.04|4|4673|4673|655|655|14
12|JAPAN|54|12|8265.04|0.08|54|4673|4673|655|655|14
6|FRANCE|70|6|58364.32|0.07|70|12773|12773|655|655|14
21|VIETNAM|26|21|21703.6|0.03|26|12773|12773|655|655|14
17|PERU|59|17|56300.04|0.05|59|12773|12773|655|655|14
9|INDONESIA|23|9|21238.72|0.08|23|12773|12773|655|655|14
18|CHINA|75|18|55204.89|0.01|75|12773|12773|655|655|14
20|SAUDI ARABIA|74|20|22685.31|0.06|74|12773|12773|655|655|14
5|ETHIOPIA|63|5|43492.77|0.02|63|12773|12773|655|655|14
7|GERMANY|44|7|69131.1|0.0|44|19747|19747|655|655|14
9|INDONESIA|50|9|58670.16|0.01|50|19747|19747|655|655|14
9|INDONESIA|45|9|51444.3|0.1|45|19747|19747|655|655|14
24|UNITED STATES|10|24|36803.48|0.01|10|19747|19747|655|655|14
5|ETHIOPIA|2|5|71475.6|0.05|2|19747|19747|655|655|14
17|PERU|59|17|25245.81|0.1|59|39718|39718|269|269|14
14|KENYA|47|14|6755.12|0.04|47|39718|39718|269|269|14
8|INDIA|39|8|15889.44|0.09|39|39718|39718|269|269|14
7|GERMANY|44|7|15083.38|0.01|44|36613|36613|577|577|14
21|VIETNAM|26|21|6031.5|0.0|26|36613|36613|577|577|14
9|INDONESIA|51|9|41802.2|0.06|51|23910|23910|577|577|14
14|KENYA|79|14|56670.75|0.06|79|7333|7333|577|577|14
5|ETHIOPIA|2|5|3687.96|0.0|2|7333|7333|577|577|14
7|GERMANY|33|7|23665.6|0.1|33|33762|33762|236|236|14
15|MOROCCO|14|15|11476.24|0.07|14|33762|33762|236|236|14
5|ETHIOPIA|78|5|38665.82|0.0|78|33762|33762|236|236|14
24|UNITED STATES|10|24|70922.62|0.1|10|33762|33762|236|236|14
18|CHINA|27|18|15761.28|0.05|27|33762|33762|236|236|14
16|MOZAMBIQUE|56|16|44625.43|0.05|56|45764|45764|236|236|14
5|ETHIOPIA|78|5|9520.5|0.07|78|45764|45764|236|236|14
24|UNITED STATES|49|24|55739.6|0.06|49|45764|45764|236|236|14
22|RUSSIA|16|22|16337.7|0.03|16|45764|45764|236|236|14
21|VIETNAM|80|21|61216.0|0.05|80|5568|5568|236|236|14
18|CHINA|72|18|56409.85|0.08|72|5568|5568|236|236|14
21|VIETNAM|26|21|22416.12|0.01|26|5568|5568|236|236|14
18|CHINA|75|18|55625.64|0.06|75|41602|41602|236|236|14
24|UNITED STATES|10|24|39883.6|0.01|10|12705|12705|236|236|14
23|UNITED KINGDOM|7|23|4428.8|0.07|7|34818|34818|236|236|14
11|IRAQ|5|11|7983.45|0.08|5|34818|34818|236|236|14
7|GERMANY|33|7|34928.03|0.01|33|34818|34818|236|236|14
21|VIETNAM|26|21|20548.66|0.03|26|34818|34818|236|236|14
0|ALGERIA|37|0|43056.24|0.07|37|34818|34818|236|236|14
4|EGYPT|67|4|43341.55|0.02|67|34818|34818|236|236|14
9|INDONESIA|23|9|46879.8|0.09|23|34818|34818|236|236|14
16|MOZAMBIQUE|73|16|19857.6|0.05|73|45477|45477|400|400|14
24|UNITED STATES|55|24|50622.6|0.07|55|45477|45477|400|400|14
4|EGYPT|69|4|14689.73|0.02|69|45477|45477|400|400|14
0|ALGERIA|28|0|38651.08|0.05|28|45477|45477|400|400|14
5|ETHIOPIA|2|5|11748.6|0.01|2|45477|45477|400|400|14
22|RUSSIA|65|22|38531.4|0.0|65|6181|6181|400|400|14
17|PERU|8|17|4580.05|0.06|8|20710|20710|400|400|14
17|PERU|1|17|13635.0|0.0|1|20710|20710|400|400|14
21|VIETNAM|68|21|16332.55|0.05|68|20710|20710|400|400|14
14|KENYA|76|14|23370.53|0.06|76|20710|20710|400|400|14
24|UNITED STATES|49|24|54818.46|0.05|49|20710|20710|400|400|14
19|ROMANIA|62|19|48771.62|0.07|62|21029|21029|400|400|14
17|PERU|1|17|25143.09|0.07|1|30466|30466|400|400|14
4|EGYPT|22|4|23859.5|0.04|22|30466|30466|400|400|14
17|PERU|57|17|7007.5|0.09|57|30466|30466|400|400|14
8|INDIA|12|8|35567.43|0.06|12|30466|30466|400|400|14
15|MOROCCO|4|15|7339.92|0.1|4|30466|30466|400|400|14
22|RUSSIA|16|22|12928.77|0.0|16|30466|30466|400|400|14
4|EGYPT|38|4|69385.92|0.02|38|3045|3045|400|400|14
5|ETHIOPIA|63|5|65710.7|0.05|63|3045|3045|400|400|14
16|MOZAMBIQUE|18|16|29494.5|0.05|18|32065|32065|400|400|14
23|UNITED KINGDOM|32|23|13072.95|0.04|32|32065|32065|400|400|14
19|ROMANIA|17|19|55233.78|0.07|17|32065|32065|400|400|14
18|CHINA|27|18|60208.8|0.01|27|32065|32065|400|400|14
3|CANADA|20|3|60307.5|0.07|20|32065|32065|400|400|14
19|ROMANIA|52|19|74068.89|0.03|52|32065|32065|400|400|14
23|UNITED KINGDOM|66|23|56649.1|0.09|66|33442|33442|400|400|14
16|MOZAMBIQUE|58|16|33589.25|0.02|58|33442|33442|400|400|14
24|UNITED STATES|46|24|26529.0|0.04|46|33442|33442|400|400|14
3|CANADA|13|3|55895.4|0.08|13|33442|33442|400|400|14
10|IRAN|34|10|10505.55|0.1|34|33442|33442|400|400|14
1|ARGENTINA|29|1|26732.32|0.03|29|33442|33442|400|400|14
22|RUSSIA|65|22|9586.22|0.1|65|33442|33442|400|400|14
21|VIETNAM|80|21|7297.75|0.02|80|19043|19043|499|499|14
8|INDIA|15|8|28305.75|0.0|15|19043|19043|499|499|14
7|GERMANY|33|7|83175.84|0.02|33|46468|46468|499|499|14
4|EGYPT|69|4|38237.76|0.09|69|46468|46468|499|499|14
17|PERU|57|17|17353.08|0.09|57|46468|46468|499|499|14
16|MOZAMBIQUE|18|16|58109.12|0.0|18|46468|46468|499|499|14
16|MOZAMBIQUE|18|16|5447.73|0.05|18|46468|46468|499|499|14
12|JAPAN|54|12|16177.1|0.03|54|46468|46468|499|499|14
4|EGYPT|69|4|44759.04|0.09|69|8448|8448|499|499|14
15|MOROCCO|14|15|14133.34|0.04|14|8448|8448|499|499|14
18|CHINA|75|18|14169.54|0.06|75|8448|8448|499|499|14
8|INDIA|15|8|1088.18|0.03|15|26848|26848|499|499|14
16|MOZAMBIQUE|58|16|61192.44|0.09|58|26848|26848|499|499|14
22|RUSSIA|16|22|28891.46|0.03|16|26848|26848|499|499|14
5|ETHIOPIA|63|5|23859.5|0.01|63|26848|26848|499|499|14
18|CHINA|41|18|27140.19|0.07|41|26848|26848|499|499|14
11|IRAQ|5|11|38755.34|0.08|5|10469|10469|499|499|14
7|GERMANY|77|7|37448.04|0.01|77|10469|10469|499|499|14
19|ROMANIA|52|19|911.01|0.02|52|10469|10469|499|499|14
6|FRANCE|70|6|10281.2|0.09|70|40612|40612|499|499|14
17|PERU|57|17|44785.44|0.01|57|40612|40612|499|499|14
12|JAPAN|43|12|36434.88|0.07|43|40612|40612|499|499|14
22|RUSSIA|42|22|32236.02|0.05|42|40612|40612|499|499|14
20|SAUDI ARABIA|74|20|60264.5|0.01|74|40612|40612|499|499|14
18|CHINA|41|18|28410.4|0.06|41|40612|40612|499|499|14
1|ARGENTINA|3|1|17574.72|0.04|3|40612|40612|499|499|14
10|IRAN|9|10|4090.38|0.09|9|17570|17570|499|499|14
14|KENYA|48|14|27118.8|0.08|48|17570|17570|499|499|14
4|EGYPT|69|4|20884.0|0.05|69|17570|17570|499|499|14
24|UNITED STATES|46|24|39163.05|0.08|46|17570|17570|499|499|14
24|UNITED STATES|49|24|34540.51|0.03|49|17570|17570|499|499|14
24|UNITED STATES|49|24|58372.38|0.05|49|17570|17570|499|499|14
17|PERU|1|17|34035.12|0.04|1|32293|32293|499|499|14
16|MOZAMBIQUE|73|16|62370.44|0.02|73|32293|32293|499|499|14
16|MOZAMBIQUE|58|16|49219.8|0.03|58|32293|32293|499|499|14
0|ALGERIA|24|0|15484.56|0.02|24|32293|32293|499|499|14
10|IRAN|34|10|21317.04|0.08|34|32293|32293|499|499|14
2|BRAZIL|21|2|46004.6|0.01|21|32293|32293|499|499|14
19|ROMANIA|52|19|39412.47|0.03|52|32293|32293|499|499|14
6|FRANCE|70|6|2326.52|0.1|70|35232|35232|499|499|14
24|UNITED STATES|46|24|40918.25|0.07|46|35232|35232|499|499|14
4|EGYPT|67|4|56300.0|0.1|67|35232|35232|499|499|14
9|INDONESIA|45|9|14018.07|0.09|45|35232|35232|499|499|14
12|JAPAN|54|12|18660.6|0.04|54|35232|35232|499|499|14
4|EGYPT|38|4|4709.08|0.04|38|35232|35232|499|499|14
1|ARGENTINA|3|1|57593.18|0.04|3|35232|35232|499|499|14
