24|UNITED STATES|10|24|27089.0|0.07|10|20771|20771|140
23|UNITED KINGDOM|32|23|45151.47|0.01|32|20771|20771|140
22|RUSSIA|25|22|41940.15|0.06|25|12103|12103|184
3|CANADA|20|3|54111.09|0.02|20|12103|12103|184
0|ALGERIA|37|0|10992.12|0.0|37|37249|37249|470
0|ALGERIA|24|0|30698.49|0.0|24|37249|37249|470
8|INDIA|39|8|22135.68|0.07|39|37249|37249|470
24|UNITED STATES|49|24|8090.64|0.03|49|37249|37249|470
17|PERU|8|17|50106.78|0.02|8|33377|33377|371
18|CHINA|72|18|51336.45|0.01|72|33377|33377|371
1|ARGENTINA|71|1|33855.37|0.04|71|33377|33377|371
24|UNITED STATES|19|24|46770.4|0.02|19|33377|33377|371
5|ETHIOPIA|2|5|83388.2|0.02|2|33377|33377|371
17|PERU|59|17|16793.88|0.1|59|26050|26050|151
13|JORDAN|36|13|30830.12|0.02|36|26050|26050|151
8|INDIA|12|8|920.01|0.01|12|26050|26050|151
9|INDONESIA|45|9|19413.46|0.0|45|26050|26050|151
9|INDONESIA|23|9|12620.3|0.06|23|26050|26050|151
2|BRAZIL|21|2|13222.43|0.07|21|26050|26050|151
18|CHINA|75|18|39258.94|0.01|75|26050|26050|151
23|UNITED KINGDOM|66|23|71355.2|0.02|66|29383|29383|250
6|FRANCE|70|6|16848.53|0.07|70|29383|29383|250
24|UNITED STATES|46|24|3657.93|0.04|46|29383|29383|250
3|CANADA|13|3|53717.73|0.1|13|29383|29383|250
18|CHINA|27|18|30337.28|0.0|27|29383|29383|250
0|ALGERIA|24|0|24560.28|0.01|24|17280|17280|382
18|CHINA|27|18|34808.7|0.05|27|17280|17280|382
17|PERU|8|17|17784.38|0.01|8|33312|33312|151
23|UNITED KINGDOM|7|23|48507.84|0.03|7|33312|33312|151
0|ALGERIA|24|0|39002.58|0.09|24|33312|33312|151
0|ALGERIA|28|0|41354.54|0.03|28|33312|33312|151
14|KENYA|6|14|10613.43|0.1|6|31585|31585|470
18|CHINA|72|18|68098.24|0.07|72|31585|31585|470
8|INDIA|60|8|9944.0|0.07|60|31585|31585|470
7|GERMANY|53|7|13613.49|0.09|53|31585|31585|470
23|UNITED KINGDOM|66|23|40587.12|0.03|66|23104|23104|250
8|INDIA|39|8|28355.75|0.0|39|23104|23104|250
19|ROMANIA|52|19|40219.56|0.06|52|23104|23104|250
21|VIETNAM|26|21|1894.08|0.0|26|31079|31079|184
15|MOROCCO|14|15|47986.88|0.02|14|23973|23973|283
3|CANADA|13|3|45649.67|0.06|13|23973|23973|283
14|KENYA|76|14|27833.82|0.03|76|23973|23973|283
17|PERU|8|17|42166.02|0.04|8|10245|10245|470
6|FRANCE|70|6|3944.32|0.01|70|10245|10245|470
6|FRANCE|70|6|45570.98|0.08|70|10245|10245|470
14|KENYA|47|14|63518.0|0.06|47|10245|10245|470
0|ALGERIA|24|0|5280.75|0.06|24|10245|10245|470
18|CHINA|41|18|75872.64|0.06|41|10245|10245|470
1|ARGENTINA|3|1|2847.04|0.02|3|10245|10245|470
4|EGYPT|22|4|23545.4|0.07|22|10400|10400|184
15|MOROCCO|14|15|27921.51|0.08|14|10400|10400|184
18|CHINA|75|18|31543.02|0.0|75|10400|10400|184
1|ARGENTINA|3|1|53458.0|0.07|3|10400|10400|184
9|INDONESIA|23|9|65086.78|0.0|23|34468|34468|151
18|CHINA|27|18|76646.64|0.07|27|12545|12545|140
3|CANADA|20|3|19201.0|0.1|20|12545|12545|140
18|CHINA|41|18|5205.6|0.03|41|12545|12545|140
19|ROMANIA|52|19|911.01|0.0|52|12545|12545|140
22|RUSSIA|16|22|4300.68|0.1|16|40320|40320|184
14|KENYA|6|14|46865.92|0.1|6|41794|41794|272
4|EGYPT|69|4|28301.76|0.03|69|41794|41794|272
4|EGYPT|69|4|58160.56|0.0|69|41794|41794|272
12|JAPAN|43|12|31813.98|0.1|43|41794|41794|272
21|VIETNAM|26|21|38771.7|0.07|26|25954|25954|272
16|MOZAMBIQUE|73|16|19887.84|0.08|73|5347|5347|382
7|GERMANY|77|7|4865.24|0.06|77|5347|5347|382
4|EGYPT|22|4|23353.02|0.01|22|5347|5347|382
8|INDIA|15|8|8066.64|0.06|15|5347|5347|382
21|VIETNAM|68|21|36828.12|0.06|68|5347|5347|382
3|CANADA|13|3|88782.06|0.02|13|5347|5347|382
14|KENYA|76|14|74863.2|0.04|76|5347|5347|382
9|INDONESIA|50|9|20346.75|0.03|50|42116|42116|470
24|UNITED STATES|46|24|1609.7|0.06|46|42116|42116|470
22|RUSSIA|65|22|49416.08|0.05|65|42116|42116|470
19|ROMANIA|17|19|22456.0|0.01|17|42116|42116|470
18|CHINA|27|18|29641.32|0.09|27|42116|42116|470
18|CHINA|27|18|5093.37|0.09|27|42116|42116|470
14|KENYA|47|14|48557.11|0.0|47|13637|13637|151
21|VIETNAM|80|21|13758.48|0.0|80|7110|7110|580
0|ALGERIA|24|0|50077.65|0.04|24|7110|7110|580
18|CHINA|75|18|16957.2|0.1|75|7495|7495|151
5|ETHIOPIA|78|5|43061.2|0.02|78|40324|40324|481
9|INDONESIA|23|9|6973.56|0.02|23|40324|40324|481
24|UNITED STATES|10|24|2782.98|0.08|10|40324|40324|481
19|ROMANIA|17|19|7187.65|0.07|17|40324|40324|481
17|PERU|59|17|36471.96|0.1|59|5251|5251|272
11|IRAQ|5|11|3249.44|0.06|5|12546|12546|173
19|ROMANIA|62|19|6947.4|0.06|62|12546|12546|173
8|INDIA|61|8|45436.16|0.01|61|12546|12546|173
21|VIETNAM|35|21|7451.84|0.0|35|12546|12546|173
16|MOZAMBIQUE|31|16|43270.75|0.06|31|12546|12546|173
6|FRANCE|70|6|73862.2|0.03|70|46944|46944|250
22|RUSSIA|25|22|8676.54|0.06|25|46944|46944|250
10|IRAN|34|10|32858.98|0.07|34|46944|46944|250
22|RUSSIA|65|22|17719.2|0.03|65|46944|46944|250
22|RUSSIA|16|22|18650.1|0.02|16|46944|46944|250
22|RUSSIA|16|22|10481.4|0.03|16|46944|46944|250
10|IRAN|9|10|18089.37|0.07|9|32259|32259|580
2|BRAZIL|21|2|31251.1|0.04|21|32259|32259|580
24|UNITED STATES|49|24|32362.02|0.1|49|32259|32259|580
24|UNITED STATES|64|24|88923.53|0.03|64|32259|32259|580
16|MOZAMBIQUE|30|16|49036.65|0.0|30|32259|32259|580
15|MOROCCO|14|15|31528.22|0.02|14|35526|35526|371
18|CHINA|41|18|23384.96|0.1|41|35526|35526|371
3|CANADA|13|3|17899.35|0.02|13|8483|8483|470
1|ARGENTINA|3|1|63129.69|0.09|3|8483|8483|470
17|PERU|8|17|39221.05|0.01|8|26627|26627|250
23|UNITED KINGDOM|7|23|10851.8|0.0|7|26627|26627|250
11|IRAQ|5|11|8121.75|0.1|5|26627|26627|250
8|INDIA|15|8|2478.66|0.03|15|26627|26627|250
18|CHINA|41|18|12878.04|0.07|41|26627|26627|250
4|EGYPT|22|4|55819.16|0.03|22|32578|32578|580
5|ETHIOPIA|78|5|27677.34|0.01|78|32737|32737|382
22|RUSSIA|65|22|7437.9|0.0|65|32737|32737|382
24|UNITED STATES|19|24|34542.99|0.08|19|4583|4583|173
23|UNITED KINGDOM|32|23|51062.08|0.04|32|4583|4583|173
0|ALGERIA|28|0|49408.92|0.09|28|4583|4583|173
10|IRAN|34|10|51506.5|0.1|34|7586|7586|250
12|JAPAN|43|12|51378.99|0.09|43|7586|7586|250
21|VIETNAM|26|21|47352.0|0.0|26|22947|22947|140
23|UNITED KINGDOM|32|23|18845.25|0.06|32|22947|22947|140
1|ARGENTINA|3|1|51656.16|0.05|3|22947|22947|140
16|MOZAMBIQUE|30|16|70915.44|0.0|30|42627|42627|283
13|JORDAN|36|13|25377.75|0.1|36|11968|11968|250
8|INDIA|12|8|18950.4|0.06|12|11968|11968|250
17|PERU|59|17|31405.58|0.03|59|33539|33539|173
24|UNITED STATES|19|24|41919.78|0.09|19|33539|33539|173
8|INDIA|61|8|29158.08|0.03|61|1319|1319|250
2|BRAZIL|21|2|14331.48|0.09|21|1319|1319|250
16|MOZAMBIQUE|73|16|38625.16|0.1|73|18375|18375|481
21|VIETNAM|68|21|43097.04|0.1|68|18375|18375|481
5|ETHIOPIA|78|5|12788.44|0.07|78|18375|18375|481
16|MOZAMBIQUE|56|16|16671.71|0.0|56|18375|18375|481
23|UNITED KINGDOM|32|23|23329.68|0.05|32|18375|18375|481
9|INDONESIA|51|9|16754.24|0.04|51|39232|39232|580
8|INDIA|15|8|38500.23|0.1|15|39232|39232|580
9|INDONESIA|23|9|28573.82|0.02|23|39232|39232|580
8|INDIA|39|8|9874.64|0.02|39|39232|39232|580
16|MOZAMBIQUE|31|16|26390.29|0.0|31|39232|39232|580
3|CANADA|20|3|26853.4|0.07|20|39232|39232|580
9|INDONESIA|50|9|34521.29|0.1|50|24481|24481|580
15|MOROCCO|14|15|35618.4|0.09|14|24481|24481|580
0|ALGERIA|24|0|20504.66|0.02|24|24481|24481|580
13|JORDAN|36|13|16416.18|0.01|36|14692|14692|382
5|ETHIOPIA|78|5|32795.7|0.06|78|14692|14692|382
18|CHINA|11|18|69506.99|0.05|11|42083|42083|140
17|PERU|59|17|20370.93|0.07|59|42083|42083|140
17|PERU|57|17|45491.14|0.03|57|42083|42083|140
8|INDIA|60|8|35130.13|0.09|60|29698|29698|140
7|GERMANY|44|7|22632.96|0.03|44|19523|19523|580
7|GERMANY|44|7|27668.16|0.1|44|19523|19523|580
13|JORDAN|36|13|15878.94|0.1|36|19523|19523|580
5|ETHIOPIA|2|5|24036.22|0.0|2|19523|19523|580
1|ARGENTINA|3|1|14568.39|0.0|3|19523|19523|580
17|PERU|8|17|66270.05|0.08|8|17665|17665|580
7|GERMANY|44|7|69874.5|0.02|44|17665|17665|580
5|ETHIOPIA|63|5|21247.65|0.01|63|17665|17665|580
8|INDIA|15|8|3625.82|0.01|15|26850|26850|250
3|CANADA|13|3|17694.84|0.08|13|26850|26850|250
24|UNITED STATES|49|24|29431.4|0.07|49|26850|26850|250
18|CHINA|41|18|21463.4|0.1|41|26850|26850|250
16|MOZAMBIQUE|30|16|14375.12|0.1|30|26850|26850|250
5|ETHIOPIA|2|5|33110.64|0.03|2|26850|26850|250
14|KENYA|47|14|29526.11|0.05|47|27169|27169|382
9|INDONESIA|23|9|40903.8|0.08|23|27169|27169|382
24|UNITED STATES|64|24|10478.34|0.0|64|27169|27169|382
16|MOZAMBIQUE|31|16|24276.75|0.04|31|27169|27169|382
7|GERMANY|33|7|28397.21|0.01|33|28577|28577|470
24|UNITED STATES|55|24|32144.31|0.01|55|28577|28577|470
18|CHINA|72|18|81506.02|0.02|72|28577|28577|470
8|INDIA|61|8|56259.06|0.07|61|28577|28577|470
8|INDIA|61|8|33676.54|0.08|61|28577|28577|470
24|UNITED STATES|49|24|4060.35|0.02|49|28577|28577|470
7|GERMANY|77|7|63523.11|0.09|77|38213|38213|272
7|GERMANY|33|7|10058.8|0.0|33|38213|38213|272
24|UNITED STATES|55|24|52659.58|0.05|55|38213|38213|272
19|ROMANIA|17|19|30722.4|0.04|17|38213|38213|272
19|ROMANIA|52|19|25248.3|0.0|52|38213|38213|272
14|KENYA|47|14|22650.0|0.04|47|47201|47201|184
19|ROMANIA|62|19|35704.2|0.02|62|35684|35684|184
24|UNITED STATES|10|24|23829.96|0.07|10|35684|35684|184
4|EGYPT|38|4|27651.24|0.0|38|35684|35684|184
16|MOZAMBIQUE|30|16|38762.4|0.02|30|35684|35684|184
4|EGYPT|69|4|16031.68|0.09|69|14466|14466|283
8|INDIA|60|8|8174.76|0.02|60|25697|25697|371
24|UNITED STATES|46|24|1745.84|0.01|46|25697|25697|371
4|EGYPT|67|4|30273.28|0.0|67|25697|25697|371
8|INDIA|61|8|2162.36|0.04|61|25312|25312|371
6|FRANCE|70|6|14656.05|0.06|70|25312|25312|371
21|VIETNAM|26|21|23297.82|0.07|26|25312|25312|371
14|KENYA|47|14|2314.5|0.02|47|25312|25312|371
9|INDONESIA|23|9|34785.52|0.06|23|25312|25312|371
15|MOROCCO|14|15|3561.84|0.09|14|15269|15269|250
17|PERU|57|17|75295.68|0.04|57|15269|15269|250
9|INDONESIA|23|9|8345.12|0.08|23|15269|15269|250
24|UNITED STATES|19|24|11016.12|0.09|19|15269|15269|250
24|UNITED STATES|46|24|43727.58|0.1|46|386|386|481
24|UNITED STATES|64|24|23128.64|0.06|64|386|386|481
5|ETHIOPIA|2|5|34855.48|0.09|2|386|386|481
22|RUSSIA|40|22|35987.52|0.06|40|45893|45893|580
18|CHINA|11|18|37401.2|0.05|11|45893|45893|580
0|ALGERIA|37|0|44424.59|0.08|37|45893|45893|580
14|KENYA|47|14|17172.9|0.08|47|45893|45893|580
5|ETHIOPIA|78|5|6559.21|0.0|78|45893|45893|580
12|JAPAN|54|12|51255.2|0.08|54|45893|45893|580
17|PERU|8|17|22461.66|0.03|8|37952|37952|184
19|ROMANIA|62|19|3465.75|0.07|62|37952|37952|184
14|KENYA|47|14|43536.0|0.1|47|37952|37952|184
16|MOZAMBIQUE|58|16|9551.22|0.02|58|37952|37952|184
5|ETHIOPIA|78|5|62310.36|0.02|78|37952|37952|184
7|GERMANY|53|7|39443.47|0.1|53|37952|37952|184
20|SAUDI ARABIA|74|20|65681.07|0.01|74|22981|22981|151
18|CHINA|72|18|40716.69|0.07|72|10144|10144|250
18|CHINA|72|18|17708.57|0.07|72|10144|10144|250
8|INDIA|15|8|17597.21|0.06|15|10144|10144|250
22|RUSSIA|16|22|59182.8|0.07|16|10144|10144|250
5|ETHIOPIA|2|5|55079.22|0.06|2|10144|10144|250
11|IRAQ|5|11|70382.34|0.05|5|36610|36610|371
4|EGYPT|22|4|36306.27|0.01|22|36610|36610|371
9|INDONESIA|23|9|27641.34|0.05|23|36610|36610|371
9|INDONESIA|23|9|26003.5|0.06|23|16865|16865|580
19|ROMANIA|52|19|28318.68|0.07|52|16865|16865|580
