27581.12|0.08|38981
41644.8|0.03|34020
16362.0|0.1|46021
28164.75|0.02|39971
26692.82|0.0|35780
2242.44|0.05|44261
38985.92|0.08|2818
5448.0|0.1|23361
18995.4|0.03|37254
7645.33|0.01|33184
33780.0|0.1|38497
11392.3|0.01|46241
24213.03|0.08|26023
36388.17|0.03|35461
60031.04|0.03|28773
58025.92|0.0|45251
29572.2|0.09|39333
62459.65|0.02|28036
48365.68|0.09|15463
52167.81|0.02|39652
25617.0|0.05|31171
18752.02|0.02|35780
32308.32|0.1|47781
17629.7|0.07|33250
7802.4|0.0|38497
41558.88|0.08|17058
79643.7|0.06|27299
1440.53|0.07|37056
6171.65|0.03|37760
64847.58|0.0|29895
9890.64|0.07|42182
52616.7|0.02|28454
27993.0|0.1|23493
19476.96|0.02|34372
22552.0|0.03|28135
43632.5|0.07|24197
59103.45|0.02|3907
46134.02|0.0|36099
36849.6|0.0|39971
12532.78|0.07|15111
30351.17|0.09|29895
44063.88|0.02|13351
61295.13|0.0|25990
39046.76|0.07|15397
58429.44|0.1|39300
56507.52|0.04|24098
46464.6|0.02|20193
29657.0|0.08|15397
90598.06|0.04|261
15725.08|0.07|38464
20217.76|0.06|26276
4000.29|0.08|18598
21687.2|0.06|17344
5856.35|0.02|28773
3716.08|0.03|33184
2672.86|0.01|21095
36898.73|0.02|45570
51896.64|0.05|27398
28212.24|0.05|13670
31185.36|0.09|45350
25155.36|0.1|45251
5141.52|0.08|38530
74623.2|0.04|24450
16730.55|0.05|17058
36326.22|0.05|36352
36492.15|0.09|16992
39840.02|0.06|13120
55463.8|0.08|28355
54861.22|0.03|28256
33154.92|0.04|39300
30668.0|0.02|3907
3327.52|0.02|24098
26028.0|0.09|19104
26909.68|0.05|20193
4104.48|0.04|34020
12473.4|0.09|19104
17493.9|0.07|28036
41354.54|0.07|34020
23913.44|0.07|14693
50522.02|0.09|18851
30635.02|0.01|41060
20569.56|0.08|23394
4219.5|0.03|35780
7592.16|0.04|37441
70394.0|0.02|24450
49928.2|0.09|43392
52724.7|0.09|15111
10911.9|0.0|17124
22032.24|0.06|44261
52416.4|0.01|37287
40378.29|0.01|28355
51294.04|0.02|18466
45128.3|0.02|15078
65629.6|0.07|25440
62674.65|0.07|28773
11387.04|0.06|2818
11721.6|0.1|13252
67166.55|0.1|28388
23113.44|0.04|28036
20257.04|0.08|481
49932.78|0.06|36484
18963.71|0.01|14275
36214.92|0.08|261
9988.0|0.01|24197
48991.14|0.09|26023
29919.36|0.04|28289
71776.5|0.06|15397
51140.94|0.1|16772
39594.56|0.07|20193
22196.94|0.03|39300
19226.88|0.04|13252
31806.32|0.1|22690
27089.26|0.1|16772
7264.0|0.02|22085
37961.6|0.07|47682
12185.88|0.06|16640
14870.24|0.03|31270
51445.8|0.0|3808
13834.08|0.0|34691
20102.0|0.03|44162
32196.09|0.05|28388
51358.86|0.08|25440
22494.57|0.07|28003
5588.88|0.09|12064
9850.8|0.06|17058
1189.28|0.06|36099
45801.88|0.05|39333
16974.72|0.0|45185
28170.0|0.07|38145
7151.52|0.05|14022
12373.56|0.01|47682
10631.52|0.07|39300
35272.99|0.04|24098
51752.16|0.01|38563
9454.02|0.1|31171
44326.98|0.04|31270
20768.88|0.03|15782
42909.12|0.1|39300
23521.52|0.03|39267
17448.9|0.03|39971
10000.89|0.01|19841
30536.88|0.03|12064
30615.3|0.0|45350
7077.55|0.0|29510
16154.16|0.07|1828
24284.78|0.0|33250
19749.28|0.07|27750
39401.76|0.1|36352
26709.58|0.04|23493
17594.38|0.09|25473
23263.82|0.06|26023
50305.0|0.03|12097
44928.28|0.1|15397
13750.48|0.01|26210
16473.49|0.03|26342
1084.18|0.04|18466
43024.74|0.0|38882
45545.82|0.04|26342
72692.08|0.08|46241
62571.6|0.09|43491
13917.26|0.03|28036
60255.72|0.02|17344
43771.25|0.03|15463
9824.5|0.01|19555
12192.88|0.07|18279
48070.68|0.01|12581
59501.19|0.02|39047
52495.2|0.03|28069
20379.58|0.07|39300
10670.77|0.07|18565
9530.22|0.04|14242
35529.39|0.03|15078
53028.62|0.0|15045
31001.6|0.09|28135
20561.42|0.1|43590
46012.47|0.07|28069
33299.27|0.06|13351
24570.0|0.01|36550
53336.98|0.01|25440
28926.87|0.07|18213
11684.4|0.09|25121
56340.48|0.09|24450
36904.32|0.1|23174
16113.6|0.05|11173
13755.95|0.04|39751
33010.25|0.1|23680
31809.72|0.0|37287
48012.36|0.0|35142
62501.67|0.1|38497
51504.3|0.07|45570
47427.24|0.1|36484
65164.56|0.1|18851
23587.16|0.0|43392
40912.2|0.03|18279
80968.14|0.04|19841
34092.48|0.01|15397
20624.67|0.06|47011
9097.84|0.03|43590
26748.6|0.1|19104
42219.21|0.02|31270
26038.93|0.06|21095
58652.58|0.07|11591
10777.41|0.02|29895
22028.4|0.04|17344
8733.3|0.04|14275
39511.34|0.09|39652
56046.06|0.04|28454
39942.25|0.0|36033
20690.78|0.01|46340
25955.3|0.06|15782
38364.48|0.1|33184
55896.16|0.05|33283
42783.9|0.1|28355
51084.0|0.01|16321
32384.75|0.02|24384
13378.56|0.01|45031
27445.67|0.02|38464
10460.34|0.1|23361
68905.44|0.03|25990
27926.58|0.06|22470
7668.15|0.0|15045
25929.72|0.1|37287
34885.95|0.04|18147
23336.8|0.01|37892
47301.24|0.04|33283
50868.37|0.05|38563
18961.15|0.1|37760
59595.55|0.02|47110
3625.82|0.03|10183
64283.4|0.03|15397
16231.27|0.04|37760
31064.76|0.06|15683
10550.43|0.0|21381
31377.6|0.02|28388
64600.09|0.03|25154
9015.6|0.1|11173
44904.74|0.05|45570
18648.89|0.08|16640
10043.11|0.03|34020
18668.02|0.02|18279
3372.66|0.1|34691
42701.57|0.0|294
47527.48|0.1|25990
59020.73|0.06|24384
43546.0|0.04|39872
6930.63|0.09|37793
13905.3|0.02|17344
45247.5|0.04|38563
34747.5|0.03|37441
11027.88|0.05|11173
30760.89|0.05|25121
29335.68|0.03|28773
27434.4|0.0|28069
50522.56|0.02|33283
4961.36|0.06|43392
12463.4|0.0|17542
29792.7|0.06|37056
46551.5|0.04|46054
45781.29|0.06|38178
17497.26|0.04|44294
21825.98|0.0|25473
68395.82|0.07|18147
26110.14|0.09|43590
53906.7|0.1|16871
80340.48|0.01|28069
35437.75|0.08|28773
67175.52|0.07|28036
10802.7|0.0|17344
29793.97|0.08|14275
57690.86|0.07|3808
70442.88|0.1|16134
53957.4|0.06|39168
50348.55|0.08|43392
81309.36|0.0|15078
43337.7|0.02|1828
30722.78|0.09|3907
54013.81|0.03|21095
40808.71|0.05|29730
67752.48|0.02|23460
24525.9|0.02|36099
11617.65|0.03|1509
31655.02|0.05|19841
1950.14|0.09|43392
27218.07|0.04|38882
9190.08|0.1|47011
53879.12|0.08|195
17028.34|0.02|45251
7232.0|0.04|29312
46394.29|0.06|15045
42864.47|0.04|3808
38533.53|0.0|26661
69752.48|0.02|46241
9080.0|0.06|39300
11820.96|0.1|23394
47485.06|0.07|18565
11372.16|0.03|29411
40004.0|0.08|1828
31233.5|0.05|47682
7288.08|0.07|36099
56027.07|0.05|1828
38738.92|0.03|43271
79620.0|0.03|18466
14185.1|0.08|38882
49942.8|0.07|39267
10604.66|0.04|19555
47219.48|0.03|37441
54958.04|0.08|10150
3876.24|0.03|16134
69722.4|0.01|14341
50875.0|0.06|21095
19633.68|0.0|15683
25335.17|0.0|37188
35822.16|0.1|39333
61842.94|0.02|43491
23605.38|0.02|19654
44902.79|0.09|19522
42966.8|0.03|46791
41040.45|0.07|21095
48127.34|0.02|35494
34785.52|0.02|3808
54012.09|0.06|12097
38020.8|0.1|36231
22938.7|0.07|12196
58582.32|0.09|37793
32092.58|0.07|26023
17308.62|0.1|16101
1181.28|0.03|22371
3534.81|0.02|24197
7315.98|0.0|38981
66604.2|0.03|19654
55339.2|0.06|16453
45047.5|0.04|16134
39223.6|0.07|23174
52216.0|0.02|17157
72694.44|0.05|47011
49897.04|0.05|19104
13253.13|0.04|12064
7834.47|0.08|38277
23485.76|0.04|44261
49705.38|0.0|10150
81349.01|0.01|17542
26854.58|0.04|11173
44112.48|0.09|43590
5370.85|0.03|29895
13797.85|0.01|2818
26080.6|0.09|44294
25284.0|0.05|37474
64971.88|0.06|195
45575.76|0.0|35296
40270.23|0.02|27013
68134.01|0.1|19874
7512.19|0.02|35494
5978.36|0.02|12196
40151.66|0.03|35494
51238.93|0.0|38530
27029.7|0.03|15463
32837.97|0.09|44580
11408.04|0.06|38277
26362.12|0.0|17410
29647.92|0.0|16772
24280.65|0.04|44580
63012.69|0.08|23394
48760.2|0.09|47781
32836.98|0.06|2818
20361.75|0.1|43491
15207.28|0.07|24384
17646.84|0.01|29895
67522.04|0.06|17344
26524.26|0.06|15045
18268.36|0.04|15683
28530.4|0.0|261
22792.32|0.04|15045
66818.84|0.06|37441
7429.98|0.09|39971
1554.65|0.07|25440
30945.92|0.05|46791
35151.85|0.02|44261
35633.85|0.04|29730
30974.34|0.05|261
8717.38|0.02|13351
60522.5|0.05|38596
58405.38|0.04|18851
36470.64|0.04|44261
13208.86|0.02|36484
65447.82|0.09|22151
42859.08|0.1|18785
9999.64|0.09|14341
31668.44|0.04|18950
30248.4|0.08|36033
40435.92|0.05|29411
21290.49|0.06|18147
58021.56|0.01|35461
47077.84|0.02|22085
4777.16|0.03|20193
56361.0|0.08|29411
4120.41|0.05|28454
8370.18|0.02|26881
22090.2|0.01|17795
39731.79|0.07|38145
1465.56|0.01|36099
22513.79|0.06|35296
32146.32|0.06|22151
5657.94|0.1|29312
8006.58|0.01|28069
12301.44|0.09|28355
20737.2|0.02|27299
37023.0|0.09|14275
46264.92|0.01|43590
28367.08|0.1|35043
6687.08|0.04|35296
38921.7|0.03|26661
30070.2|0.07|39971
12586.41|0.03|18466
18635.1|0.1|25440
24182.84|0.04|15782
2046.24|0.02|23394
35605.96|0.05|28740
32964.16|0.1|13252
54763.1|0.04|27013
22080.48|0.1|47682
39239.05|0.1|39333
5185.56|0.06|46791
74218.32|0.0|39652
20181.76|0.05|15463
75132.96|0.09|37188
34445.29|0.05|10183
54506.22|0.0|19687
16962.4|0.05|35780
14310.75|0.05|33250
41228.85|0.06|11173
17086.7|0.02|20292
21121.32|0.04|14176
64837.08|0.05|37188
14851.35|0.04|36033
