47399
30690
42053
17127
45474
17699
46178
14883
17479
25762
16643
25025
10241
31174
46695
198
20163
28897
34980
35233
45089
27269
13255
23078
11044
36773
32032
36740
39105
45188
25124
23298
37312
21890
22176
25696
17600
24673
29766
16775
39303
26433
30151
19811
16005
34694
24486
29920
36135
45540
42691
165
11297
37158
770
27489
17666
17952
13442
26400
47520
44770
43681
33572
32384
44385
24871
27621
37345
26114
11330
37444
31361
25377
47685
38786
15301
15587
42020
23463
12452
33121
39556
44231
44165
36256
23331
15972
25157
47751
45892
19525
22660
28864
37378
36036
19206
19008
25058
34562
583
45793
35970
37543
15686
29447
26752
11682
11363
15268
23782
46596
25476
39941
37862
17765
25542
12386
12199
23397
31394
38533
43142
39204
18755
18689
13156
19712
36069
20482
32263
28512
13376
23650
27203
385
43296
18722
9092
28644
46211
23430
14146
16038
25410
14630
132
29634
35200
44451
20262
43780
20064
11264
39424
13222
19844
11781
27687
16357
18854
42372
15235
25894
35365
24068
39842
41250
39875
36388
35783
39237
10791
35266
16896
18436
44550
44099
41063
10692
32450
35585
45122
29700
32483
35046
21285
25443
35013
23265
37697
24167
43076
12672
46530
38467
26279
47267
29667
11110
35332
38852
27588
18887
15653
28226
13024
33473
40293
44132
35398
14784
21571
16742
45760
28963
25795
21351
16258
36960
34375
32065
47652
38951
20295
14564
31042
29414
17798
34595
32582
37477
18469
28743
45991
22880
38214
13541
20130
37730
35299
34881
31680
39974
37664
24134
44000
32197
12353
25575
484
46244
28039
33253
38753
27302
33187
23111
43395
24992
32164
36355
15873
42240
27335
26785
44066
47168
16962
11143
16423
12166
14498
33286
44583
33088
44352
10021
13860
38566
17985
37763
19107
15521
45155
17413
42471
9191
37059
15334
27940
26499
46145
24640
46981
33891
26565
25223
36322
17248
45287
33220
23683
12551
22275
41030
18656
22242
42790
14432
47553
27104
24002
26048
18117
27456
18788
26598
35684
28611
38049
22055
43494
45441
15488
16995
29568
29249
46882
37411
19558
20581
26983
24772
451
20196
19877
11077
40194
36003
27973
36102
24035
38148
23364
46343
46563
13761
34023
21252
