14|KENYA|48|14|55036.08|0.09|48|15843|15843|290
8|INDIA|15|8|26388.2|0.05|15|15843|15843|290
22|RUSSIA|25|22|83418.89|0.06|25|15843|15843|290
8|INDIA|39|8|10504.13|0.1|39|15843|15843|290
4|EGYPT|38|4|67929.41|0.09|38|15843|15843|290
21|VIETNAM|68|21|3361.56|0.04|68|6082|6082|1109
18|CHINA|27|18|52977.15|0.09|27|6082|6082|1109
24|UNITED STATES|49|24|87163.68|0.03|49|6082|6082|1109
1|ARGENTINA|3|1|49123.14|0.04|3|5831|5831|1109
1|ARGENTINA|29|1|21905.24|0.07|29|36739|36739|191
18|CHINA|11|18|27518.61|0.05|11|28550|28550|191
8|INDIA|61|8|31546.06|0.02|61|28550|28550|191
14|KENYA|47|14|65862.42|0.05|47|28550|28550|191
17|PERU|57|17|33813.45|0.08|57|28550|28550|191
5|ETHIOPIA|78|5|41489.01|0.0|78|28550|28550|191
1|ARGENTINA|29|1|50804.25|0.02|29|28550|28550|191
23|UNITED KINGDOM|66|23|25843.16|0.02|66|37670|37670|290
9|INDONESIA|45|9|26596.26|0.09|45|18563|18563|290
4|EGYPT|67|4|33445.88|0.03|67|18563|18563|290
16|MOZAMBIQUE|31|16|1147.24|0.07|31|18563|18563|290
22|RUSSIA|40|22|7471.84|0.04|40|39201|39201|1109
22|RUSSIA|40|22|74082.9|0.03|40|39201|39201|1109
4|EGYPT|69|4|28737.66|0.08|69|39201|39201|1109
14|KENYA|47|14|26861.38|0.0|47|39201|39201|1109
21|VIETNAM|68|21|69774.5|0.02|68|39201|39201|1109
16|MOZAMBIQUE|56|16|20504.66|0.04|56|39201|39201|1109
19|ROMANIA|52|19|25076.55|0.05|52|39201|39201|1109
19|ROMANIA|17|19|32763.96|0.08|17|18566|18566|191
18|CHINA|41|18|9950.9|0.07|41|18566|18566|191
18|CHINA|41|18|63548.08|0.03|41|18566|18566|191
7|GERMANY|44|7|44497.95|0.01|44|47013|47013|191
23|UNITED KINGDOM|66|23|74429.0|0.07|66|23110|23110|290
14|KENYA|79|14|19695.42|0.01|79|23110|23110|290
