1|ARGENTINA|29|1|8532.36|0.0|29|3329|3329|28
16|MOZAMBIQUE|18|16|1877.97|0.04|18|3329|3329|28
16|MOZAMBIQUE|18|16|36183.6|0.09|18|3329|3329|28
1|ARGENTINA|71|1|65817.09|0.08|71|29095|29095|1007
4|EGYPT|67|4|72636.4|0.0|67|29095|29095|1007
22|RUSSIA|65|22|60990.78|0.07|65|29095|29095|1007
24|UNITED STATES|49|24|32855.96|0.02|49|29095|29095|1007
19|ROMANIA|52|19|49977.18|0.04|52|29095|29095|1007
9|INDONESIA|50|9|47114.69|0.07|50|32454|32454|1007
3|CANADA|20|3|40585.21|0.06|20|32454|32454|1007
24|UNITED STATES|64|24|15112.2|0.1|64|32454|32454|1007
22|RUSSIA|25|22|1447.54|0.02|25|31200|31200|1139
4|EGYPT|67|4|2164.36|0.0|67|31200|31200|1139
15|MOROCCO|4|15|54626.14|0.06|4|31200|31200|1139
8|INDIA|39|8|20601.98|0.08|39|31200|31200|1139
0|ALGERIA|28|0|28266.68|0.01|28|31200|31200|1139
8|INDIA|39|8|22135.68|0.09|39|31200|31200|1139
5|ETHIOPIA|2|5|25741.83|0.01|2|31200|31200|1139
14|KENYA|48|14|48162.04|0.01|48|34951|34951|28
12|JAPAN|54|12|40875.84|0.05|54|34951|34951|28
19|ROMANIA|17|19|59514.5|0.06|17|34951|34951|28
24|UNITED STATES|55|24|8093.55|0.05|55|40034|40034|28
7|GERMANY|77|7|44255.52|0.04|77|40034|40034|28
8|INDIA|12|8|29368.29|0.03|12|40034|40034|28
7|GERMANY|44|7|38053.14|0.09|44|4775|4775|1018
8|INDIA|60|8|1492.59|0.1|60|4775|4775|1018
17|PERU|59|17|41596.14|0.02|59|4775|4775|1018
5|ETHIOPIA|2|5|72108.66|0.07|2|4775|4775|1018
2|BRAZIL|21|2|33913.44|0.06|21|14724|14724|1117
23|UNITED KINGDOM|7|23|45819.84|0.05|7|27815|27815|28
14|KENYA|6|14|60048.4|0.06|6|27815|27815|28
15|MOROCCO|14|15|45073.14|0.07|14|27815|27815|28
12|JAPAN|43|12|18864.16|0.03|43|27815|27815|28
24|UNITED STATES|10|24|12365.12|0.04|10|27815|27815|28
16|MOZAMBIQUE|31|16|27732.24|0.0|31|27815|27815|28
24|UNITED STATES|49|24|1846.94|0.04|49|47109|47109|1117
24|UNITED STATES|64|24|77609.84|0.09|64|47109|47109|1117
7|GERMANY|53|7|65725.2|0.01|53|47109|47109|1117
24|UNITED STATES|64|24|54521.6|0.04|64|47109|47109|1117
19|ROMANIA|52|19|19131.21|0.09|52|47109|47109|1117
5|ETHIOPIA|63|5|45472.62|0.03|63|47109|47109|1117
9|INDONESIA|50|9|14331.48|0.02|50|11815|11815|1117
8|INDIA|15|8|33069.3|0.02|15|11815|11815|1117
15|MOROCCO|4|15|34252.96|0.02|4|11815|11815|1117
22|RUSSIA|16|22|38117.8|0.04|16|11815|11815|1117
4|EGYPT|38|4|46818.32|0.03|38|11815|11815|1117
7|GERMANY|44|7|11092.0|0.05|44|10759|10759|28
7|GERMANY|77|7|36517.0|0.01|77|10759|10759|28
21|VIETNAM|80|21|31586.56|0.1|80|15907|15907|1018
17|PERU|1|17|36283.44|0.0|1|15907|15907|1018
6|FRANCE|70|6|21759.56|0.09|70|15907|15907|1018
3|CANADA|13|3|45093.3|0.08|13|15907|15907|1018
3|CANADA|13|3|5890.28|0.01|13|15907|15907|1018
14|KENYA|76|14|64821.6|0.03|76|15907|15907|1018
18|CHINA|72|18|17420.48|0.01|72|43716|43716|1139
12|JAPAN|43|12|39017.76|0.01|43|43716|43716|1139
7|GERMANY|53|7|59920.32|0.0|53|43716|43716|1139
16|MOZAMBIQUE|30|16|5958.32|0.03|30|4100|4100|17
14|KENYA|47|14|42285.44|0.1|47|26183|26183|1007
23|UNITED KINGDOM|66|23|2715.0|0.05|66|40803|40803|1117
15|MOROCCO|14|15|18695.1|0.01|14|40803|40803|1117
3|CANADA|13|3|5906.28|0.06|13|40803|40803|1117
8|INDIA|12|8|8198.76|0.0|12|40803|40803|1117
21|VIETNAM|68|21|20770.68|0.08|68|3332|3332|1139
14|KENYA|47|14|31377.6|0.09|47|17057|17057|17
2|BRAZIL|21|2|20181.96|0.06|21|13890|13890|28
22|RUSSIA|16|22|4216.6|0.05|16|13890|13890|28
16|MOZAMBIQUE|31|16|12613.8|0.04|31|13890|13890|28
16|MOZAMBIQUE|30|16|4351.62|0.04|30|13890|13890|28
17|PERU|8|17|41624.4|0.01|8|19776|19776|17
24|UNITED STATES|55|24|31483.65|0.01|55|19776|19776|17
9|INDONESIA|50|9|13343.22|0.06|50|19776|19776|17
14|KENYA|79|14|21487.95|0.09|79|19776|19776|17
16|MOZAMBIQUE|18|16|24906.8|0.01|18|19776|19776|17
17|PERU|1|17|8381.03|0.09|1|38400|38400|28
16|MOZAMBIQUE|56|16|50313.55|0.04|56|38400|38400|28
24|UNITED STATES|19|24|12463.4|0.1|19|38400|38400|28
0|ALGERIA|28|0|53336.1|0.07|28|38400|38400|28
4|EGYPT|38|4|58373.79|0.05|38|38400|38400|28
16|MOZAMBIQUE|73|16|5295.75|0.06|73|16258|16258|1117
24|UNITED STATES|55|24|54969.91|0.04|55|16258|16258|1117
17|PERU|57|17|2110.3|0.08|57|16258|16258|1117
11|IRAQ|5|11|16048.68|0.09|5|28325|28325|1117
13|JORDAN|36|13|7814.4|0.07|36|28325|28325|1117
10|IRAN|34|10|39634.28|0.04|34|28325|28325|1117
18|CHINA|41|18|31173.9|0.07|41|28325|28325|1117
7|GERMANY|77|7|8505.28|0.05|77|35521|35521|1117
7|GERMANY|77|7|79508.7|0.02|77|35521|35521|1117
21|VIETNAM|68|21|71076.0|0.0|68|35521|35521|1117
14|KENYA|79|14|25041.06|0.06|79|35521|35521|1117
