45559.21|0.06|22117
4039.32|0.08|14978
16565.92|0.02|14912
5145.6|0.05|26726
59844.68|0.02|23459
68575.01|0.06|5381
40813.8|0.07|13218
18468.0|0.01|25637
76275.85|0.09|14406
13944.9|0.1|43204
84148.2|0.09|21314
23785.2|0.06|23745
54443.04|0.03|22469
25911.54|0.03|20225
52373.87|0.02|11843
29402.51|0.07|9473
81573.24|0.05|645
41568.24|0.04|23459
5801.25|0.04|38848
31097.87|0.08|46119
7207.8|0.1|31489
7237.7|0.01|8131
31458.75|0.07|24515
26813.04|0.07|21314
10476.13|0.1|23877
47981.07|0.09|20577
11386.43|0.07|38529
15361.39|0.0|40289
8649.24|0.01|12514
36288.75|0.08|5062
84360.78|0.1|10754
40639.86|0.03|10754
6401.85|0.1|14758
7384.16|0.05|20038
52838.62|0.04|33029
29462.35|0.08|44898
54377.75|0.04|32325
52044.9|0.0|27969
41228.85|0.0|10468
1486.58|0.1|15715
56896.2|0.04|34723
14979.25|0.02|40289
22320.48|0.06|21479
59095.45|0.07|645
1189.28|0.09|4391
14260.29|0.1|12613
8943.48|0.05|21479
55858.26|0.05|34855
45796.53|0.08|9088
5433.8|0.0|34657
19866.3|0.02|46119
14795.7|0.08|46119
27929.4|0.03|37924
1194.29|0.09|24801
6582.05|0.01|8263
5185.65|0.1|41312
13272.56|0.0|35328
47967.15|0.04|37957
1296.39|0.01|40289
17982.03|0.02|12129
1170.26|0.08|33986
19541.4|0.06|40003
43794.3|0.08|16518
20833.89|0.08|30884
12645.44|0.08|24647
57020.8|0.05|47846
38429.16|0.0|44359
55819.16|0.03|32578
52077.5|0.1|37319
3691.88|0.03|25923
30737.89|0.05|13735
49025.24|0.09|45987
8937.81|0.1|12228
17814.96|0.06|43204
19700.88|0.08|8065
72277.0|0.01|42566
66430.56|0.0|41543
79328.7|0.01|23844
37071.36|0.03|30499
45030.28|0.04|9286
35030.52|0.01|37825
41708.8|0.0|7680
29083.77|0.04|43138
68981.14|0.02|40289
32448.2|0.1|21952
26892.48|0.06|678
18628.16|0.03|40388
48227.07|0.0|44359
47378.66|0.05|41345
34201.44|0.03|22469
71355.84|0.08|678
54867.71|0.05|37924
61301.1|0.02|15748
28943.46|0.09|6371
11653.32|0.1|7174
9488.15|0.02|14912
44148.3|0.02|34822
5498.79|0.09|4193
63524.16|0.09|45668
61587.36|0.1|359
31449.84|0.04|40036
51144.99|0.08|41312
45451.56|0.0|19906
41144.24|0.08|14978
10851.8|0.0|26627
1120.21|0.0|13636
21953.4|0.06|31302
18596.76|0.08|5381
9250.2|0.01|9286
21299.04|0.03|5062
65013.08|0.04|35328
44431.88|0.1|24515
27990.9|0.03|9253
46810.83|0.07|8582
67175.52|0.05|40003
74103.49|0.08|37957
3321.52|0.0|26759
63383.32|0.01|43204
34791.75|0.04|16738
21515.22|0.1|32996
50520.21|0.08|10435
3561.84|0.07|24801
21118.86|0.08|35812
17614.21|0.05|26979
4775.25|0.03|17959
18268.36|0.05|47714
29728.64|0.06|20038
19821.3|0.1|42566
43931.52|0.05|23745
46012.47|0.04|30884
46183.17|0.02|22469
2220.42|0.0|14758
16658.24|0.06|678
60215.0|0.01|37605
28590.66|0.07|31302
66662.54|0.08|47813
63668.16|0.1|40036
39221.05|0.01|26627
38175.89|0.04|34976
23946.84|0.02|42115
52473.12|0.03|41378
11822.8|0.05|31489
5021.4|0.06|32996
34027.29|0.03|40135
16918.2|0.1|10149
4333.62|0.05|26726
916.01|0.09|24614
21165.32|0.04|25923
38249.28|0.06|11843
42103.22|0.06|26979
1218.31|0.05|36835
14484.73|0.03|16804
27385.96|0.03|30785
11034.1|0.02|20225
23028.66|0.03|20577
25828.08|0.04|14978
36419.78|0.03|12965
41997.6|0.09|21127
43958.97|0.0|23008
31450.68|0.01|8032
11573.65|0.04|31973
56844.9|0.07|23426
23845.2|0.0|865
26529.86|0.0|44898
40644.1|0.07|7042
29872.92|0.02|4193
60403.7|0.08|22469
28573.26|0.05|21314
27485.48|0.08|4292
38521.08|0.0|23844
53826.28|0.0|21127
38966.55|0.06|21600
23689.12|0.07|865
37630.95|0.03|11106
44783.68|0.04|6272
55919.15|0.07|31555
62887.05|0.07|4391
45950.4|0.09|6052
15955.16|0.02|34855
47925.43|0.02|26979
91296.0|0.07|15748
2062.26|0.0|43842
30062.12|0.01|41312
5664.24|0.07|4292
43292.7|0.03|30433
38640.84|0.07|21479
965.06|0.01|34437
12884.17|0.07|47846
34821.76|0.07|35108
78931.16|0.03|9253
67093.3|0.04|40102
13430.69|0.0|20225
61343.52|0.06|32611
6907.4|0.07|612
11370.24|0.1|10435
11027.88|0.1|5095
43747.5|0.02|42951
43440.0|0.05|42951
11112.1|0.07|19906
34369.1|0.0|44612
84830.3|0.09|14978
51156.0|0.09|42115
62141.94|0.05|37605
26236.56|0.09|35878
11135.97|0.04|30851
36163.5|0.04|42016
51757.86|0.09|33348
5349.72|0.05|10435
30789.99|0.1|41125
13286.4|0.02|47648
13406.22|0.02|37825
34548.72|0.07|22755
54343.75|0.03|38529
23052.89|0.03|47813
83538.5|0.04|46823
30254.43|0.07|38727
36188.5|0.0|31302
85530.24|0.04|5381
1388.48|0.1|15616
36481.9|0.08|44546
42550.64|0.04|15715
16330.38|0.02|39904
17659.85|0.09|6272
53008.0|0.01|4193
60665.5|0.06|36835
16436.68|0.06|10886
59262.4|0.0|42599
39242.0|0.07|20995
30496.13|0.1|42951
16913.93|0.02|36934
53297.64|0.07|45349
83738.5|0.0|47329
42446.4|0.0|13735
53648.76|0.0|43303
10923.68|0.06|37605
55946.67|0.06|36835
57898.62|0.06|38529
12813.6|0.06|33568
69351.79|0.02|36835
12506.78|0.02|9088
71128.03|0.06|24933
67818.41|0.08|42786
20337.48|0.06|34723
1188.28|0.02|22887
69625.92|0.03|24515
8883.72|0.08|44513
27689.1|0.03|41345
76142.22|0.05|10886
24385.76|0.01|20577
41851.35|0.04|30598
17767.44|0.03|37319
3252.54|0.07|20676
9032.66|0.0|42852
55489.8|0.1|10149
32963.84|0.06|21314
5410.9|0.04|38947
30945.6|0.04|22656
25368.0|0.06|32611
76472.34|0.06|7042
70971.36|0.07|44326
38688.18|0.03|44359
16631.46|0.06|12613
18037.24|0.07|32996
38505.6|0.06|8164
31359.58|0.04|359
52838.34|0.01|12800
14487.28|0.09|14758
27557.76|0.1|12800
62751.15|0.02|12965
9094.55|0.06|22117
22452.36|0.09|43523
51421.25|0.06|6371
20143.04|0.1|21479
43739.96|0.05|38529
17516.72|0.08|25703
21380.31|0.08|44711
23127.82|0.06|33249
71836.32|0.01|26407
68400.15|0.0|42500
6131.6|0.09|44678
46737.6|0.08|43204
63916.08|0.04|33568
45609.2|0.0|43303
32732.37|0.08|12800
18716.52|0.06|45668
32163.2|0.09|33029
20287.26|0.0|20962
68269.85|0.02|12228
20811.89|0.03|24867
64596.08|0.04|30433
64647.09|0.02|35845
31449.6|0.03|36615
31354.2|0.1|47813
13071.08|0.05|37319
26353.89|0.06|35812
16271.1|0.1|14758
2478.66|0.03|26627
56845.44|0.02|45734
9803.43|0.08|32611
41919.78|0.04|8164
54069.96|0.09|46119
29487.04|0.02|47329
5520.12|0.04|35812
51800.16|0.1|24515
17307.87|0.07|15616
27476.4|0.06|31874
46741.06|0.05|41895
79784.5|0.08|21633
2136.32|0.1|711
21790.92|0.09|17409
41044.8|0.04|30785
15304.66|0.02|10853
33048.36|0.09|30785
24866.64|0.07|24647
22727.88|0.09|26759
35719.43|0.07|8384
61291.78|0.1|16804
68571.67|0.0|42786
8154.0|0.05|30213
3985.26|0.09|14439
46706.04|0.0|43556
60737.93|0.08|20962
16757.88|0.09|43589
10694.52|0.1|24801
2786.98|0.05|33414
13687.74|0.09|678
16860.2|0.03|26407
60354.36|0.09|35779
55667.64|0.08|5095
49182.36|0.03|44645
45169.82|0.04|47329
43353.19|0.05|11777
15370.2|0.08|5062
22235.13|0.06|8384
44442.3|0.09|8450
42228.46|0.1|711
47219.48|0.0|23778
6511.08|0.04|45217
26796.32|0.04|38727
5363.64|0.1|17959
39796.38|0.05|20577
6835.38|0.01|33029
16902.2|0.09|13218
39904.86|0.01|35328
11793.69|0.06|47329
46447.5|0.1|612
12877.6|0.09|37957
54498.4|0.02|22887
42813.12|0.01|21314
34121.91|0.01|47714
22974.66|0.04|36835
68781.15|0.04|11843
26754.98|0.05|29927
20402.4|0.01|21985
17084.34|0.04|25923
92364.02|0.06|31522
44081.97|0.01|17607
3972.36|0.1|44513
14865.8|0.05|40454
81367.56|0.03|32743
54218.0|0.08|38727
24555.41|0.01|36736
46551.5|0.01|29927
46707.36|0.08|23778
8535.12|0.04|8065
67481.55|0.0|12129
25820.34|0.05|23778
23319.08|0.09|37924
5574.12|0.03|40036
49697.28|0.08|47879
9481.15|0.09|41312
72066.36|0.01|25824
42604.33|0.05|46119
46181.78|0.05|22755
44408.0|0.04|20676
45636.43|0.06|40135
39210.48|0.0|9187
26808.6|0.03|24933
14822.99|0.07|23877
32375.7|0.0|43974
32269.23|0.03|10886
70782.8|0.0|22755
66595.93|0.01|33953
53222.82|0.06|42214
45660.96|0.02|10886
65803.92|0.0|20038
26809.38|0.02|42115
13827.0|0.03|14406
72845.28|0.04|31522
47335.75|0.02|20676
52430.33|0.04|22887
2652.84|0.04|22722
64966.45|0.04|21633
8210.76|0.07|34822
21323.2|0.05|678
27465.26|0.02|46339
32597.1|0.05|33414
35390.88|0.03|8065
55206.48|0.03|10754
27940.83|0.1|38529
56588.73|0.1|46977
9433.26|0.03|20577
9754.48|0.01|43842
12878.04|0.07|26627
31458.75|0.1|7361
50955.94|0.1|39717
60754.68|0.08|44678
3369.56|0.05|20676
26157.6|0.1|24647
22120.94|0.0|31874
1062.16|0.01|45668
27629.12|0.07|31555
49193.34|0.04|20775
16685.76|0.04|20577
5220.7|0.08|26407
43475.94|0.05|4292
25664.08|0.02|17959
69650.39|0.1|45767
50781.39|0.08|45987
45548.16|0.02|45217
53472.6|0.06|41763
13526.64|0.06|14406
34404.72|0.04|23426
6336.9|0.01|38848
44207.1|0.1|21633
28303.31|0.08|32710
30660.49|0.02|40388
33485.58|0.08|34822
19460.64|0.0|25824
52848.8|0.06|41312
46030.16|0.08|44678
62502.65|0.03|12800
1602.7|0.08|612
12674.75|0.03|31489
31902.72|0.08|30114
13334.22|0.02|45635
8991.54|0.02|34976
52425.12|0.09|22117
11081.97|0.06|35713
58618.21|0.05|9187
4292.68|0.0|41345
47175.24|0.04|8263
17803.57|0.06|36934
31158.1|0.03|46823
40895.4|0.07|612
10937.79|0.07|6371
43197.82|0.04|45888
32459.75|0.05|23426
43532.58|0.0|8164
2202.4|0.1|24614
10771.52|0.01|37825
6727.2|0.07|46977
43255.52|0.03|41059
23560.05|0.0|34976
12823.8|0.02|21633
13225.3|0.04|46405
38691.51|0.0|26407
56318.72|0.04|32358
12783.7|0.02|36934
56312.27|0.02|21666
51823.08|0.04|898
31992.8|0.05|22117
27929.8|0.0|45415
62200.74|0.0|31269
42891.74|0.05|36769
26409.52|0.08|46823
11572.32|0.05|42016
9502.15|0.03|30598
31681.81|0.07|21985
34245.12|0.01|37319
4861.24|0.02|37638
40082.84|0.06|30598
47893.68|0.02|34437
73421.76|0.06|9990
14319.48|0.0|20225
6835.38|0.01|35878
70154.0|0.05|12646
33330.27|0.09|22755
4821.2|0.07|47813
21114.23|0.0|40003
14783.99|0.09|32611
11018.88|0.05|44678
33553.08|0.01|9473
40196.1|0.04|27969
39642.6|0.02|45349
77890.56|0.05|8582
47343.24|0.02|16518
42226.39|0.07|30785
68623.5|0.1|45987
30032.0|0.06|38947
64082.62|0.06|23877
6961.56|0.04|30499
55884.15|0.04|12613
34597.5|0.02|40036
28339.08|0.06|24933
63764.16|0.08|35878
15942.16|0.01|46339
89044.0|0.1|39937
72069.66|0.04|31489
85990.5|0.05|40003
49734.0|0.0|9187
32027.03|0.06|34657
7272.75|0.04|30598
74429.0|0.08|26407
7818.3|0.08|29927
43045.2|0.04|46977
21068.61|0.05|5381
18279.14|0.09|10688
38964.51|0.05|43204
43343.11|0.0|32325
35237.2|0.08|17409
5994.36|0.02|5062
28944.61|0.04|22722
25101.09|0.06|10886
25707.6|0.08|13537
26768.6|0.02|14406
51447.44|0.05|23745
44485.6|0.07|34305
19172.28|0.0|42951
2008.2|0.09|16738
3435.72|0.05|10534
46299.95|0.04|35108
21792.0|0.05|33920
41373.77|0.08|37957
57480.84|0.05|42786
71476.0|0.08|25824
30213.0|0.08|24647
27301.96|0.07|42599
63032.62|0.09|34624
9602.4|0.07|28519
20486.08|0.04|41543
44470.8|0.06|22755
10493.04|0.05|27969
24987.36|0.05|6272
14796.99|0.0|15715
2807.0|0.0|7174
20251.93|0.1|40421
26616.75|0.09|34976
