31264
28866
19428
45058
28646
33475
10276
37666
16832
32100
24257
39008
28932
18405
26215
23234
13378
24994
33893
34597
8192
33222
39745
25159
16997
12641
21540
47104
35334
27876
23168
29537
34212
44453
10661
31044
46950
41285
8291
11266
42660
27238
44772
36258
14401
33442
37952
24103
36742
11046
18306
38337
36225
32485
992
40163
23014
13796
32353
29856
13763
46565
10980
26853
24389
32034
33376
31495
34564
22662
35620
25027
41120
34432
14115
33123
46466
41890
33574
38656
20385
17635
30241
38117
22343
18724
40196
14016
35554
12355
36357
35367
36005
43012
43331
25797
20231
22178
38722
28228
11585
38755
46279
41153
27524
26754
12135
43078
15523
24356
20132
21089
18823
486
25830
25863
167
15105
12993
43463
29889
37413
15941
21760
23333
42022
21991
23586
43782
14852
16711
31110
13477
10210
39239
31297
39206
17217
36775
28899
21793
17349
13059
38788
42055
8071
40130
38502
45762
32320
45410
22596
21254
17316
22981
37446
453
14885
44640
33189
47841
33057
11299
15776
20165
15875
38403
37314
41472
11079
10342
25412
24037
6080
42880
13345
46752
12388
42242
39525
31462
23300
11332
17734
46983
17921
24004
27425
44288
10562
45795
20583
46246
22310
45223
35521
23553
23366
35488
14148
871
47940
13697
23751
24961
45377
29317
35268
44354
37732
13543
34663
31143
46631
37699
24323
44002
37831
12256
33860
18658
17569
26149
24576
15589
38689
45157
23520
43265
47588
34245
420
27557
30340
36995
41571
387
22112
45861
26402
14467
34498
13125
31363
39712
38018
15655
32452
101
46400
27843
17668
22497
21287
36610
11365
12036
14951
39778
39459
37985
47137
16898
32672
34278
40097
23267
42561
23652
46884
34784
46048
26886
46114
44101
47456
12773
28129
13664
27777
19747
20198
9094
37600
47973
14566
34850
47654
24224
26721
19329
36962
16579
29504
24675
39844
31682
10177
20770
19527
47489
321
18119
28547
17987
32870
26468
34146
22145
28514
14434
31781
12674
42275
43298
10595
14533
44387
16227
17767
25346
17888
14500
11651
40482
18757
27458
43650
42176
25445
34982
35873
40064
27139
26501
19846
43430
47874
8390
23685
15237
24455
12289
14049
25984
12102
15424
25632
27975
31077
43045
29218
28965
34531
37765
46433
43584
27205
13510
32001
21056
42341
30373
11233
30692
16546
30054
36676
41351
15842
14720
22211
26688
134
22695
36577
13862
20550
34179
35301
36324
