14182
1218
18340
37095
19330
19462
17251
39075
4419
17570
24071
29351
39394
18021
18274
15491
14050
28581
33190
14083
1504
29120
36193
18054
3968
19077
15040
27173
46181
29153
28130
27074
17031
6949
2912
38052
4705
26051
29571
28097
3616
29670
12290
1856
29186
17185
36160
29252
5728
28064
36391
47171
3429
1636
1988
1922
38690
2208
27591
1669
2406
5409
16294
25094
4837
15073
2626
3814
8929
21090
39680
25061
1537
26084
16261
39460
19044
26370
19495
47072
28262
4903
3847
17383
24390
24291
29472
19297
18560
38371
2659
2725
5607
5827
18087
28163
28295
19396
45092
2307
19011
13060
16481
5926
7719
4518
16195
15392
38085
1603
6916
39141
18692
28196
7906
5959
3649
12070
18241
2758
